41.279402, 46.123758, 51.703043, 60.356122, 69.393463, 
45.589656, 51.613383, 58.498327, 71.735932, 81.469177, 
46.675476, 52.654966, 60.885563, 71.072083, 78.019822, 
45.708828, 52.281848, 59.763439, 68.340384, 76.919107, 
46.097553, 52.854722, 61.009292, 70.203649, 80.196750, 
45.403099, 51.391517, 59.178843, 65.673773, 72.687872, 
45.507723, 50.893406, 59.452881, 64.217709, 73.641707, 
45.684101, 51.938986, 59.761567, 64.030411, 70.128355, 
45.556446, 52.288538, 61.024279, 72.104895, 72.531677, 
46.468126, 53.532907, 63.487521, 69.845948, 79.865066, 
46.016790, 53.547198, 62.011768, 67.383890, 75.685955, 
45.887889, 52.479009, 60.610883, 71.638771, 77.776228, 
45.040408, 50.426122, 56.897769, 60.564870, 72.290659, 
46.911756, 52.144331, 58.912860, 69.616830, 75.962990, 
46.675936, 51.931477, 55.862989, 65.325590, 71.496986, 
42.775486, 46.351139, 50.939373, 55.106219, 65.173346, 
44.316275, 47.865700, 54.849641, 60.273950, 66.111120, 
44.682230, 49.901108, 57.039378, 61.769469, 71.706555, 
45.512010, 51.070649, 55.060980, 64.522191, 73.193284, 
44.992788, 50.546750, 58.405611, 67.221055, 73.332941, 
45.045163, 48.876594, 57.027399, 63.186418, 69.121420, 
45.064870, 50.121778, 57.662446, 64.153803, 68.599741, 
44.772705, 50.438130, 57.720524, 63.096786, 77.736925, 
43.243559, 47.918698, 56.436487, 64.131571, 70.669671, 
43.647760, 49.519135, 55.613849, 60.363996, 72.543494, 
45.367696, 50.054145, 55.335707, 56.739435, 69.689823, 
44.476391, 49.941155, 54.184948, 62.982700, 71.459946, 
44.247302, 48.577511, 53.116185, 59.118730, 67.776228, 
44.619673, 49.489746, 53.408388, 63.261155, 71.916497, 
44.270330, 48.581406, 52.068146, 58.850223, 65.976013, 
41.613068, 44.899575, 49.784515, 57.137438, 67.111275, 
43.148166, 48.930540, 54.586872, 62.961802, 69.433756, 
44.902548, 49.660052, 55.326713, 59.549793, 69.319611, 
44.820137, 48.502898, 55.757542, 62.086748, 66.612566, 
44.675226, 47.107618, 55.522430, 63.233324, 66.893256, 
45.524005, 49.849765, 57.724423, 65.469417, 71.855471, 
44.893594, 50.548394, 56.032722, 55.686931, 64.121348, 
44.665513, 48.987147, 51.175339, 60.982775, 70.108045, 
43.461158, 48.826425, 54.314299, 60.328322, 68.825018, 
44.266299, 48.419003, 53.044279, 52.222865, 72.115605, 
44.331520, 48.994406, 55.208614, 61.781367, 67.799982, 
44.202147, 49.037265, 54.355413, 62.137105, 68.706025, 
44.520904, 48.719152, 55.009522, 62.829624, 66.351765, 
44.198542, 49.643816, 54.051460, 62.316413, 71.600507, 
44.153529, 48.670178, 52.701840, 61.063658, 65.620574, 
41.298061, 45.869194, 50.139226, 55.433587, 62.529317, 
42.797311, 47.630107, 50.276969, 59.542079, 66.694885, 
44.029928, 49.884525, 55.959091, 52.399525, 71.815258, 
44.513112, 49.799902, 56.076547, 57.422295, 72.737084, 
44.509519, 49.103429, 55.588010, 63.918541, 70.685071, 
44.083918, 50.241651, 56.247232, 64.097589, 72.083553, 
44.012201, 49.925066, 56.966358, 64.833571, 73.165884, 
43.896880, 48.369977, 54.006313, 60.662758, 73.506682, 
43.634490, 48.659665, 56.127025, 64.371787, 70.322641, 
44.310707, 48.671828, 55.997454, 64.859715, 75.448577, 
43.582995, 49.668894, 52.769249, 63.318771, 67.179562, 
44.079432, 48.672701, 55.461996, 64.121348, 68.890860, 
44.496698, 47.545313, 55.371417, 65.032550, 71.244103, 
45.195213, 49.873505, 58.010228, 59.635569, 74.687675, 
43.819915, 48.486965, 50.318527, 62.441743, 70.511179, 
42.870808, 48.303897, 54.490950, 61.722198, 68.505326, 
44.605857, 48.780411, 56.615285, 57.318377, 74.057157, 
43.875697, 47.439907, 55.933186, 57.755746, 68.840124, 
44.223350, 48.865671, 51.504805, 62.446369, 71.191778, 
44.451991, 49.575468, 56.107623, 63.308880, 70.906617, 
44.662331, 49.288741, 56.421432, 62.987941, 74.649071, 
44.159431, 49.174537, 53.724317, 57.764794, 66.935342, 
44.883299, 50.294277, 56.506948, 64.645229, 68.962901, 
45.351943, 50.299215, 55.161437, 63.102165, 71.377743, 
45.233209, 50.433031, 56.882316, 63.505205, 76.068279, 
45.390727, 50.083798, 58.226352, 67.560577, 66.245012, 
45.325882, 51.004142, 58.149092, 65.732562, 75.267594, 
45.188115, 50.417772, 54.652531, 62.304077, 71.896059, 
44.416419, 48.967937, 54.613474, 63.929925, 72.591089, 
43.796528, 47.914987, 50.689161, 51.864368, 68.794963, 
42.423805, 44.214144, 49.343787, 58.122928, 64.157234, 
43.622943, 48.879647, 52.718194, 61.248492, 69.665355, 
43.768196, 48.200504, 53.840955, 57.899972, 67.969998, 
44.650147, 48.890349, 55.240425, 59.252538, 67.575630, 
44.149074, 49.011163, 55.783415, 61.272270, 70.570877, 
44.098875, 48.337552, 53.717954, 63.407377, 68.044950, 
44.487171, 49.153722, 56.047016, 62.865159, 70.963816, 
44.077326, 49.125512, 56.320309, 62.530497, 66.984416, 
45.250213, 48.998328, 56.974885, 64.641391, 74.298494, 
44.063836, 48.879443, 56.629512, 62.727197, 70.533470, 
43.713351, 48.844464, 56.009529, 64.148663, 64.756069, 
43.700465, 48.846938, 54.964241, 63.542280, 68.585447, 
43.605121, 49.301119, 56.231159, 60.946577, 72.104895, 
45.109978, 47.383566, 56.645002, 63.439257, 67.609693, 
43.230399, 46.753513, 51.736620, 59.145164, 63.401605, 
40.637445, 44.151523, 50.342841, 54.695243, 65.916431, 
43.466702, 47.170932, 55.573007, 60.466205, 65.737497, 
43.655473, 49.440585, 51.399876, 60.596499, 69.610802, 
44.183411, 48.469562, 54.323561, 57.553820, 67.709623, 
43.695911, 48.640305, 55.690349, 60.358984, 66.242238, 
44.026879, 48.782501, 55.131485, 53.702010, 65.283133, 
43.410222, 48.378178, 54.381533, 61.343496, 70.578397, 
44.098164, 49.190200, 52.755932, 64.117946, 70.379786, 
44.294915, 47.729693, 55.926218, 64.997012, 66.531779, 
43.936264, 48.955591, 53.836968, 61.749710, 70.437693, 
44.172549, 49.041437, 56.426927, 63.894247, 72.663473, 
44.340191, 48.925753, 55.985413, 61.289081, 76.343241, 
43.872032, 48.117373, 53.813759, 57.637901, 69.653173, 
43.435317, 47.168117, 54.686706, 58.266388, 67.463980, 
44.017265, 47.571862, 53.751426, 63.620425, 68.926731, 
41.842924, 44.922292, 49.781068, 56.858919, 60.376911, 
43.523940, 47.656336, 53.140692, 59.235930, 69.807963, 
43.449698, 47.201538, 50.236430, 60.529002, 52.807938, 
44.483174, 49.288517, 55.816980, 63.141371, 65.906152, 
44.240405, 48.428582, 56.267548, 57.653226, 71.226591, 
44.355556, 48.957559, 53.210084, 60.559621, 65.705518, 
43.557274, 48.785787, 54.523498, 51.643674, 71.423219, 
44.305555, 49.228753, 56.251121, 64.334092, 67.843871, 
44.241315, 48.778371, 55.272250, 61.798280, 67.057408, 
45.078658, 50.334935, 56.442581, 64.791667, 74.535275, 
44.772863, 50.870482, 58.203204, 67.084258, 66.688734, 
45.008207, 49.993334, 57.340462, 64.827560, 69.550981, 
44.635084, 49.938361, 56.256404, 64.873858, 72.591089, 
43.430249, 47.331472, 55.066689, 61.005969, 67.248939, 
43.633394, 47.051123, 50.150397, 58.172385, 66.670331, 
42.898470, 47.405623, 53.269679, 60.886370, 69.445337, 
44.242312, 49.156379, 53.193009, 63.818994, 68.830047, 
43.889743, 48.281663, 55.284690, 62.318660, 67.431038, 
44.184603, 48.953001, 54.648110, 64.428037, 71.030122, 
43.834642, 48.809413, 53.100416, 61.760566, 62.139261, 
44.695728, 48.571058, 53.749707, 52.498641, 67.449308, 
43.646372, 48.753529, 55.084284, 62.008628, 72.519891, 
43.846510, 47.720134, 55.010148, 63.689204, 66.670331, 
45.092640, 50.091529, 56.332185, 63.850857, 73.347157, 
44.186986, 49.658894, 56.631635, 63.075332, 69.219385, 
45.007935, 49.557105, 56.372862, 61.858502, 68.681641, 
43.875231, 48.793465, 54.734066, 63.957696, 67.027399, 
44.476207, 49.439137, 55.149776, 63.020837, 71.978392, 
44.388875, 48.752194, 55.513980, 61.040993, 72.415237, 
43.702613, 48.429087, 52.451464, 58.187550, 58.744341, 
41.059864, 44.195339, 49.478572, 57.531372, 62.386609, 
43.048597, 47.372111, 53.428508, 62.307438, 67.319443, 
44.504925, 48.393533, 55.493158, 63.993902, 70.027742, 
44.389491, 49.678306, 55.310571, 51.592229, 72.496416, 
43.756054, 48.753034, 50.490403, 60.920439, 67.969998, 
44.503475, 49.861236, 56.443162, 62.781857, 67.788089, 
44.466191, 47.382123, 56.383736, 61.820264, 74.007142, 
43.761737, 49.167080, 55.388926, 61.669627, 72.301838, 
43.729306, 48.820697, 54.799419, 64.972100, 72.438277, 
44.091415, 49.359619, 56.123785, 59.166318, 71.368704, 
43.573204, 49.440643, 56.320874, 64.472091, 70.631407, 
44.398914, 49.483542, 55.100884, 63.102165, 71.297067, 
44.970734, 49.951697, 57.402688, 59.960633, 75.334582, 
44.390179, 49.084605, 54.559303, 61.207409, 66.078950, 
42.849704, 46.852850, 52.819398, 59.075915, 65.186374, 
41.355731, 45.886637, 50.143174, 54.478553, 66.041717, 
42.712494, 45.932592, 52.870515, 60.255045, 66.429243, 
43.825030, 48.127292, 53.760187, 61.946303, 70.444985, 
43.755257, 47.815850, 55.169661, 60.981123, 69.427977, 
43.679279, 48.817284, 54.369264, 63.375729, 67.823866, 
43.962649, 48.511634, 55.107713, 59.427977, 67.721303, 
43.592477, 48.365679, 55.105365, 61.744785, 67.111275, 
43.896218, 48.854928, 50.457119, 62.320908, 70.196750, 
43.846654, 49.036157, 50.262737, 63.884567, 68.906197, 
44.316453, 49.256866, 55.485230, 62.399182, 70.747225, 
43.897689, 49.058695, 53.101358, 63.154972, 67.556822, 
43.865032, 49.767434, 56.624966, 61.165850, 69.521377, 
44.862116, 49.479040, 53.898448, 63.962616, 67.034050, 
44.253385, 49.859258, 55.983061, 62.748234, 70.114805, 
43.447570, 47.458289, 53.412722, 59.988798, 67.398343, 
41.526810, 45.967778, 46.701970, 58.653524, 62.277282, 
43.901084, 47.183039, 53.322026, 61.076301, 68.566462, 
44.032045, 49.987615, 57.543329, 56.551984, 67.337249, 
43.909877, 48.553788, 53.560638, 58.780510, 62.889439, 
43.566654, 48.891676, 55.470810, 61.277572, 72.137105, 
44.307366, 49.132250, 54.919019, 63.597738, 69.235930, 
44.243485, 48.080079, 55.403534, 64.023750, 69.988141, 
42.110632, 48.413193, 55.073252, 64.023750, 57.099434, 
44.434031, 48.863896, 55.884389, 64.307366, 64.298494, 
44.770254, 49.718564, 55.186374, 65.664052, 68.024000, 
44.328145, 49.540241, 56.075479, 60.826190, 75.093853, 
44.874060, 49.005186, 56.995287, 64.052130, 71.496986, 
43.763335, 49.226492, 55.215614, 60.898507, 65.104511, 
43.771900, 49.019461, 55.119690, 62.696444, 67.892260, 
43.616090, 47.573897, 54.100975, 60.421691, 71.404971, 
41.934870, 46.817912, 52.187725, 54.581382, 62.748234, 
42.458177, 47.546212, 54.884597, 62.053851, 65.478712, 
44.533965, 49.680509, 48.889584, 62.317537, 64.107755, 
44.846643, 48.817434, 55.243289, 62.916434, 70.074405, 
44.039369, 48.940646, 55.726400, 59.443598, 75.402619, 
43.996480, 49.291482, 56.324547, 64.079011, 66.704129, 
43.665574, 48.122971, 55.216052, 63.447992, 66.741301, 
44.016518, 48.827733, 53.984987, 61.289081, 63.491935, 
43.918915, 48.405474, 53.285514, 56.812501, 67.362301, 
44.226156, 49.571765, 56.657801, 63.114295, 74.805590, 
44.237853, 48.249669, 55.566594, 64.357389, 66.967996, 
44.806248, 49.898404, 50.427212, 64.520325, 69.015100, 
43.513778, 48.589350, 54.406358, 62.142496, 67.888207, 
43.906329, 49.757890, 56.223972, 61.408615, 68.671925, 
44.205651, 46.389441, 50.815923, 59.201259, 58.687480, 
42.713060, 45.881146, 51.634833, 54.850245, 60.370448, 
43.440348, 48.464100, 55.837144, 60.741751, 69.057316, 
44.470928, 49.004557, 53.877644, 60.746443, 75.637430, 
44.420063, 50.096309, 55.648301, 62.776859, 72.712408, 
44.371463, 48.836040, 56.286278, 63.411710, 69.695961, 
43.402514, 48.946328, 54.958666, 63.134586, 70.365429, 
44.279145, 48.811868, 55.087471, 64.186502, 65.620574, 
43.611578, 48.881123, 55.062037, 59.517838, 70.858182, 
43.725467, 49.125943, 55.667452, 61.775414, 69.041437, 
42.981234, 47.702825, 53.960155, 57.521308, 65.978622, 
43.435841, 46.365295, 53.541089, 60.995185, 71.978392, 
44.204367, 49.040486, 54.341426, 62.219788, 64.501710, 
44.383178, 50.005983, 57.033052, 62.387750, 73.860462, 
43.633927, 49.102839, 55.517264, 60.153536, 68.185814, 
43.297491, 48.445084, 53.482083, 60.263437, 65.318859, 
41.736129, 45.387286, 49.088502, 55.440268, 61.873688, 
42.528503, 47.470930, 54.280804, 59.083911, 68.633278, 
43.311365, 49.238196, 54.417093, 62.434813, 66.987707, 
43.273625, 48.573524, 54.359725, 63.594723, 70.578397, 
43.731312, 48.967988, 54.548211, 61.172749, 74.629897, 
43.673012, 49.536391, 56.526446, 57.557572, 66.286838, 
43.614591, 48.714691, 54.426941, 62.167384, 72.126341, 
43.206774, 48.544212, 53.717489, 61.489553, 67.590736, 
43.042805, 48.143847, 53.870891, 61.170160, 69.533195, 
43.464653, 47.823028, 50.690552, 57.445282, 72.737084, 
43.824744, 46.848448, 54.434616, 61.872674, 64.906359, 
43.598402, 48.392214, 53.366136, 59.379163, 65.216928, 
43.140732, 47.875667, 53.997704, 60.959705, 67.373082, 
43.285191, 48.218651, 54.370525, 60.808694, 73.304648, 
42.464459, 47.172375, 52.731025, 57.638284, 65.269811, 
41.194154, 44.850828, 51.077230, 51.186060, 63.518515, 
43.644420, 48.466877, 49.915299, 60.091193, 70.203649, 
43.234323, 48.991167, 52.945155, 57.482759, 67.266458, 
42.631475, 47.588883, 55.131055, 59.118730, 68.809964, 
43.402355, 49.014260, 53.716869, 52.480642, 62.124192, 
43.756164, 48.491758, 50.622653, 60.133787, 69.094595, 
43.297913, 47.913642, 53.749551, 60.146716, 65.175514, 
43.097122, 47.743895, 54.685155, 58.732024, 67.217582, 
43.676329, 47.148153, 49.884333, 60.733943, 70.423143, 
43.055276, 47.787258, 55.133418, 62.874089, 72.438277, 
43.140447, 47.841625, 53.525631, 61.593845, 72.799394, 
43.193229, 47.788564, 53.676590, 55.501335, 70.639032, 
43.541238, 48.519077, 53.135942, 62.335548, 67.074170, 
45.351108, 49.876065, 54.345904, 57.992348, 72.268388, 
44.502249, 49.436938, 54.885612, 55.158195, 70.731603, 
42.658950, 46.730550, 51.999431, 54.618242, 67.463980, 
43.801648, 48.863541, 54.809178, 61.261686, 62.894568, 
43.983849, 48.784343, 55.765735, 63.294789, 71.543735, 
43.826779, 49.069370, 55.425997, 63.075332, 66.295252, 
44.017099, 49.627701, 54.637939, 62.998440, 68.172818, 
43.127338, 47.176259, 52.724975, 59.166318, 64.196880, 
43.982975, 48.614130, 53.513334, 57.658602, 66.807128, 
44.502509, 48.634432, 56.060825, 61.660926, 66.411905, 
44.642005, 50.094019, 57.823467, 60.993528, 67.863968, 
44.389635, 49.227815, 55.993786, 60.867826, 69.877858, 
43.687880, 47.611175, 53.463614, 61.571082, 65.411772, 
43.965045, 49.014207, 54.589904, 59.350136, 67.145284, 
43.397628, 48.485106, 54.170294, 61.172749, 62.371796, 
44.244955, 47.563471, 54.444138, 58.821501, 69.462767, 
44.006529, 48.811968, 53.652539, 59.664135, 71.658030, 
42.152499, 45.953431, 48.581881, 57.655529, 62.779357, 
43.705720, 48.611210, 53.105801, 57.788089, 66.484605, 
44.004474, 49.105680, 52.302621, 61.262567, 68.566462, 
43.390546, 50.198956, 55.242628, 60.505994, 74.726625, 
44.353384, 50.004993, 55.603782, 59.006706, 66.880388, 
43.890647, 49.706416, 55.144388, 60.548394, 68.435837, 
44.328252, 49.719058, 52.967278, 61.259044, 64.676058, 
44.313125, 48.280998, 55.432436, 62.152218, 70.503774, 
44.535949, 49.245278, 56.235864, 67.014128, 74.442672, 
44.543313, 49.530769, 56.421143, 62.441743, 69.116042, 
44.250597, 49.770495, 53.641859, 64.055481, 71.350684, 
44.997449, 50.060353, 57.212378, 62.730902, 77.434686, 
44.342841, 48.881581, 50.570802, 59.751601, 72.403763, 
43.552897, 47.980620, 53.415325, 59.314545, 64.910439, 
43.882988, 48.174289, 47.412807, 57.097408, 68.720722, 
42.387430, 45.684955, 50.995931, 57.291457, 61.092369, 
43.753724, 47.341998, 52.101794, 50.552881, 66.326243, 
44.489505, 48.827280, 53.406222, 59.743520, 68.112677, 
44.334021, 49.495550, 52.812971, 50.065835, 66.461208, 
44.627181, 49.271604, 55.756054, 63.362848, 70.308471, 
44.644519, 48.730155, 56.740679, 63.528896, 70.882332, 
43.811413, 49.247050, 56.250843, 66.198090, 71.131518, 
44.276640, 48.989862, 54.849641, 57.922780, 66.597492, 
44.608864, 50.196819, 56.703820, 51.011371, 67.647856, 
44.452358, 49.933428, 56.671862, 63.690745, 73.347157, 
43.742574, 49.074744, 55.389838, 63.197409, 66.725774, 
44.580247, 49.663160, 56.080553, 59.386021, 74.947331, 
44.480974, 49.433293, 55.420714, 64.407994, 71.487697, 
44.096556, 49.584499, 56.005325, 62.537582, 72.137105, 
43.938303, 48.219875, 54.358826, 55.583003, 69.616830, 
41.820515, 44.792343, 50.048878, 54.891703, 57.817484, 
42.928857, 47.172444, 52.568178, 58.330504, 61.964906, 
44.642657, 48.085714, 54.539396, 61.437873, 68.509998, 
44.553735, 49.748056, 56.946417, 62.575563, 66.289641, 
44.296633, 47.707680, 54.819558, 64.200344, 71.088981, 
43.972257, 48.995190, 56.167997, 62.661041, 68.701138, 
43.562882, 50.064029, 55.653868, 63.283549, 70.882332, 
44.599241, 49.547596, 55.506716, 60.809488, 70.315550, 
43.959860, 49.477462, 55.082585, 63.717024, 65.944824, 
44.921126, 50.503404, 56.081621, 60.903371, 64.344829, 
44.494360, 48.102025, 56.371719, 63.608311, 69.739175, 
43.723277, 48.225214, 53.660031, 63.090070, 68.890860, 
44.605457, 49.395354, 54.248616, 61.408615, 69.083911, 
43.980256, 48.396128, 54.878515, 62.603069, 66.502235, 
42.679463, 45.449547, 51.692524, 60.521567, 67.030723, 
