0.003522, 0.008947, 0.028093, 0.041844, 0.058771, 0.074781, 0.084754, 0.083481, 26.789034
0.001559, 0.006727, 0.025835, 0.038934, 0.056256, 0.073479, 0.082051, 0.087674, 28.418727
0.002880, 0.010407, 0.032029, 0.038342, 0.057854, 0.073203, 0.083531, 0.084497, 26.875795
0.002969, 0.009292, 0.030382, 0.040434, 0.058249, 0.073726, 0.083462, 0.085977, 26.924623
0.003305, 0.009588, 0.030392, 0.039299, 0.055052, 0.071901, 0.085918, 0.086559, 26.763317
0.003028, 0.010466, 0.030678, 0.041775, 0.056808, 0.074485, 0.083600, 0.082396, 26.789754
0.002861, 0.008819, 0.029780, 0.038056, 0.056236, 0.073449, 0.083679, 0.086056, 27.157671
0.002703, 0.010555, 0.030372, 0.039349, 0.057578, 0.075126, 0.084507, 0.085849, 26.944721
0.002999, 0.010200, 0.030007, 0.040562, 0.055575, 0.073489, 0.085602, 0.082968, 26.818353
0.002949, 0.009854, 0.029711, 0.041558, 0.056068, 0.072956, 0.084813, 0.085168, 26.967893
0.002219, 0.009558, 0.028370, 0.040611, 0.055516, 0.072502, 0.082811, 0.083037, 27.424222
0.002979, 0.009637, 0.027314, 0.041282, 0.056946, 0.075619, 0.082880, 0.085681, 27.026969
0.002565, 0.009006, 0.027551, 0.041489, 0.056374, 0.075738, 0.086460, 0.086825, 27.363722
0.001933, 0.006353, 0.026801, 0.040148, 0.057015, 0.073765, 0.085237, 0.084626, 28.234193
0.001805, 0.006925, 0.024049, 0.039506, 0.055792, 0.072266, 0.085395, 0.083836, 28.359682
0.001766, 0.005169, 0.023349, 0.039220, 0.054668, 0.072621, 0.083550, 0.084113, 28.689784
0.001588, 0.006402, 0.024483, 0.039329, 0.055634, 0.071526, 0.083383, 0.084014, 28.575220
0.001776, 0.006481, 0.024296, 0.040148, 0.056197, 0.075225, 0.086628, 0.083294, 28.367472
0.001795, 0.005623, 0.022451, 0.038283, 0.057232, 0.072483, 0.085997, 0.082692, 28.702076
0.001973, 0.006422, 0.022579, 0.038431, 0.055348, 0.074367, 0.084310, 0.087713, 28.360373
0.002062, 0.006994, 0.024493, 0.040157, 0.054816, 0.073499, 0.085849, 0.084339, 28.175228
0.002397, 0.007724, 0.025045, 0.040947, 0.055753, 0.075610, 0.083550, 0.085898, 27.680500
0.001746, 0.005041, 0.022135, 0.035511, 0.052823, 0.073676, 0.081084, 0.085296, 28.878403
0.000898, 0.002782, 0.013376, 0.027176, 0.047644, 0.072335, 0.085069, 0.081558, 31.112931
0.000513, 0.001835, 0.009697, 0.022421, 0.042821, 0.070332, 0.081676, 0.085691, 32.631515
0.000740, 0.001687, 0.009775, 0.021869, 0.045218, 0.072246, 0.082949, 0.085918, 32.298568
0.000572, 0.001598, 0.009026, 0.023625, 0.046964, 0.073065, 0.084063, 0.087871, 32.670149
0.000631, 0.001509, 0.007645, 0.017184, 0.039940, 0.069346, 0.086095, 0.083077, 33.066249
0.000483, 0.001292, 0.008030, 0.016957, 0.038155, 0.066830, 0.081124, 0.084438, 33.464802
0.000523, 0.001568, 0.007497, 0.020261, 0.041104, 0.070253, 0.085306, 0.083728, 33.127357
0.000592, 0.002150, 0.010861, 0.030589, 0.050199, 0.073617, 0.085208, 0.083432, 31.939100
0.000799, 0.003028, 0.015556, 0.036932, 0.053139, 0.072966, 0.084547, 0.084862, 30.744469
0.000908, 0.003837, 0.020084, 0.037514, 0.052991, 0.074436, 0.084734, 0.084685, 30.012365
0.001164, 0.004833, 0.022885, 0.039940, 0.053297, 0.075955, 0.083787, 0.085069, 29.317649
0.001776, 0.006284, 0.026061, 0.040217, 0.059738, 0.075314, 0.085582, 0.084211, 28.339914
0.002466, 0.007803, 0.028449, 0.045790, 0.057765, 0.077129, 0.084961, 0.086046, 27.482538
0.002387, 0.009213, 0.028488, 0.046490, 0.058900, 0.075639, 0.081893, 0.084971, 27.304315
0.002466, 0.009302, 0.030273, 0.045336, 0.056581, 0.075669, 0.084823, 0.085326, 27.226120
0.002101, 0.009075, 0.032621, 0.045336, 0.059985, 0.075994, 0.084704, 0.083432, 27.375028
0.002515, 0.008138, 0.030461, 0.046421, 0.058377, 0.075215, 0.086174, 0.083156, 27.338593
0.002792, 0.009124, 0.032167, 0.044665, 0.059521, 0.076576, 0.080926, 0.083639, 27.054884
0.001904, 0.007625, 0.029435, 0.042574, 0.058239, 0.073952, 0.084132, 0.085760, 27.870986
0.002180, 0.007023, 0.025992, 0.042880, 0.058840, 0.075264, 0.085227, 0.083866, 27.955518
0.001075, 0.003985, 0.017992, 0.036725, 0.057459, 0.073735, 0.085691, 0.084339, 29.947492
0.001243, 0.003443, 0.017529, 0.033341, 0.055496, 0.075008, 0.084142, 0.086835, 30.012181
0.001342, 0.003364, 0.016473, 0.036024, 0.053869, 0.073469, 0.083866, 0.086135, 30.016384
0.000957, 0.003196, 0.015645, 0.034407, 0.055753, 0.076152, 0.085178, 0.087614, 30.518895
0.001667, 0.005090, 0.022737, 0.040818, 0.056522, 0.075541, 0.086036, 0.085434, 28.822842
0.001233, 0.003867, 0.017904, 0.034525, 0.055269, 0.076024, 0.084053, 0.082238, 29.815760
0.001460, 0.003906, 0.016148, 0.031832, 0.055437, 0.074939, 0.083077, 0.084823, 29.781640
0.001667, 0.004015, 0.017716, 0.036764, 0.055181, 0.072690, 0.083057, 0.086717, 29.396877
0.000927, 0.002959, 0.014205, 0.028567, 0.050860, 0.074002, 0.082663, 0.085642, 30.874488
0.001046, 0.003245, 0.014461, 0.030027, 0.052942, 0.072009, 0.084833, 0.084754, 30.522774
0.001845, 0.005445, 0.023201, 0.037573, 0.054914, 0.076399, 0.085750, 0.084113, 28.639849
0.001657, 0.005031, 0.019097, 0.038076, 0.053583, 0.072650, 0.085523, 0.083363, 29.108006
0.001154, 0.003038, 0.014293, 0.032345, 0.052626, 0.075541, 0.084902, 0.085336, 30.473567
0.000799, 0.002811, 0.012163, 0.030737, 0.050101, 0.072788, 0.084113, 0.084261, 31.232256
0.000779, 0.002348, 0.012656, 0.027926, 0.052300, 0.071812, 0.084349, 0.083195, 31.460523
0.000848, 0.003255, 0.016335, 0.033420, 0.053287, 0.074732, 0.084478, 0.082524, 30.615367
0.001519, 0.005356, 0.021622, 0.035038, 0.053316, 0.077267, 0.086194, 0.083728, 29.087374
0.001480, 0.007862, 0.023812, 0.038767, 0.054283, 0.075432, 0.084557, 0.082465, 28.395387
0.001697, 0.006540, 0.023142, 0.039743, 0.057361, 0.075679, 0.084251, 0.085069, 28.503876
0.001450, 0.006362, 0.022510, 0.038017, 0.055457, 0.073933, 0.083047, 0.083501, 28.821474
0.001864, 0.006185, 0.026091, 0.039753, 0.056601, 0.072601, 0.083225, 0.084172, 28.318009
0.001697, 0.006254, 0.025144, 0.039714, 0.057627, 0.075679, 0.086105, 0.084714, 28.412182
0.001203, 0.005978, 0.024039, 0.038333, 0.058604, 0.075619, 0.082653, 0.085711, 28.974160
0.001697, 0.005761, 0.023398, 0.039862, 0.055911, 0.074564, 0.083540, 0.084912, 28.687254
0.001953, 0.006560, 0.024671, 0.041982, 0.057893, 0.075018, 0.083984, 0.082939, 28.209064
0.002298, 0.006678, 0.027640, 0.041884, 0.055043, 0.074929, 0.084201, 0.086125, 27.856806
0.002456, 0.007852, 0.025627, 0.042367, 0.059768, 0.072374, 0.086302, 0.085947, 27.681945
0.001973, 0.006313, 0.022717, 0.038855, 0.057213, 0.077296, 0.083521, 0.080956, 28.380477
0.001292, 0.004330, 0.019551, 0.039230, 0.057163, 0.072986, 0.084774, 0.085622, 29.510474
0.001697, 0.005859, 0.022372, 0.039497, 0.057499, 0.074692, 0.084053, 0.085474, 28.648264
0.001499, 0.005938, 0.023428, 0.040256, 0.058673, 0.073765, 0.084774, 0.081351, 28.741130
0.002150, 0.007132, 0.025361, 0.038619, 0.058900, 0.073814, 0.085938, 0.085908, 28.014172
0.002160, 0.007428, 0.025292, 0.040779, 0.057627, 0.073785, 0.085868, 0.085730, 27.917301
0.002298, 0.007684, 0.027344, 0.039635, 0.056986, 0.073479, 0.084645, 0.083215, 27.765928
0.001874, 0.007497, 0.024720, 0.041016, 0.056522, 0.073509, 0.082801, 0.086441, 28.118709
0.001766, 0.006964, 0.025746, 0.038688, 0.060044, 0.071940, 0.085582, 0.085257, 28.263166
0.001697, 0.006599, 0.024483, 0.038895, 0.057696, 0.076409, 0.085129, 0.083037, 28.447718
0.001933, 0.006510, 0.024059, 0.040424, 0.056720, 0.075176, 0.085178, 0.084774, 28.291198
0.001924, 0.006520, 0.023467, 0.038451, 0.058604, 0.072907, 0.082771, 0.085217, 28.348827
0.001618, 0.005702, 0.023546, 0.040365, 0.058308, 0.072423, 0.084961, 0.084093, 28.722265
0.001381, 0.006777, 0.025203, 0.040029, 0.057765, 0.074968, 0.083373, 0.086687, 28.593976
0.001766, 0.007349, 0.025400, 0.043916, 0.059117, 0.074860, 0.086875, 0.082702, 28.173098
0.002506, 0.006875, 0.028261, 0.042771, 0.059048, 0.077799, 0.082406, 0.083965, 27.679036
0.002999, 0.010792, 0.032542, 0.046865, 0.058732, 0.074998, 0.084063, 0.084113, 26.650470
0.004104, 0.014589, 0.034781, 0.049094, 0.061691, 0.075442, 0.084428, 0.085622, 25.674039
0.003817, 0.014116, 0.035452, 0.048355, 0.066140, 0.073509, 0.081518, 0.085868, 25.792684
0.003887, 0.016079, 0.036241, 0.048690, 0.065380, 0.077346, 0.085563, 0.084468, 25.578770
===========END============
=========================================
=              Memory Manager           =
=========================================
* Block size            : 32440320 Bytes
* Number of blocks      : 6
* Free mem in last block: 14096020
* Total mem alloced     : 180545900 Bytes

* Recycle list          : 
[  0(0)] = 1         [  1(50689)] = 2         [  3(3)] = 2         [  4(202756)] = 3         
[  6(6)] = 1         [  8(8)] = 1         [  8(709576)] = 1         [  8(205064)] = 5         
[  8(1622024)] = 13        [ 16(16)] = 7         [ 18(912402)] = 1         [ 21(21)] = 3         
[ 27(912411)] = 1         [ 32(25632)] = 5         [ 32(203040)] = 1         [ 34(16674)] = 1         
[ 34(100386)] = 2         [ 34(3170)] = 2         [ 40(1622056)] = 2         [ 52(3244148)] = 1         
[ 59(1621947)] = 2         [ 62(1382526)] = 1         
* Recycled Memory       : 51338308 Bytes
* Inused Memory         : 129207592 Bytes
0.000631, 0.003285, 0.010713, 0.017835, 0.026446, 0.037484, 0.042880, 0.043847, 31.973639
0.000473, 0.002456, 0.010377, 0.017036, 0.025262, 0.037021, 0.043758, 0.042919, 32.681413
0.000700, 0.003877, 0.013267, 0.018121, 0.025460, 0.034111, 0.043275, 0.043965, 31.369072
0.001075, 0.003038, 0.012883, 0.017677, 0.027285, 0.033114, 0.043186, 0.041696, 31.123282
0.000878, 0.003995, 0.013524, 0.017716, 0.026229, 0.038076, 0.042614, 0.045652, 31.018561
0.000858, 0.004025, 0.013475, 0.017667, 0.025016, 0.034959, 0.041262, 0.043058, 31.032015
0.001263, 0.004192, 0.012390, 0.018782, 0.024375, 0.036991, 0.043857, 0.042831, 30.579233
0.001075, 0.004192, 0.013613, 0.017953, 0.025726, 0.034979, 0.042377, 0.044961, 30.751232
0.001026, 0.004251, 0.013524, 0.019847, 0.026269, 0.038352, 0.041903, 0.042781, 30.726322
0.000957, 0.003275, 0.013169, 0.017381, 0.025785, 0.036301, 0.043117, 0.041657, 31.248440
0.000878, 0.003995, 0.013041, 0.017065, 0.027600, 0.034614, 0.043807, 0.042929, 31.081447
0.001134, 0.003176, 0.012143, 0.019216, 0.026052, 0.036083, 0.043926, 0.044014, 31.151128
0.000602, 0.003157, 0.012320, 0.018890, 0.025805, 0.035215, 0.043146, 0.043659, 31.852726
0.000651, 0.003137, 0.010752, 0.017302, 0.025953, 0.034239, 0.043876, 0.043995, 32.040323
0.000523, 0.002338, 0.009766, 0.017953, 0.026801, 0.037178, 0.042298, 0.043630, 32.646447
0.000483, 0.002180, 0.009026, 0.015921, 0.025539, 0.035837, 0.043442, 0.042111, 33.081825
0.000671, 0.001993, 0.009558, 0.016868, 0.026417, 0.036054, 0.045060, 0.042535, 32.640847
0.000602, 0.002279, 0.009213, 0.016355, 0.026259, 0.036981, 0.043906, 0.044133, 32.703851
0.000690, 0.002407, 0.008730, 0.017016, 0.024315, 0.037376, 0.041805, 0.044488, 32.524901
0.000710, 0.002032, 0.008740, 0.017578, 0.024917, 0.036932, 0.042357, 0.045721, 32.616244
0.000700, 0.001854, 0.010002, 0.017470, 0.025243, 0.036754, 0.043630, 0.043640, 32.562945
0.000582, 0.002565, 0.009588, 0.017696, 0.025568, 0.036932, 0.043373, 0.046609, 32.494954
0.000690, 0.001884, 0.008414, 0.017894, 0.024454, 0.034614, 0.043383, 0.043048, 32.805006
0.000326, 0.000750, 0.004360, 0.011541, 0.021119, 0.032818, 0.043649, 0.043807, 35.664370
0.000168, 0.000424, 0.003591, 0.007921, 0.017963, 0.033410, 0.042456, 0.043906, 37.337581
0.000128, 0.000641, 0.002851, 0.008365, 0.018140, 0.032414, 0.042416, 0.042653, 37.497797
0.000207, 0.000671, 0.002683, 0.008799, 0.019847, 0.033815, 0.043087, 0.043797, 36.961250
0.000049, 0.000395, 0.002131, 0.006757, 0.017075, 0.032789, 0.042702, 0.044586, 39.017727
0.000256, 0.000631, 0.003186, 0.006116, 0.015990, 0.030007, 0.041144, 0.041854, 37.060705
0.000089, 0.000493, 0.002594, 0.008316, 0.016769, 0.031891, 0.039901, 0.043304, 38.183377
0.000187, 0.000710, 0.004163, 0.013396, 0.021070, 0.034288, 0.043186, 0.044300, 36.167673
0.000335, 0.001085, 0.005968, 0.014698, 0.024759, 0.034653, 0.042347, 0.041045, 34.696127
0.000326, 0.001795, 0.006866, 0.016888, 0.025381, 0.036646, 0.044577, 0.043353, 33.964935
0.000641, 0.001687, 0.008375, 0.017154, 0.026712, 0.036133, 0.044222, 0.044892, 32.979184
0.000641, 0.002614, 0.011304, 0.019314, 0.027038, 0.037612, 0.043521, 0.043926, 32.110837
0.000621, 0.003748, 0.011748, 0.019265, 0.027176, 0.036518, 0.043709, 0.040503, 31.620750
0.001174, 0.003295, 0.012143, 0.018436, 0.026298, 0.037336, 0.044656, 0.045494, 30.974225
0.000562, 0.003650, 0.012094, 0.020399, 0.026515, 0.037356, 0.043215, 0.043067, 31.684599
0.000779, 0.003670, 0.012123, 0.019995, 0.027393, 0.037948, 0.044596, 0.043028, 31.405607
0.000937, 0.003472, 0.012025, 0.020261, 0.026239, 0.035719, 0.042259, 0.045681, 31.247102
0.000750, 0.003068, 0.011916, 0.021070, 0.026002, 0.037060, 0.043097, 0.044626, 31.621721
0.000651, 0.003107, 0.011374, 0.019600, 0.027689, 0.037376, 0.042712, 0.043038, 31.899528
0.000365, 0.002229, 0.009637, 0.019354, 0.025913, 0.038007, 0.042900, 0.042919, 33.064108
0.000345, 0.001302, 0.006362, 0.015023, 0.025371, 0.035837, 0.042505, 0.042781, 34.389424
0.000355, 0.001312, 0.007201, 0.015260, 0.025618, 0.035896, 0.042870, 0.044734, 34.194008
0.000464, 0.001460, 0.006432, 0.014106, 0.025292, 0.037514, 0.044656, 0.045612, 33.989145
0.000306, 0.001016, 0.005879, 0.014846, 0.025331, 0.036350, 0.043353, 0.042663, 34.813221
0.000661, 0.001963, 0.007990, 0.017835, 0.026288, 0.037139, 0.043501, 0.045238, 32.822912
0.000316, 0.001282, 0.006214, 0.013751, 0.024740, 0.036113, 0.042919, 0.043916, 34.583191
0.000256, 0.001105, 0.005090, 0.013869, 0.024079, 0.037247, 0.041331, 0.042890, 35.192782
0.000809, 0.001815, 0.007507, 0.015102, 0.026367, 0.036478, 0.042643, 0.041795, 32.832262
0.000345, 0.001085, 0.004962, 0.011808, 0.023901, 0.036823, 0.043738, 0.045415, 35.088109
0.000316, 0.001115, 0.005396, 0.012587, 0.024858, 0.037149, 0.043906, 0.043166, 34.943866
0.000661, 0.001914, 0.008967, 0.017864, 0.026446, 0.035225, 0.041795, 0.042446, 32.727519
0.000424, 0.001164, 0.007813, 0.015181, 0.026367, 0.036922, 0.043965, 0.041963, 33.993839
0.000355, 0.001006, 0.004981, 0.015230, 0.024532, 0.035649, 0.041538, 0.042071, 34.910837
0.000217, 0.000838, 0.004222, 0.012271, 0.023684, 0.037208, 0.042061, 0.042535, 35.902580
0.000316, 0.000878, 0.004439, 0.012044, 0.023576, 0.035255, 0.045385, 0.044882, 35.457655
0.000247, 0.000967, 0.005741, 0.013889, 0.023536, 0.036113, 0.043097, 0.045109, 35.172788
0.000602, 0.002071, 0.009263, 0.014935, 0.025183, 0.036922, 0.041381, 0.042870, 32.837809
0.000572, 0.002673, 0.009775, 0.017539, 0.025282, 0.037159, 0.042860, 0.044567, 32.424220
0.000562, 0.002328, 0.009026, 0.017825, 0.025174, 0.036754, 0.042406, 0.042762, 32.715895
0.000572, 0.002289, 0.009697, 0.016562, 0.027936, 0.037504, 0.044695, 0.044547, 32.654742
0.000483, 0.002387, 0.010900, 0.016769, 0.026712, 0.034485, 0.044143, 0.044074, 32.630799
0.000582, 0.002259, 0.009667, 0.017894, 0.025706, 0.037208, 0.043985, 0.044024, 32.694018
0.000661, 0.002190, 0.008444, 0.016079, 0.024976, 0.034959, 0.041252, 0.043916, 32.684022
0.000700, 0.002397, 0.009391, 0.016029, 0.027403, 0.035363, 0.042574, 0.045218, 32.471325
0.000582, 0.001854, 0.010880, 0.018131, 0.027186, 0.035097, 0.042850, 0.042860, 32.679892
0.000671, 0.003068, 0.010890, 0.018209, 0.027077, 0.035995, 0.042466, 0.044715, 31.958522
0.000641, 0.002930, 0.011265, 0.017677, 0.026870, 0.036133, 0.041410, 0.043709, 32.049198
0.000621, 0.001933, 0.009105, 0.016621, 0.024937, 0.038185, 0.043876, 0.043058, 32.908729
0.000454, 0.002002, 0.007951, 0.015773, 0.026693, 0.036744, 0.045297, 0.044932, 33.305783
0.000464, 0.002052, 0.009578, 0.016789, 0.026979, 0.036222, 0.043787, 0.043807, 33.058084
0.000513, 0.002289, 0.009164, 0.017608, 0.027235, 0.034633, 0.043837, 0.044784, 32.787411
0.000582, 0.002594, 0.009953, 0.019087, 0.025361, 0.035038, 0.041834, 0.042998, 32.403260
0.000858, 0.002476, 0.010229, 0.017667, 0.026308, 0.036024, 0.041607, 0.043127, 31.999786
0.000720, 0.002871, 0.010417, 0.018269, 0.027225, 0.036656, 0.042288, 0.042841, 32.055878
0.000710, 0.002979, 0.010210, 0.017825, 0.025588, 0.035206, 0.045514, 0.043659, 31.966089
0.000631, 0.002506, 0.009923, 0.016868, 0.027876, 0.037603, 0.042722, 0.043284, 32.361648
0.000621, 0.002170, 0.009874, 0.017923, 0.026249, 0.036281, 0.044596, 0.042959, 32.644489
0.000493, 0.002683, 0.010555, 0.016641, 0.025105, 0.035344, 0.044567, 0.044705, 32.542236
0.000602, 0.002318, 0.009184, 0.016937, 0.025647, 0.035275, 0.041321, 0.043482, 32.676841
0.000572, 0.002427, 0.009716, 0.017223, 0.025815, 0.036034, 0.040690, 0.042959, 32.625187
0.000671, 0.002575, 0.010180, 0.019354, 0.026663, 0.033982, 0.042042, 0.045099, 32.224514
0.000592, 0.002486, 0.010831, 0.018693, 0.026624, 0.034673, 0.043205, 0.043630, 32.373035
0.000779, 0.002732, 0.012074, 0.017016, 0.027768, 0.035699, 0.042426, 0.043630, 31.776161
0.001223, 0.003916, 0.014717, 0.019364, 0.027926, 0.034920, 0.042140, 0.042120, 30.511655
0.001490, 0.004903, 0.014461, 0.021958, 0.029741, 0.038451, 0.041785, 0.044143, 29.852722
0.001036, 0.004350, 0.014737, 0.021790, 0.031220, 0.037682, 0.042979, 0.045188, 30.519891
0.001391, 0.005465, 0.016690, 0.022609, 0.031309, 0.038027, 0.043363, 0.042653, 29.692385
===========END============
=========================================
=              Memory Manager           =
=========================================
* Block size            : 32440320 Bytes
* Number of blocks      : 7
* Free mem in last block: 12975764
* Total mem alloced     : 214106476 Bytes

* Recycle list          : 
[  0(0)] = 1         [  1(50689)] = 2         [  3(3)] = 2         [  4(202756)] = 3         
[  6(6)] = 1         [  8(8)] = 1         [  8(709576)] = 1         [  8(205064)] = 5         
[  8(1622024)] = 13        [ 16(16)] = 7         [ 18(912402)] = 1         [ 21(21)] = 3         
[ 27(912411)] = 1         [ 27(279899)] = 1         [ 32(25632)] = 5         [ 32(203040)] = 1         
[ 34(16674)] = 1         [ 34(100386)] = 2         [ 34(3170)] = 2         [ 40(1622056)] = 2         
[ 52(3244148)] = 1         [ 59(1621947)] = 2         [ 62(1382526)] = 1         
* Recycled Memory       : 52457908 Bytes
* Inused Memory         : 161648568 Bytes
0.000247, 0.000848, 0.004173, 0.006964, 0.009815, 0.013889, 0.017006, 0.017184, 36.536305
0.000079, 0.001085, 0.004616, 0.007290, 0.009736, 0.013672, 0.017992, 0.018446, 36.927470
0.000276, 0.001095, 0.004991, 0.006866, 0.009687, 0.014185, 0.016947, 0.017647, 35.860039
0.000454, 0.001203, 0.004429, 0.006935, 0.010505, 0.013534, 0.016513, 0.017766, 35.220940
0.000247, 0.001302, 0.003748, 0.006974, 0.010279, 0.014155, 0.017549, 0.016345, 36.133076
0.000513, 0.001263, 0.004242, 0.006935, 0.009075, 0.013721, 0.017391, 0.017736, 35.028585
0.000375, 0.001203, 0.004853, 0.006362, 0.008464, 0.013879, 0.017627, 0.017430, 35.492507
0.000434, 0.001756, 0.005445, 0.007270, 0.009983, 0.013514, 0.017558, 0.017430, 34.606909
0.000473, 0.001223, 0.005001, 0.007004, 0.010091, 0.013238, 0.017272, 0.016799, 34.976551
0.000237, 0.001411, 0.004626, 0.006658, 0.010308, 0.014234, 0.017736, 0.016750, 35.837310
0.000286, 0.001322, 0.004370, 0.006560, 0.010091, 0.013554, 0.017095, 0.018367, 35.809659
0.000395, 0.001253, 0.004419, 0.006579, 0.009647, 0.014787, 0.016809, 0.017371, 35.411449
0.000335, 0.001381, 0.003877, 0.007517, 0.009795, 0.013435, 0.017055, 0.016819, 35.601329
0.000148, 0.001006, 0.003975, 0.006619, 0.010604, 0.014451, 0.016927, 0.016128, 36.896779
0.000237, 0.000858, 0.002683, 0.005938, 0.008829, 0.013889, 0.016118, 0.017953, 37.151735
0.000355, 0.000543, 0.003255, 0.006629, 0.010298, 0.014372, 0.015408, 0.015122, 36.669373
0.000187, 0.000789, 0.003443, 0.006649, 0.009489, 0.014274, 0.017361, 0.017312, 37.187929
0.000089, 0.000740, 0.003778, 0.005652, 0.009697, 0.015181, 0.017381, 0.018042, 37.817943
0.000217, 0.000819, 0.002940, 0.005721, 0.008217, 0.013415, 0.017588, 0.018061, 37.303030
0.000187, 0.000513, 0.003245, 0.006047, 0.008720, 0.013938, 0.016651, 0.018091, 37.765164
0.000345, 0.000730, 0.003068, 0.006195, 0.009440, 0.014017, 0.014806, 0.017036, 36.601747
0.000079, 0.000848, 0.003827, 0.006866, 0.010012, 0.013455, 0.017115, 0.016424, 37.660612
0.000158, 0.000690, 0.003117, 0.006195, 0.009174, 0.013573, 0.016828, 0.017992, 37.749950
0.000059, 0.000395, 0.001026, 0.004192, 0.007033, 0.011778, 0.016000, 0.017519, 40.773031
0.000069, 0.000187, 0.000878, 0.003265, 0.006027, 0.013248, 0.016897, 0.017203, 41.775335
0.000069, 0.000059, 0.001095, 0.002979, 0.006205, 0.012537, 0.015181, 0.016917, 42.192689
0.000030, 0.000266, 0.000917, 0.003522, 0.005978, 0.011354, 0.015753, 0.015724, 42.016146
0.000020, 0.000197, 0.000621, 0.002229, 0.006422, 0.011689, 0.016108, 0.016838, 43.339602
0.000000, 0.000247, 0.000947, 0.002071, 0.005406, 0.010979, 0.017065, 0.016680, 43.194233
0.000030, 0.000266, 0.000779, 0.002289, 0.006658, 0.011896, 0.016819, 0.017036, 42.458433
0.000039, 0.000276, 0.001282, 0.004360, 0.008217, 0.013554, 0.016345, 0.017766, 41.191041
0.000049, 0.000286, 0.002298, 0.004912, 0.009016, 0.013406, 0.016187, 0.016868, 40.029320
0.000069, 0.000503, 0.002101, 0.005741, 0.009430, 0.012883, 0.017884, 0.017667, 39.257538
0.000069, 0.000543, 0.003551, 0.006076, 0.010140, 0.014826, 0.017292, 0.017243, 38.337543
0.000197, 0.000868, 0.003660, 0.007309, 0.009154, 0.014422, 0.016256, 0.018397, 36.864904
0.000217, 0.001115, 0.005041, 0.006718, 0.009618, 0.012735, 0.016819, 0.016986, 36.087543
0.000227, 0.001065, 0.005090, 0.007684, 0.008967, 0.013692, 0.016010, 0.017282, 36.040499
0.000247, 0.001420, 0.004350, 0.008345, 0.009105, 0.013751, 0.016986, 0.018318, 35.778644
0.000306, 0.001420, 0.004528, 0.007556, 0.009953, 0.013711, 0.016730, 0.017420, 35.468651
0.000178, 0.001263, 0.004557, 0.008542, 0.010792, 0.014816, 0.018091, 0.016641, 36.096670
0.000375, 0.001075, 0.004330, 0.006816, 0.011206, 0.014461, 0.017973, 0.016838, 35.650675
0.000207, 0.001036, 0.004261, 0.007300, 0.010821, 0.014688, 0.016463, 0.016542, 36.512833
0.000207, 0.000740, 0.003305, 0.007369, 0.010121, 0.013277, 0.017904, 0.016927, 37.092858
0.000148, 0.000454, 0.001746, 0.005534, 0.008898, 0.014096, 0.017026, 0.017479, 38.880054
0.000168, 0.000375, 0.002180, 0.005455, 0.009480, 0.013544, 0.017184, 0.016937, 38.761581
0.000178, 0.000473, 0.002091, 0.005662, 0.010140, 0.013129, 0.017085, 0.016266, 38.402084
0.000000, 0.000256, 0.002062, 0.005228, 0.010121, 0.013425, 0.018397, 0.016296, 40.765480
0.000227, 0.000710, 0.002417, 0.006205, 0.008710, 0.013909, 0.016503, 0.016769, 37.546818
0.000089, 0.000533, 0.001707, 0.005652, 0.008059, 0.014007, 0.016523, 0.017144, 39.284034
0.000178, 0.000375, 0.002081, 0.004222, 0.009312, 0.014402, 0.016365, 0.016710, 38.800767
0.000158, 0.000543, 0.002506, 0.005978, 0.008976, 0.013336, 0.016868, 0.016286, 38.263052
0.000109, 0.000237, 0.001835, 0.004034, 0.007803, 0.014195, 0.016029, 0.016503, 40.029858
0.000089, 0.000217, 0.001756, 0.004419, 0.008730, 0.013248, 0.016690, 0.016917, 40.254801
0.000335, 0.000503, 0.003038, 0.006274, 0.009361, 0.013968, 0.017026, 0.016779, 36.950839
0.000148, 0.000612, 0.002713, 0.005445, 0.009046, 0.013899, 0.016483, 0.017578, 38.130315
0.000049, 0.000187, 0.001973, 0.005129, 0.008759, 0.013129, 0.017253, 0.017322, 40.521775
0.000039, 0.000296, 0.001588, 0.003817, 0.008829, 0.013455, 0.017233, 0.017055, 40.863765
0.000089, 0.000414, 0.001559, 0.004390, 0.008986, 0.015625, 0.017746, 0.017637, 39.822561
0.000069, 0.000375, 0.001707, 0.004390, 0.009420, 0.012251, 0.016385, 0.017341, 40.053318
0.000158, 0.000651, 0.002594, 0.005425, 0.008256, 0.013198, 0.016868, 0.018071, 38.105209
0.000128, 0.000740, 0.002949, 0.005879, 0.008878, 0.013346, 0.018338, 0.018298, 37.895672
0.000128, 0.000838, 0.003018, 0.006994, 0.009795, 0.014570, 0.016434, 0.017983, 37.608131
0.000187, 0.000681, 0.002999, 0.006925, 0.010377, 0.013070, 0.016671, 0.018081, 37.527205
0.000168, 0.000690, 0.003817, 0.006214, 0.008099, 0.013090, 0.017322, 0.016414, 37.346795
0.000237, 0.000710, 0.003324, 0.006846, 0.010052, 0.013909, 0.016444, 0.018663, 37.015931
0.000247, 0.000967, 0.003374, 0.006451, 0.008493, 0.013820, 0.016769, 0.017420, 36.711087
0.000069, 0.000789, 0.003018, 0.006974, 0.009963, 0.014007, 0.015073, 0.016750, 38.052188
0.000187, 0.000740, 0.003670, 0.006984, 0.010535, 0.014135, 0.017203, 0.016927, 37.153760
0.000365, 0.000927, 0.003936, 0.006816, 0.010022, 0.014175, 0.018190, 0.016907, 36.006150
0.000286, 0.000710, 0.003610, 0.006875, 0.010062, 0.014461, 0.017105, 0.017055, 36.695559
0.000247, 0.000868, 0.003600, 0.005455, 0.009549, 0.013494, 0.017174, 0.016108, 36.923423
0.000109, 0.000503, 0.003028, 0.005248, 0.009933, 0.012044, 0.016286, 0.018574, 38.502324
0.000138, 0.000661, 0.002851, 0.006037, 0.009933, 0.013692, 0.015299, 0.017637, 37.997762
0.000197, 0.000760, 0.003344, 0.006057, 0.010870, 0.013721, 0.017904, 0.018042, 37.250349
0.000266, 0.000700, 0.003719, 0.007221, 0.010052, 0.013386, 0.016750, 0.017894, 36.748443
0.000247, 0.001026, 0.004044, 0.006787, 0.010446, 0.012232, 0.016148, 0.016296, 36.354769
0.000345, 0.001154, 0.004251, 0.006234, 0.009361, 0.012705, 0.016917, 0.016828, 35.736643
0.000395, 0.000838, 0.003097, 0.005948, 0.009854, 0.014274, 0.016740, 0.016621, 36.264846
0.000158, 0.000671, 0.003965, 0.006905, 0.010259, 0.012853, 0.015240, 0.018052, 37.350208
0.000266, 0.001095, 0.003364, 0.006313, 0.010200, 0.014145, 0.016789, 0.018022, 36.434738
0.000227, 0.000809, 0.003265, 0.006619, 0.009105, 0.013593, 0.016700, 0.016621, 37.032476
0.000089, 0.000651, 0.003166, 0.005425, 0.009105, 0.013682, 0.016296, 0.017716, 38.263259
0.000266, 0.000740, 0.003581, 0.006116, 0.009391, 0.014313, 0.016503, 0.016602, 36.800705
0.000276, 0.001026, 0.003916, 0.005761, 0.009815, 0.013001, 0.016917, 0.016355, 36.329643
0.000207, 0.001006, 0.003078, 0.006343, 0.010930, 0.013139, 0.016838, 0.017154, 36.898650
0.000296, 0.001144, 0.003581, 0.006175, 0.011640, 0.013435, 0.017322, 0.017410, 36.169358
0.000296, 0.001351, 0.004784, 0.007112, 0.011186, 0.013070, 0.017243, 0.018200, 35.594491
0.000454, 0.001825, 0.005820, 0.008375, 0.010002, 0.013287, 0.017696, 0.017953, 34.337246
0.000454, 0.002180, 0.006037, 0.008750, 0.011689, 0.014737, 0.016779, 0.017667, 34.029260
0.000621, 0.001904, 0.005514, 0.009154, 0.013356, 0.016562, 0.016296, 0.017026, 33.811448
===========END============
=========================================
=              Memory Manager           =
=========================================
* Block size            : 32440320 Bytes
* Number of blocks      : 9
* Free mem in last block: 29196252
* Total mem alloced     : 262766628 Bytes

* Recycle list          : 
[  0(0)] = 1         [  1(50689)] = 2         [  3(3)] = 2         [  4(202756)] = 3         
[  6(6)] = 1         [  8(8)] = 1         [  8(709576)] = 1         [  8(205064)] = 5         
[  8(1622024)] = 13        [ 16(16)] = 7         [ 18(912402)] = 1         [ 21(21)] = 3         
[ 27(912411)] = 1         [ 27(279899)] = 1         [ 32(25632)] = 5         [ 32(203040)] = 1         
[ 34(16674)] = 1         [ 34(100386)] = 2         [ 34(3170)] = 2         [ 36(3243940)] = 1         
[ 36(810852)] = 1         [ 40(1622056)] = 2         [ 52(3244148)] = 1         [ 59(1621947)] = 2         
[ 62(1382526)] = 1         
* Recycled Memory       : 68677084 Bytes
* Inused Memory         : 194089544 Bytes
0.000079, 0.000197, 0.000967, 0.001776, 0.002614, 0.004291, 0.005514, 0.005692, 42.328188
0.000118, 0.000326, 0.000937, 0.001470, 0.002575, 0.003768, 0.004695, 0.005297, 41.338284
0.000079, 0.000385, 0.001312, 0.002229, 0.002782, 0.003610, 0.004557, 0.004863, 41.099585
0.000099, 0.000444, 0.001134, 0.001687, 0.003364, 0.003689, 0.005652, 0.005169, 40.870756
0.000049, 0.000247, 0.001282, 0.001815, 0.002861, 0.003551, 0.006096, 0.004705, 42.212447
0.000079, 0.000493, 0.001184, 0.002249, 0.003157, 0.003295, 0.004616, 0.005228, 40.822765
0.000079, 0.000434, 0.001499, 0.002387, 0.003048, 0.004735, 0.005356, 0.005593, 40.762158
0.000000, 0.000237, 0.001125, 0.002219, 0.003364, 0.003827, 0.005070, 0.005051, 43.364277
0.000109, 0.000197, 0.001282, 0.001845, 0.002486, 0.004025, 0.004883, 0.004833, 41.684807
0.000118, 0.000286, 0.001233, 0.002239, 0.002959, 0.003995, 0.004873, 0.004745, 40.936422
0.000089, 0.000306, 0.001016, 0.002022, 0.002900, 0.004034, 0.004399, 0.005189, 41.591658
0.000089, 0.000217, 0.001726, 0.001825, 0.003028, 0.003788, 0.004942, 0.004932, 41.267751
0.000118, 0.000316, 0.001420, 0.001598, 0.003028, 0.004597, 0.004301, 0.004922, 40.822375
0.000000, 0.000326, 0.001194, 0.001795, 0.002703, 0.004360, 0.004903, 0.005593, 42.955097
0.000049, 0.000049, 0.000927, 0.001914, 0.002594, 0.003275, 0.004903, 0.005968, 43.829213
0.000000, 0.000099, 0.000700, 0.002141, 0.002871, 0.004015, 0.005376, 0.004725, 45.249661
0.000118, 0.000286, 0.000651, 0.002111, 0.002910, 0.003965, 0.004903, 0.005228, 41.519120
0.000049, 0.000207, 0.000986, 0.001963, 0.002732, 0.004242, 0.005080, 0.004774, 42.764540
0.000099, 0.000079, 0.000700, 0.001568, 0.003226, 0.003650, 0.005573, 0.004843, 42.879519
0.000039, 0.000168, 0.000947, 0.001707, 0.002614, 0.004153, 0.004991, 0.005169, 43.347840
0.000049, 0.000247, 0.000868, 0.001884, 0.002575, 0.004143, 0.004764, 0.004804, 42.758828
0.000178, 0.000128, 0.001016, 0.001805, 0.002081, 0.004380, 0.004547, 0.006165, 41.002075
0.000030, 0.000118, 0.000917, 0.001933, 0.002515, 0.003877, 0.005070, 0.004735, 43.921661
0.000000, 0.000030, 0.000404, 0.000878, 0.001924, 0.003216, 0.005159, 0.004469, 48.299174
0.000020, 0.000079, 0.000227, 0.000819, 0.001450, 0.003383, 0.004814, 0.004686, 47.118089
0.000049, 0.000020, 0.000316, 0.000769, 0.001933, 0.003679, 0.004705, 0.005327, 46.166580
0.000000, 0.000020, 0.000217, 0.000917, 0.002496, 0.004044, 0.004232, 0.005346, 49.216854
0.000000, 0.000020, 0.000197, 0.000769, 0.001322, 0.002969, 0.004419, 0.004251, 50.105412
0.000030, 0.000049, 0.000256, 0.000562, 0.001549, 0.003472, 0.004577, 0.005514, 47.083214
0.000020, 0.000020, 0.000207, 0.000572, 0.001549, 0.003916, 0.004952, 0.005100, 48.379538
0.000039, 0.000099, 0.000276, 0.001085, 0.002200, 0.003768, 0.005208, 0.004824, 45.472738
0.000030, 0.000168, 0.000621, 0.001943, 0.002979, 0.004350, 0.004764, 0.004577, 44.002835
0.000030, 0.000089, 0.000641, 0.001736, 0.002634, 0.004242, 0.004686, 0.004972, 44.691477
0.000049, 0.000138, 0.000858, 0.001766, 0.002663, 0.003916, 0.004607, 0.005307, 43.424012
0.000039, 0.000138, 0.000937, 0.002180, 0.002782, 0.004843, 0.004804, 0.005169, 43.349721
0.000168, 0.000365, 0.001085, 0.001973, 0.003127, 0.004646, 0.004695, 0.005189, 40.239270
0.000109, 0.000345, 0.001539, 0.002308, 0.003196, 0.004478, 0.005445, 0.004991, 40.691077
0.000109, 0.000266, 0.001351, 0.002496, 0.003038, 0.003956, 0.004242, 0.004804, 41.003685
0.000069, 0.000385, 0.001450, 0.002190, 0.002673, 0.004419, 0.005218, 0.004607, 41.053142
0.000069, 0.000404, 0.000967, 0.002358, 0.002703, 0.004271, 0.005366, 0.004725, 41.472255
0.000109, 0.000247, 0.001154, 0.002338, 0.003295, 0.003462, 0.004774, 0.004666, 41.264039
0.000109, 0.000237, 0.001194, 0.002210, 0.003275, 0.004261, 0.004804, 0.005554, 41.289019
0.000039, 0.000187, 0.000858, 0.001687, 0.002811, 0.004163, 0.005090, 0.004656, 43.365250
0.000020, 0.000089, 0.000592, 0.001342, 0.002713, 0.003975, 0.004656, 0.005258, 45.348353
0.000000, 0.000039, 0.000917, 0.001736, 0.002200, 0.003857, 0.005080, 0.005465, 45.636996
0.000039, 0.000118, 0.000365, 0.001529, 0.002269, 0.003531, 0.005366, 0.004991, 44.863549
0.000039, 0.000089, 0.000612, 0.001726, 0.002456, 0.003936, 0.004755, 0.005928, 44.473696
0.000138, 0.000256, 0.000957, 0.002101, 0.002940, 0.004005, 0.004784, 0.005406, 41.070363
0.000000, 0.000079, 0.000513, 0.001361, 0.002229, 0.004380, 0.004942, 0.005346, 46.541691
0.000020, 0.000197, 0.000483, 0.001509, 0.003186, 0.004784, 0.005376, 0.004666, 44.479458
0.000030, 0.000148, 0.000562, 0.001351, 0.003196, 0.003462, 0.005189, 0.005356, 44.506338
0.000000, 0.000109, 0.000355, 0.001213, 0.002456, 0.003591, 0.005149, 0.005771, 46.802551
0.000039, 0.000118, 0.000543, 0.001361, 0.002575, 0.003906, 0.004991, 0.005741, 44.530224
0.000059, 0.000187, 0.000947, 0.001924, 0.002387, 0.003847, 0.004409, 0.004833, 42.776385
0.000069, 0.000168, 0.000760, 0.001756, 0.003403, 0.004113, 0.004873, 0.004942, 42.874127
0.000000, 0.000059, 0.000799, 0.001381, 0.002328, 0.004291, 0.004725, 0.005011, 45.991168
0.000000, 0.000069, 0.000306, 0.000927, 0.002535, 0.004547, 0.004833, 0.005465, 47.736221
0.000030, 0.000118, 0.000543, 0.001095, 0.002269, 0.003896, 0.005228, 0.006471, 45.030620
0.000030, 0.000109, 0.000641, 0.001470, 0.002476, 0.003758, 0.004478, 0.004686, 44.691651
0.000039, 0.000345, 0.001174, 0.001716, 0.002752, 0.003887, 0.004626, 0.005001, 42.202611
0.000039, 0.000178, 0.000799, 0.001618, 0.002851, 0.004094, 0.004488, 0.004577, 43.556183
0.000049, 0.000227, 0.000947, 0.001756, 0.003186, 0.003344, 0.004419, 0.005129, 42.745407
0.000010, 0.000306, 0.000927, 0.001657, 0.002851, 0.004222, 0.005051, 0.005090, 43.283380
0.000099, 0.000345, 0.001243, 0.002200, 0.002683, 0.003847, 0.004932, 0.004814, 41.037444
0.000128, 0.000128, 0.000750, 0.002535, 0.003186, 0.003936, 0.004607, 0.004636, 41.759519
0.000030, 0.000207, 0.000878, 0.001835, 0.003423, 0.003512, 0.004912, 0.005129, 43.380433
0.000099, 0.000306, 0.000858, 0.001825, 0.002210, 0.003748, 0.004459, 0.005258, 41.656747
0.000049, 0.000247, 0.001125, 0.001618, 0.003383, 0.004419, 0.005366, 0.004952, 42.438069
0.000020, 0.000168, 0.001282, 0.002002, 0.002713, 0.003857, 0.005070, 0.004587, 43.205712
0.000099, 0.000178, 0.001095, 0.001707, 0.003354, 0.003650, 0.004528, 0.005060, 41.911777
0.000039, 0.000128, 0.001095, 0.001608, 0.002614, 0.003650, 0.004853, 0.004695, 43.408936
0.000020, 0.000237, 0.000651, 0.001529, 0.003374, 0.003847, 0.005623, 0.004251, 43.887614
0.000030, 0.000217, 0.001085, 0.001825, 0.002772, 0.004074, 0.005692, 0.005415, 43.029444
0.000049, 0.000306, 0.000878, 0.001845, 0.002949, 0.004873, 0.004715, 0.004932, 42.430430
0.000030, 0.000247, 0.001371, 0.001657, 0.002969, 0.004015, 0.004577, 0.004478, 42.558977
0.000109, 0.000306, 0.000977, 0.002249, 0.002821, 0.004202, 0.005386, 0.005228, 41.255506
0.000030, 0.000197, 0.001223, 0.002308, 0.002525, 0.003906, 0.004419, 0.005051, 42.785159
0.000000, 0.000365, 0.000967, 0.001933, 0.002811, 0.004084, 0.004547, 0.005060, 43.033364
0.000089, 0.000247, 0.001046, 0.001578, 0.002496, 0.004577, 0.005366, 0.005051, 41.926875
0.000039, 0.000128, 0.001006, 0.001983, 0.002407, 0.004321, 0.004607, 0.005445, 43.425027
0.000109, 0.000187, 0.000908, 0.001825, 0.002959, 0.004143, 0.005120, 0.005001, 41.874267
0.000069, 0.000237, 0.001065, 0.001973, 0.002249, 0.003896, 0.004725, 0.004705, 42.207011
0.000118, 0.000316, 0.001194, 0.001933, 0.002436, 0.003157, 0.005228, 0.005060, 40.984122
0.000020, 0.000178, 0.001174, 0.002298, 0.002683, 0.004123, 0.004764, 0.005031, 43.236960
0.000079, 0.000335, 0.001095, 0.002180, 0.003571, 0.003551, 0.004824, 0.005218, 41.438818
0.000059, 0.000276, 0.001134, 0.002269, 0.002989, 0.003571, 0.004695, 0.005277, 42.026839
0.000118, 0.000355, 0.001302, 0.002328, 0.003157, 0.003719, 0.004932, 0.005060, 40.641896
0.000059, 0.000424, 0.001667, 0.002801, 0.003235, 0.004261, 0.005248, 0.004922, 40.787452
0.000059, 0.000326, 0.001499, 0.002525, 0.003314, 0.004251, 0.005672, 0.004508, 41.375020
0.000089, 0.000503, 0.001381, 0.002792, 0.003374, 0.003857, 0.004784, 0.005287, 40.386406
===========END============
=========================================
=              Memory Manager           =
=========================================
* Block size            : 32440320 Bytes
* Number of blocks      : 10
* Free mem in last block: 25952184
* Total mem alloced     : 298451016 Bytes

* Recycle list          : 
[  0(0)] = 1         [  1(50689)] = 2         [  3(3)] = 2         [  4(202756)] = 3         
[  6(6)] = 1         [  8(8)] = 1         [  8(709576)] = 1         [  8(205064)] = 5         
[  8(1622024)] = 13        [ 16(16)] = 7         [ 18(912402)] = 1         [ 21(21)] = 3         
[ 27(912411)] = 1         [ 27(279899)] = 1         [ 32(25632)] = 5         [ 32(203040)] = 1         
[ 34(16674)] = 1         [ 34(100386)] = 2         [ 34(3170)] = 2         [ 36(3243940)] = 1         
[ 36(810852)] = 2         [ 40(1622056)] = 2         [ 52(3244148)] = 1         [ 59(1621947)] = 2         
[ 62(1382526)] = 1         
* Recycled Memory       : 68677084 Bytes
* Inused Memory         : 229773932 Bytes
0.000000, 0.000059, 0.000306, 0.000286, 0.000404, 0.000937, 0.001164, 0.000947, 49.836040
0.000030, 0.000010, 0.000138, 0.000256, 0.000552, 0.000493, 0.000671, 0.000927, 49.214434
0.000030, 0.000089, 0.000335, 0.000464, 0.000207, 0.000760, 0.000769, 0.001055, 46.859271
0.000059, 0.000099, 0.000365, 0.000503, 0.000700, 0.000602, 0.001115, 0.001213, 45.451465
0.000000, 0.000069, 0.000385, 0.000434, 0.000769, 0.000848, 0.001144, 0.001223, 48.804358
0.000020, 0.000049, 0.000345, 0.000296, 0.000612, 0.000819, 0.000917, 0.000986, 48.114043
0.000030, 0.000109, 0.000237, 0.000355, 0.000444, 0.000513, 0.001016, 0.001312, 46.975968
0.000020, 0.000109, 0.000375, 0.000493, 0.000809, 0.000996, 0.000562, 0.001223, 46.830818
0.000000, 0.000059, 0.000227, 0.000326, 0.000829, 0.000760, 0.000582, 0.001490, 50.173992
0.000000, 0.000099, 0.000345, 0.000631, 0.000641, 0.000740, 0.000789, 0.001184, 48.231698
0.000030, 0.000020, 0.000365, 0.000503, 0.000602, 0.001105, 0.000908, 0.001282, 47.602935
0.000000, 0.000030, 0.000286, 0.000316, 0.000296, 0.000829, 0.001006, 0.001272, 50.868068
0.000030, 0.000059, 0.000306, 0.000562, 0.000582, 0.000690, 0.001125, 0.001144, 47.001426
0.000020, 0.000030, 0.000227, 0.000414, 0.000533, 0.000621, 0.001115, 0.001065, 48.927554
0.000000, 0.000089, 0.000148, 0.000513, 0.000454, 0.000858, 0.001174, 0.001440, 49.709373
0.000049, 0.000000, 0.000316, 0.000533, 0.000641, 0.000868, 0.001065, 0.001194, 46.902771
0.000020, 0.000039, 0.000079, 0.000375, 0.000651, 0.000838, 0.001361, 0.001065, 49.538167
0.000020, 0.000000, 0.000168, 0.000434, 0.000533, 0.000967, 0.001203, 0.001065, 49.924484
0.000000, 0.000020, 0.000138, 0.000454, 0.000671, 0.000730, 0.001055, 0.001292, 52.126449
0.000020, 0.000020, 0.000217, 0.000276, 0.000562, 0.000769, 0.000858, 0.001115, 49.381276
0.000039, 0.000059, 0.000217, 0.000296, 0.000454, 0.000690, 0.001371, 0.000888, 47.220013
0.000000, 0.000000, 0.000227, 0.000266, 0.000690, 0.000562, 0.000957, 0.001223, 52.581051
0.000000, 0.000020, 0.000118, 0.000365, 0.000483, 0.000740, 0.000947, 0.001134, 52.775985
0.000000, 0.000030, 0.000109, 0.000158, 0.000809, 0.000631, 0.000947, 0.000927, 52.828865
0.000030, 0.000030, 0.000079, 0.000158, 0.000513, 0.000533, 0.001075, 0.001292, 49.241293
0.000020, 0.000030, 0.000128, 0.000207, 0.000375, 0.000562, 0.001115, 0.000799, 49.889596
0.000000, 0.000020, 0.000138, 0.000286, 0.000612, 0.000967, 0.000789, 0.000957, 52.638606
0.000000, 0.000000, 0.000000, 0.000069, 0.000464, 0.000690, 0.000937, 0.000710, 60.147397
0.000000, 0.000000, 0.000059, 0.000138, 0.000227, 0.000888, 0.000967, 0.001154, 57.001228
0.000000, 0.000000, 0.000207, 0.000079, 0.000345, 0.000671, 0.001095, 0.001233, 53.804890
0.000030, 0.000000, 0.000128, 0.000375, 0.000395, 0.000582, 0.001322, 0.001065, 49.364454
0.000000, 0.000020, 0.000069, 0.000256, 0.000602, 0.000681, 0.001223, 0.001302, 53.772890
0.000020, 0.000030, 0.000276, 0.000306, 0.000335, 0.000819, 0.001065, 0.001085, 48.859840
0.000000, 0.000030, 0.000217, 0.000464, 0.000552, 0.000799, 0.000878, 0.000937, 51.015198
0.000000, 0.000059, 0.000286, 0.000365, 0.000533, 0.000858, 0.000957, 0.000977, 49.788655
0.000020, 0.000109, 0.000237, 0.000375, 0.000888, 0.000898, 0.001055, 0.001282, 47.402470
0.000000, 0.000030, 0.000197, 0.000493, 0.000562, 0.000888, 0.000927, 0.000947, 51.103567
0.000049, 0.000069, 0.000395, 0.000602, 0.000464, 0.000917, 0.000917, 0.001075, 45.857122
0.000000, 0.000118, 0.000217, 0.000404, 0.000858, 0.000917, 0.001125, 0.001006, 48.657875
0.000030, 0.000000, 0.000178, 0.000286, 0.000937, 0.000848, 0.002032, 0.000957, 48.978443
0.000000, 0.000000, 0.000375, 0.000355, 0.000681, 0.000582, 0.001213, 0.001194, 50.858102
0.000000, 0.000000, 0.000266, 0.000414, 0.000365, 0.000937, 0.000898, 0.001213, 51.878255
0.000000, 0.000000, 0.000089, 0.000424, 0.000562, 0.000868, 0.001026, 0.001055, 54.062694
0.000000, 0.000020, 0.000128, 0.000414, 0.000799, 0.000878, 0.000947, 0.001026, 52.238722
0.000020, 0.000099, 0.000109, 0.000365, 0.000503, 0.000967, 0.001154, 0.001085, 48.195631
0.000000, 0.000000, 0.000079, 0.000276, 0.000483, 0.000444, 0.001371, 0.001026, 55.234924
0.000030, 0.000000, 0.000000, 0.000434, 0.000799, 0.000799, 0.001095, 0.000927, 49.901366
0.000000, 0.000010, 0.000089, 0.000503, 0.000819, 0.001046, 0.000967, 0.001223, 52.891234
0.000000, 0.000000, 0.000148, 0.000473, 0.000740, 0.000592, 0.001213, 0.001065, 52.870260
0.000000, 0.000020, 0.000148, 0.000148, 0.000543, 0.000651, 0.000898, 0.001184, 53.043084
0.000000, 0.000020, 0.000237, 0.000187, 0.000513, 0.000819, 0.001006, 0.001046, 51.875514
0.000020, 0.000069, 0.000148, 0.000256, 0.000523, 0.000829, 0.001184, 0.000986, 48.707395
0.000000, 0.000039, 0.000089, 0.000237, 0.000582, 0.000779, 0.001194, 0.000898, 52.462484
0.000000, 0.000020, 0.000207, 0.000286, 0.000582, 0.000720, 0.000868, 0.001125, 51.903201
0.000000, 0.000000, 0.000178, 0.000326, 0.000523, 0.000681, 0.000937, 0.001144, 53.156062
0.000000, 0.000000, 0.000187, 0.000286, 0.000947, 0.000908, 0.000957, 0.000582, 52.756553
0.000000, 0.000000, 0.000079, 0.000375, 0.000730, 0.000878, 0.000996, 0.000750, 54.287871
0.000000, 0.000000, 0.000168, 0.000404, 0.000651, 0.000612, 0.001046, 0.000848, 52.922886
0.000020, 0.000020, 0.000118, 0.000306, 0.000789, 0.000947, 0.000848, 0.000986, 49.846966
0.000000, 0.000000, 0.000266, 0.000404, 0.000740, 0.000927, 0.000957, 0.001075, 51.664888
0.000000, 0.000030, 0.000296, 0.000365, 0.000661, 0.000612, 0.001046, 0.000562, 50.537867
0.000020, 0.000059, 0.000148, 0.000552, 0.000424, 0.000888, 0.001282, 0.001026, 48.559836
0.000000, 0.000118, 0.000247, 0.000316, 0.000740, 0.000750, 0.000858, 0.000977, 48.676440
0.000000, 0.000049, 0.000128, 0.000316, 0.000612, 0.001055, 0.001272, 0.001036, 51.352033
0.000000, 0.000049, 0.000178, 0.000395, 0.000799, 0.000868, 0.000750, 0.001055, 50.696271
0.000000, 0.000000, 0.000207, 0.000247, 0.000592, 0.000572, 0.001184, 0.001134, 52.951260
0.000000, 0.000049, 0.000187, 0.000217, 0.000572, 0.000621, 0.001184, 0.001125, 51.124513
0.000000, 0.000020, 0.000158, 0.000404, 0.000996, 0.000829, 0.000829, 0.001184, 51.821667
0.000000, 0.000059, 0.000217, 0.000286, 0.000602, 0.001016, 0.000829, 0.001075, 50.371381
0.000000, 0.000099, 0.000178, 0.000256, 0.000355, 0.000789, 0.001095, 0.000986, 49.728269
0.000059, 0.000000, 0.000138, 0.000543, 0.000543, 0.000888, 0.000838, 0.001223, 46.979681
0.000000, 0.000089, 0.000128, 0.000395, 0.000582, 0.000977, 0.001174, 0.001026, 49.971353
0.000000, 0.000059, 0.000227, 0.000079, 0.000612, 0.000779, 0.001134, 0.001223, 50.630188
0.000049, 0.000079, 0.000197, 0.000414, 0.000404, 0.000720, 0.000888, 0.001036, 46.544218
0.000000, 0.000069, 0.000109, 0.000335, 0.000385, 0.001134, 0.001253, 0.001095, 50.904426
0.000000, 0.000138, 0.000168, 0.000385, 0.000750, 0.000898, 0.001105, 0.000986, 48.571011
0.000020, 0.000069, 0.000365, 0.000483, 0.000424, 0.000740, 0.001144, 0.000898, 47.533798
0.000000, 0.000099, 0.000178, 0.000523, 0.000700, 0.000858, 0.001282, 0.001006, 49.185501
0.000000, 0.000000, 0.000276, 0.000345, 0.000592, 0.000996, 0.001055, 0.001499, 51.794892
0.000000, 0.000079, 0.000089, 0.000493, 0.000661, 0.001144, 0.000927, 0.000908, 50.322357
0.000000, 0.000030, 0.000187, 0.000395, 0.000513, 0.000769, 0.001292, 0.001342, 51.355722
0.000000, 0.000089, 0.000000, 0.000473, 0.000671, 0.000533, 0.000937, 0.001036, 50.798151
0.000000, 0.000049, 0.000414, 0.000523, 0.000543, 0.000740, 0.001420, 0.000661, 49.029882
0.000000, 0.000099, 0.000286, 0.000316, 0.000641, 0.001016, 0.001194, 0.000986, 48.883721
0.000020, 0.000069, 0.000118, 0.000572, 0.000769, 0.000602, 0.001105, 0.001144, 48.409446
0.000020, 0.000030, 0.000187, 0.000355, 0.000641, 0.000631, 0.001095, 0.000888, 49.191184
0.000000, 0.000069, 0.000326, 0.000316, 0.000681, 0.000789, 0.001381, 0.000651, 49.326489
0.000000, 0.000138, 0.000395, 0.000434, 0.000858, 0.000927, 0.000957, 0.001105, 47.501917
0.000020, 0.000020, 0.000414, 0.000454, 0.000710, 0.001055, 0.000996, 0.001144, 48.079698
0.000000, 0.000030, 0.000404, 0.000523, 0.000898, 0.000947, 0.001105, 0.001026, 49.395297
===========END============
=========================================
=              Memory Manager           =
=========================================
* Block size            : 32440320 Bytes
* Number of blocks      : 11
* Free mem in last block: 12975764
* Total mem alloced     : 343867756 Bytes

* Recycle list          : 
[  0(0)] = 1         [  1(50689)] = 2         [  3(3)] = 2         [  4(202756)] = 3         
[  6(6)] = 1         [  8(8)] = 1         [  8(709576)] = 1         [  8(205064)] = 5         
[  8(1622024)] = 13        [ 16(16)] = 7         [ 18(912402)] = 1         [ 21(21)] = 3         
[ 27(912411)] = 1         [ 27(279899)] = 1         [ 32(25632)] = 5         [ 32(203040)] = 1         
[ 34(16674)] = 1         [ 34(100386)] = 2         [ 34(3170)] = 2         [ 36(3243940)] = 2         
[ 36(810852)] = 2         [ 40(1622056)] = 2         [ 52(3244148)] = 1         [ 59(1621947)] = 2         
[ 62(1382526)] = 1         
* Recycled Memory       : 68677084 Bytes
* Inused Memory         : 275190672 Bytes
