0.000049, 0.000276, 0.002308, 0.010870, 0.109395, 0.401071, 0.460711, 0.461372, 34.607570
0.000306, 0.000602, 0.002289, 0.007822, 0.040404, 0.213206, 0.418738, 0.460168, 35.260877
0.000385, 0.000750, 0.002752, 0.009914, 0.051324, 0.279060, 0.432252, 0.457860, 34.236444
0.000197, 0.000868, 0.002801, 0.010328, 0.049874, 0.274671, 0.430467, 0.460474, 34.685463
0.000247, 0.000671, 0.002959, 0.010584, 0.052912, 0.282887, 0.432341, 0.458008, 34.635404
0.000335, 0.000799, 0.002969, 0.010200, 0.049519, 0.274355, 0.429776, 0.459734, 34.349644
0.000237, 0.000819, 0.002713, 0.009993, 0.052192, 0.273822, 0.430477, 0.461016, 34.668963
0.000424, 0.000819, 0.002545, 0.010219, 0.053435, 0.281704, 0.431798, 0.459310, 34.082438
0.000345, 0.001046, 0.003433, 0.010387, 0.049746, 0.264392, 0.429579, 0.459685, 34.064150
0.000256, 0.000730, 0.002653, 0.010811, 0.052152, 0.268811, 0.429648, 0.459921, 34.644828
0.000138, 0.000789, 0.002624, 0.008996, 0.050722, 0.268505, 0.430289, 0.460040, 35.119611
0.000158, 0.000789, 0.002871, 0.010496, 0.047279, 0.256047, 0.428287, 0.462654, 34.988173
0.000306, 0.000957, 0.003097, 0.008996, 0.043995, 0.240363, 0.425673, 0.461421, 34.530461
0.000335, 0.000917, 0.002703, 0.008394, 0.040976, 0.216570, 0.424242, 0.459665, 34.649157
0.000187, 0.000720, 0.002486, 0.009233, 0.039161, 0.203411, 0.421086, 0.459379, 35.400978
0.000217, 0.000602, 0.002723, 0.007517, 0.036892, 0.188151, 0.416104, 0.462427, 35.541800
0.000286, 0.000779, 0.002920, 0.009006, 0.036863, 0.196131, 0.417387, 0.461401, 34.982623
0.000138, 0.000858, 0.002871, 0.008898, 0.041647, 0.203431, 0.416844, 0.460563, 35.368472
0.000128, 0.000789, 0.002407, 0.009105, 0.036744, 0.191179, 0.417988, 0.456785, 35.675245
0.000316, 0.000779, 0.002841, 0.008128, 0.039487, 0.192116, 0.419932, 0.459251, 34.977069
0.000375, 0.000769, 0.002269, 0.009677, 0.041095, 0.216965, 0.419517, 0.458994, 34.658237
0.000178, 0.000661, 0.002871, 0.008247, 0.045563, 0.232718, 0.423660, 0.461214, 35.271851
0.000178, 0.000592, 0.002732, 0.008375, 0.039773, 0.193221, 0.414043, 0.458195, 35.566333
0.000089, 0.000631, 0.001480, 0.005988, 0.026505, 0.110125, 0.375424, 0.459211, 37.172489
0.000049, 0.000306, 0.001391, 0.004952, 0.020705, 0.090455, 0.361890, 0.460523, 38.445987
0.000118, 0.000178, 0.001490, 0.005711, 0.021179, 0.093819, 0.370176, 0.459803, 38.005193
0.000059, 0.000375, 0.001559, 0.004725, 0.018308, 0.078924, 0.356445, 0.460375, 38.337458
0.000079, 0.000355, 0.000977, 0.004399, 0.018673, 0.075205, 0.341343, 0.452809, 38.562012
0.000109, 0.000266, 0.001332, 0.004232, 0.022540, 0.085790, 0.360154, 0.460622, 38.156825
0.000256, 0.000266, 0.001223, 0.005268, 0.019916, 0.080611, 0.350724, 0.464568, 37.271067
0.000227, 0.000473, 0.001785, 0.005889, 0.023171, 0.100211, 0.377387, 0.458018, 36.683610
0.000128, 0.000454, 0.002239, 0.007033, 0.026821, 0.128423, 0.394225, 0.459596, 36.743131
0.000168, 0.000829, 0.002723, 0.006796, 0.030293, 0.158144, 0.409564, 0.462516, 35.778417
0.000316, 0.000779, 0.002920, 0.007882, 0.033134, 0.171658, 0.411606, 0.461085, 35.097101
0.000217, 0.000888, 0.002436, 0.009509, 0.038224, 0.208215, 0.422220, 0.461076, 35.125532
0.000335, 0.000829, 0.002989, 0.009223, 0.043926, 0.243973, 0.426876, 0.462338, 34.495158
0.000227, 0.000789, 0.002703, 0.009302, 0.047013, 0.260338, 0.427882, 0.463611, 34.826777
0.000178, 0.000769, 0.002910, 0.009775, 0.050327, 0.274444, 0.431414, 0.460543, 34.896022
0.000296, 0.000740, 0.002663, 0.010002, 0.051738, 0.283391, 0.432854, 0.459261, 34.498423
0.000217, 0.000908, 0.002930, 0.010032, 0.047319, 0.265684, 0.432104, 0.459793, 34.659992
0.000217, 0.000730, 0.002555, 0.010091, 0.046628, 0.268851, 0.430812, 0.457002, 34.874180
0.000306, 0.000848, 0.002663, 0.008671, 0.040483, 0.234444, 0.424489, 0.460444, 34.757476
0.000326, 0.000562, 0.002318, 0.008552, 0.036606, 0.195589, 0.419892, 0.459991, 35.156708
0.000237, 0.000493, 0.002289, 0.007329, 0.030352, 0.154711, 0.410719, 0.458600, 35.995863
0.000118, 0.000276, 0.002358, 0.006806, 0.030796, 0.153725, 0.407266, 0.460612, 36.767390
0.000158, 0.000779, 0.002693, 0.007852, 0.027393, 0.140013, 0.402186, 0.461766, 35.962429
0.000099, 0.000385, 0.002565, 0.007092, 0.029474, 0.150558, 0.409485, 0.460681, 36.707307
0.000296, 0.001055, 0.003295, 0.007378, 0.031793, 0.166173, 0.414023, 0.459823, 34.874297
0.000118, 0.000651, 0.002634, 0.007043, 0.029839, 0.135387, 0.402748, 0.458087, 36.328373
0.000069, 0.000493, 0.001983, 0.007319, 0.030569, 0.143535, 0.404760, 0.457751, 36.865019
0.000148, 0.000848, 0.002101, 0.006678, 0.032148, 0.152521, 0.409456, 0.459823, 36.027844
0.000118, 0.000483, 0.002367, 0.007448, 0.030224, 0.138514, 0.400272, 0.459547, 36.529529
0.000079, 0.000572, 0.002170, 0.006875, 0.025736, 0.121932, 0.392687, 0.458896, 36.931359
0.000286, 0.000681, 0.002723, 0.007901, 0.032019, 0.160620, 0.407769, 0.459270, 35.349823
0.000138, 0.000513, 0.002653, 0.007852, 0.027610, 0.144512, 0.403744, 0.457633, 36.333337
0.000059, 0.000543, 0.001884, 0.006984, 0.024463, 0.114199, 0.386798, 0.461214, 37.242105
0.000138, 0.000592, 0.001835, 0.006796, 0.023151, 0.113922, 0.387192, 0.464222, 36.813118
0.000118, 0.000375, 0.001598, 0.006944, 0.023063, 0.110588, 0.384914, 0.460109, 37.364125
0.000128, 0.000543, 0.002121, 0.007142, 0.028695, 0.139836, 0.399661, 0.460523, 36.526677
0.000109, 0.000631, 0.002940, 0.008819, 0.036074, 0.174884, 0.412405, 0.458984, 35.919329
0.000197, 0.000651, 0.003009, 0.008187, 0.037751, 0.184777, 0.416252, 0.459251, 35.505000
0.000256, 0.000927, 0.002693, 0.009351, 0.037672, 0.189236, 0.417614, 0.460277, 34.993722
0.000187, 0.000740, 0.002535, 0.009411, 0.036952, 0.182302, 0.418985, 0.457998, 35.490969
0.000207, 0.000503, 0.002782, 0.008878, 0.038185, 0.208383, 0.419863, 0.461648, 35.483562
0.000296, 0.000829, 0.002782, 0.009055, 0.038155, 0.202533, 0.419823, 0.460138, 34.885841
0.000109, 0.000690, 0.002890, 0.008365, 0.034781, 0.180773, 0.416696, 0.460119, 35.889333
0.000227, 0.001016, 0.002219, 0.007931, 0.034298, 0.182667, 0.415641, 0.459261, 35.247226
0.000178, 0.000888, 0.002772, 0.008454, 0.037090, 0.205167, 0.419843, 0.460247, 35.334812
0.000385, 0.000957, 0.002604, 0.008769, 0.039723, 0.230341, 0.424440, 0.459813, 34.439180
0.000237, 0.000513, 0.002555, 0.009164, 0.041450, 0.216333, 0.423147, 0.461500, 35.338578
0.000148, 0.000868, 0.002772, 0.008069, 0.035423, 0.192994, 0.417564, 0.460277, 35.496312
0.000237, 0.001036, 0.002367, 0.008138, 0.031881, 0.173838, 0.412721, 0.457416, 35.261609
0.000099, 0.000454, 0.003403, 0.008602, 0.036054, 0.199288, 0.420445, 0.460346, 35.917841
0.000286, 0.000858, 0.003068, 0.008750, 0.036804, 0.196072, 0.417032, 0.460010, 34.873692
0.000187, 0.000848, 0.002880, 0.008878, 0.037839, 0.212585, 0.422408, 0.457376, 35.216729
0.000326, 0.000917, 0.002594, 0.009499, 0.041243, 0.225902, 0.421510, 0.463690, 34.587768
0.000276, 0.000927, 0.002673, 0.009075, 0.043097, 0.244535, 0.424450, 0.462733, 34.685167
0.000138, 0.000769, 0.002742, 0.008937, 0.040601, 0.219174, 0.422279, 0.461056, 35.406241
0.000148, 0.000661, 0.002397, 0.009253, 0.038382, 0.206538, 0.419922, 0.458412, 35.616739
0.000237, 0.000671, 0.003117, 0.008316, 0.038481, 0.199544, 0.422102, 0.462151, 35.199122
0.000089, 0.000769, 0.002407, 0.009006, 0.039408, 0.207288, 0.421145, 0.461312, 35.779359
0.000168, 0.000967, 0.003226, 0.009647, 0.036527, 0.204910, 0.419577, 0.458688, 35.084751
0.000118, 0.000898, 0.002732, 0.008986, 0.037030, 0.198696, 0.416381, 0.461016, 35.526286
0.000158, 0.000493, 0.002831, 0.009598, 0.039378, 0.224866, 0.422112, 0.460642, 35.548813
0.000296, 0.001164, 0.002575, 0.010150, 0.041854, 0.233487, 0.425850, 0.460188, 34.445751
0.000256, 0.000602, 0.003088, 0.010298, 0.041538, 0.246469, 0.429352, 0.458807, 34.910308
0.000187, 0.000700, 0.003739, 0.010279, 0.053218, 0.305536, 0.439276, 0.463167, 34.586391
0.000296, 0.000760, 0.003157, 0.011699, 0.057982, 0.323015, 0.446003, 0.457801, 34.122346
0.000207, 0.000789, 0.003709, 0.011383, 0.063250, 0.329161, 0.447986, 0.461007, 34.198863
0.000276, 0.000769, 0.003088, 0.011531, 0.067452, 0.345338, 0.450846, 0.463187, 34.019765
===========END============
=========================================
=              Memory Manager           =
=========================================
* Block size            : 32440320 Bytes
* Number of blocks      : 6
* Free mem in last block: 15001912
* Total mem alloced     : 179640008 Bytes

* Recycle list          : 
[  0(0)] = 1         [  1(50689)] = 3         [  3(3)] = 2         [  4(202756)] = 3         
[  6(6)] = 1         [  8(8)] = 1         [  8(205064)] = 6         [  8(1622024)] = 13        
[ 12(945036)] = 1         [ 16(16)] = 7         [ 18(912402)] = 1         [ 21(21)] = 3         
[ 27(912411)] = 1         [ 32(101664)] = 1         [ 32(25632)] = 8         [ 32(203040)] = 1         
[ 34(16674)] = 1         [ 34(100386)] = 2         [ 34(3170)] = 4         [ 40(1622056)] = 2         
[ 52(3244148)] = 1         [ 59(1621947)] = 2         [ 60(479932)] = 1         
* Recycled Memory       : 49076432 Bytes
* Inused Memory         : 130563576 Bytes
0.000000, 0.000168, 0.001361, 0.004498, 0.025262, 0.248797, 0.434067, 0.456213, 37.772152
0.000030, 0.000335, 0.001223, 0.004202, 0.012784, 0.067659, 0.348682, 0.451922, 39.133265
0.000109, 0.000454, 0.001549, 0.005129, 0.016720, 0.085365, 0.365481, 0.457534, 37.766200
0.000099, 0.000404, 0.001598, 0.005445, 0.015891, 0.081942, 0.367641, 0.452799, 37.893854
0.000148, 0.000335, 0.001391, 0.005198, 0.015418, 0.081055, 0.371439, 0.454930, 37.897117
0.000089, 0.000256, 0.001568, 0.004873, 0.015783, 0.081084, 0.366872, 0.457564, 38.366493
0.000079, 0.000375, 0.001460, 0.005031, 0.014688, 0.080443, 0.368707, 0.454200, 38.219119
0.000049, 0.000572, 0.001351, 0.005129, 0.016572, 0.082663, 0.369535, 0.456893, 38.095655
0.000118, 0.000592, 0.001559, 0.004340, 0.016315, 0.078500, 0.367977, 0.452760, 37.563076
0.000148, 0.000306, 0.001312, 0.004824, 0.015073, 0.078855, 0.366398, 0.457712, 37.992493
0.000089, 0.000237, 0.001430, 0.005139, 0.014599, 0.078500, 0.367237, 0.450965, 38.459999
0.000168, 0.000513, 0.001430, 0.004439, 0.014274, 0.077415, 0.362137, 0.455621, 37.553456
0.000099, 0.000237, 0.000908, 0.003906, 0.014343, 0.076359, 0.362699, 0.455344, 38.826119
0.000059, 0.000306, 0.001420, 0.004242, 0.014185, 0.071546, 0.356357, 0.452553, 38.759773
0.000020, 0.000256, 0.001460, 0.004360, 0.013928, 0.065765, 0.351385, 0.454733, 39.251988
0.000049, 0.000276, 0.001075, 0.003956, 0.013642, 0.061168, 0.342408, 0.451448, 39.272941
0.000049, 0.000355, 0.001450, 0.003985, 0.013445, 0.062056, 0.344658, 0.457317, 38.863830
0.000039, 0.000414, 0.001203, 0.003630, 0.012991, 0.064936, 0.352381, 0.459270, 38.954695
0.000039, 0.000217, 0.001075, 0.004054, 0.013258, 0.062046, 0.341856, 0.451478, 39.481781
0.000109, 0.000247, 0.001223, 0.003906, 0.013800, 0.063398, 0.343020, 0.455739, 38.707234
0.000059, 0.000414, 0.001490, 0.004449, 0.014323, 0.070204, 0.355479, 0.455404, 38.456960
0.000089, 0.000345, 0.001420, 0.004547, 0.014461, 0.071930, 0.358487, 0.453638, 38.503327
0.000128, 0.000187, 0.001460, 0.003581, 0.013494, 0.063733, 0.344371, 0.449850, 38.599741
0.000049, 0.000276, 0.000730, 0.002644, 0.009065, 0.035432, 0.226217, 0.430546, 40.471672
0.000020, 0.000197, 0.000681, 0.002683, 0.007556, 0.029050, 0.178149, 0.419922, 41.501732
0.000020, 0.000099, 0.000631, 0.003245, 0.008503, 0.029001, 0.194001, 0.425722, 41.665390
0.000089, 0.000207, 0.000878, 0.002200, 0.008799, 0.026209, 0.163905, 0.420484, 40.482320
0.000109, 0.000109, 0.000326, 0.002653, 0.006846, 0.022175, 0.144689, 0.416154, 41.121476
0.000049, 0.000059, 0.000543, 0.002229, 0.007161, 0.031151, 0.179835, 0.423522, 41.852088
0.000000, 0.000178, 0.000621, 0.002377, 0.008434, 0.025144, 0.156447, 0.419606, 42.152456
0.000059, 0.000217, 0.000878, 0.002959, 0.008700, 0.032414, 0.221936, 0.431986, 40.429764
0.000069, 0.000306, 0.000690, 0.002871, 0.009272, 0.039753, 0.279159, 0.436385, 39.940551
0.000010, 0.000187, 0.001115, 0.003344, 0.009993, 0.049805, 0.319652, 0.446348, 40.272231
0.000039, 0.000286, 0.001085, 0.003275, 0.011541, 0.052350, 0.330936, 0.452257, 39.592913
0.000059, 0.000296, 0.001233, 0.004508, 0.012656, 0.063980, 0.351030, 0.455877, 38.956539
0.000118, 0.000473, 0.001736, 0.004646, 0.013465, 0.075541, 0.361831, 0.456262, 37.832665
0.000118, 0.000306, 0.001588, 0.003670, 0.015240, 0.078855, 0.369811, 0.455256, 38.167112
0.000059, 0.000543, 0.001490, 0.004173, 0.016424, 0.085868, 0.374941, 0.455532, 38.079054
0.000039, 0.000326, 0.001450, 0.004449, 0.016838, 0.088305, 0.373363, 0.456232, 38.557855
0.000059, 0.000375, 0.001401, 0.004567, 0.014737, 0.086500, 0.370729, 0.457189, 38.397094
0.000030, 0.000355, 0.001598, 0.004597, 0.015438, 0.081597, 0.375690, 0.456420, 38.599903
0.000079, 0.000227, 0.001263, 0.003877, 0.013810, 0.076152, 0.360539, 0.455374, 38.875983
0.000128, 0.000473, 0.001430, 0.003857, 0.013406, 0.059718, 0.344145, 0.454476, 38.093535
0.000059, 0.000187, 0.001223, 0.004094, 0.011403, 0.049815, 0.322670, 0.448548, 39.464351
0.000079, 0.000197, 0.001055, 0.002989, 0.010180, 0.048927, 0.320914, 0.444721, 39.616999
0.000030, 0.000434, 0.000898, 0.002476, 0.010939, 0.045257, 0.300683, 0.443034, 39.742942
0.000079, 0.000286, 0.000878, 0.003038, 0.010930, 0.046954, 0.316623, 0.446329, 39.473918
0.000138, 0.000256, 0.000977, 0.003709, 0.012399, 0.052951, 0.329516, 0.451537, 38.773118
0.000059, 0.000207, 0.000760, 0.003245, 0.010782, 0.042377, 0.303958, 0.443714, 40.050944
0.000059, 0.000138, 0.000631, 0.003305, 0.011107, 0.045672, 0.316456, 0.442629, 40.236639
0.000148, 0.000326, 0.000838, 0.002634, 0.010091, 0.045425, 0.318517, 0.447325, 38.907795
0.000020, 0.000158, 0.000927, 0.003561, 0.010663, 0.043196, 0.306325, 0.442994, 40.399698
0.000020, 0.000197, 0.000750, 0.003462, 0.010239, 0.038658, 0.272915, 0.437737, 40.656225
0.000168, 0.000395, 0.001065, 0.003482, 0.010604, 0.048187, 0.319711, 0.446378, 38.344180
0.000049, 0.000365, 0.001223, 0.003393, 0.010121, 0.046461, 0.311287, 0.444296, 39.377399
0.000099, 0.000227, 0.000838, 0.002821, 0.010515, 0.034683, 0.255761, 0.436494, 39.802760
0.000010, 0.000178, 0.000602, 0.003186, 0.010150, 0.033558, 0.248432, 0.436326, 41.174605
0.000089, 0.000227, 0.000809, 0.002890, 0.009460, 0.035896, 0.249921, 0.434136, 39.964009
0.000118, 0.000168, 0.001075, 0.003206, 0.009529, 0.045070, 0.301807, 0.442432, 39.376035
0.000128, 0.000355, 0.000977, 0.004034, 0.012113, 0.060093, 0.335642, 0.450284, 38.564378
0.000118, 0.000296, 0.000977, 0.003827, 0.012133, 0.060310, 0.345013, 0.451231, 38.737144
0.000049, 0.000247, 0.001272, 0.004547, 0.012242, 0.059649, 0.346265, 0.455157, 39.151174
0.000079, 0.000473, 0.001253, 0.004182, 0.012774, 0.059639, 0.338256, 0.453776, 38.524993
0.000109, 0.000414, 0.001164, 0.003916, 0.013396, 0.064098, 0.353604, 0.455325, 38.424551
0.000109, 0.000256, 0.000917, 0.004330, 0.014175, 0.063546, 0.350043, 0.455828, 38.779147
0.000069, 0.000079, 0.001065, 0.004015, 0.013307, 0.059945, 0.342014, 0.452247, 39.570709
0.000000, 0.000483, 0.001618, 0.004192, 0.013169, 0.060971, 0.338167, 0.453638, 38.899012
0.000148, 0.000266, 0.001549, 0.003413, 0.013840, 0.066229, 0.350685, 0.457268, 38.242216
0.000039, 0.000316, 0.001332, 0.004311, 0.014214, 0.071822, 0.357461, 0.456134, 38.939609
0.000168, 0.000385, 0.001460, 0.004538, 0.013958, 0.071940, 0.359553, 0.453214, 37.763829
0.000109, 0.000316, 0.000927, 0.003847, 0.013129, 0.061366, 0.345910, 0.454940, 38.781446
0.000059, 0.000286, 0.001164, 0.003778, 0.012498, 0.057173, 0.333846, 0.450195, 39.230480
0.000128, 0.000217, 0.001095, 0.003660, 0.013573, 0.065706, 0.347844, 0.454871, 38.673415
0.000030, 0.000424, 0.001509, 0.003808, 0.013711, 0.065943, 0.345240, 0.455660, 38.837295
0.000039, 0.000286, 0.001184, 0.004883, 0.014155, 0.069602, 0.351316, 0.454901, 39.015940
0.000030, 0.000168, 0.001460, 0.004922, 0.013366, 0.071644, 0.361022, 0.456538, 39.205415
0.000039, 0.000345, 0.001213, 0.004459, 0.015250, 0.074041, 0.360657, 0.455335, 38.846625
0.000069, 0.000306, 0.001322, 0.004459, 0.013909, 0.070007, 0.357521, 0.454082, 38.701269
0.000099, 0.000178, 0.001085, 0.004350, 0.013761, 0.064710, 0.351020, 0.455118, 38.953851
0.000000, 0.000227, 0.001549, 0.003512, 0.013573, 0.065223, 0.349018, 0.456617, 39.615347
0.000020, 0.000326, 0.001430, 0.004104, 0.013544, 0.068073, 0.355498, 0.456272, 39.098945
0.000099, 0.000276, 0.001095, 0.003610, 0.013800, 0.064276, 0.347439, 0.456203, 38.799997
0.000178, 0.000296, 0.000967, 0.003808, 0.012370, 0.062411, 0.346433, 0.454269, 38.261016
0.000128, 0.000385, 0.001085, 0.003719, 0.014402, 0.072394, 0.357895, 0.454644, 38.290152
0.000069, 0.000365, 0.000947, 0.004538, 0.014086, 0.075333, 0.360026, 0.454309, 38.721036
0.000030, 0.000256, 0.001450, 0.004972, 0.014520, 0.075906, 0.365313, 0.456459, 38.928614
0.000158, 0.000385, 0.001470, 0.005327, 0.016493, 0.093415, 0.380327, 0.455966, 37.522708
0.000020, 0.000493, 0.001805, 0.004843, 0.016809, 0.103920, 0.385969, 0.457534, 38.061349
0.000158, 0.000404, 0.001854, 0.005603, 0.016098, 0.112433, 0.389767, 0.455098, 37.172698
0.000079, 0.000306, 0.001776, 0.005129, 0.018397, 0.129015, 0.403261, 0.454664, 37.745589
===========END============
=========================================
=              Memory Manager           =
=========================================
* Block size            : 32440320 Bytes
* Number of blocks      : 7
* Free mem in last block: 12975764
* Total mem alloced     : 214106476 Bytes

* Recycle list          : 
[  0(0)] = 1         [  1(50689)] = 3         [  3(3)] = 2         [  4(202756)] = 3         
[  4(506372)] = 1         [  6(6)] = 1         [  8(8)] = 1         [  8(205064)] = 6         
[  8(1622024)] = 13        [ 12(945036)] = 1         [ 16(16)] = 7         [ 18(912402)] = 1         
[ 21(21)] = 3         [ 27(912411)] = 1         [ 32(101664)] = 1         [ 32(25632)] = 8         
[ 32(203040)] = 1         [ 34(16674)] = 1         [ 34(100386)] = 2         [ 34(3170)] = 4         
[ 40(1622056)] = 2         [ 52(3244148)] = 1         [ 59(1621947)] = 2         [ 60(479932)] = 1         

* Recycled Memory       : 51101924 Bytes
* Inused Memory         : 163004552 Bytes
0.000030, 0.000000, 0.000464, 0.001943, 0.007339, 0.047171, 0.338157, 0.449929, 41.604699
0.000049, 0.000217, 0.000385, 0.002081, 0.004666, 0.017726, 0.115185, 0.405382, 42.024896
0.000020, 0.000168, 0.000572, 0.002111, 0.006205, 0.023043, 0.156497, 0.421254, 42.155972
0.000030, 0.000276, 0.000473, 0.002506, 0.005928, 0.021731, 0.152975, 0.419695, 41.569049
0.000049, 0.000138, 0.000513, 0.002141, 0.006816, 0.022934, 0.154287, 0.419932, 41.820835
0.000059, 0.000158, 0.000592, 0.002308, 0.006145, 0.021672, 0.156033, 0.419439, 41.495229
0.000059, 0.000109, 0.000493, 0.002249, 0.007191, 0.023516, 0.151525, 0.421372, 41.724814
0.000049, 0.000217, 0.000365, 0.001785, 0.006718, 0.024315, 0.158765, 0.421027, 41.824333
0.000020, 0.000079, 0.000543, 0.002732, 0.006362, 0.022234, 0.149414, 0.418797, 42.487482
0.000000, 0.000197, 0.000306, 0.001854, 0.006737, 0.023191, 0.151574, 0.419231, 42.765187
0.000020, 0.000128, 0.000365, 0.001776, 0.005800, 0.023082, 0.153725, 0.416933, 42.786773
0.000059, 0.000306, 0.000385, 0.002141, 0.006589, 0.021603, 0.144620, 0.415335, 41.204200
0.000049, 0.000118, 0.000582, 0.002279, 0.006372, 0.019975, 0.138918, 0.415670, 41.938441
0.000000, 0.000168, 0.000602, 0.002496, 0.005741, 0.018624, 0.123954, 0.408548, 42.669109
0.000020, 0.000158, 0.000326, 0.001864, 0.005445, 0.018643, 0.117720, 0.406546, 42.909863
0.000069, 0.000197, 0.000493, 0.001687, 0.005021, 0.017410, 0.106741, 0.399690, 41.804075
0.000030, 0.000099, 0.000335, 0.002032, 0.005563, 0.017677, 0.108428, 0.398911, 43.087333
0.000059, 0.000187, 0.000326, 0.002032, 0.005514, 0.019758, 0.117878, 0.407187, 41.932680
0.000049, 0.000099, 0.000237, 0.001983, 0.004745, 0.017795, 0.102815, 0.400075, 42.905025
0.000049, 0.000247, 0.000286, 0.002180, 0.004311, 0.017351, 0.106534, 0.399483, 42.063100
0.000020, 0.000059, 0.000483, 0.002259, 0.005850, 0.018979, 0.123343, 0.409821, 43.050179
0.000059, 0.000148, 0.000572, 0.002012, 0.005721, 0.019788, 0.129054, 0.410827, 41.805143
0.000030, 0.000256, 0.000552, 0.002328, 0.005534, 0.017509, 0.104897, 0.400134, 41.951215
0.000000, 0.000020, 0.000395, 0.001263, 0.003808, 0.011571, 0.052872, 0.347863, 45.548851
0.000020, 0.000020, 0.000345, 0.001085, 0.002584, 0.011285, 0.043570, 0.328746, 45.457109
0.000039, 0.000118, 0.000335, 0.000819, 0.003048, 0.012478, 0.047802, 0.331380, 43.962780
0.000059, 0.000128, 0.000266, 0.001105, 0.003275, 0.010565, 0.043847, 0.327287, 43.452790
0.000049, 0.000030, 0.000197, 0.000720, 0.002239, 0.009450, 0.036587, 0.312391, 44.964882
0.000020, 0.000109, 0.000276, 0.000769, 0.003196, 0.010387, 0.043225, 0.321161, 44.880298
0.000030, 0.000000, 0.000404, 0.000829, 0.003068, 0.010555, 0.040315, 0.321457, 45.194821
0.000020, 0.000128, 0.000326, 0.001174, 0.002772, 0.011028, 0.052577, 0.350537, 44.335737
0.000020, 0.000118, 0.000227, 0.001480, 0.004330, 0.013810, 0.071368, 0.368332, 44.048715
0.000030, 0.000168, 0.000533, 0.001647, 0.004597, 0.014787, 0.083501, 0.381195, 42.871995
0.000079, 0.000099, 0.000365, 0.001746, 0.004419, 0.015980, 0.090278, 0.388711, 42.327006
0.000000, 0.000197, 0.000552, 0.002101, 0.004794, 0.016661, 0.111279, 0.402876, 42.914449
0.000059, 0.000178, 0.000533, 0.001568, 0.005218, 0.019827, 0.132448, 0.412889, 41.886476
0.000049, 0.000138, 0.000631, 0.002269, 0.005711, 0.021455, 0.146583, 0.418768, 41.789348
0.000020, 0.000158, 0.000829, 0.002486, 0.006806, 0.021701, 0.160837, 0.423838, 41.836977
0.000000, 0.000148, 0.000523, 0.002338, 0.007073, 0.023033, 0.163056, 0.423325, 42.540194
0.000030, 0.000168, 0.000543, 0.002348, 0.006658, 0.023043, 0.154494, 0.418896, 41.950740
0.000000, 0.000197, 0.000385, 0.002486, 0.006964, 0.022224, 0.159959, 0.420928, 42.462600
0.000039, 0.000118, 0.000454, 0.001766, 0.005504, 0.020005, 0.129774, 0.412849, 42.486863
0.000059, 0.000178, 0.000404, 0.002081, 0.004370, 0.017332, 0.106583, 0.398280, 42.095278
0.000049, 0.000020, 0.000306, 0.001420, 0.004281, 0.016049, 0.081696, 0.382073, 43.645533
0.000059, 0.000109, 0.000256, 0.002456, 0.003571, 0.015270, 0.080680, 0.377239, 42.745865
0.000020, 0.000069, 0.000454, 0.001430, 0.004025, 0.014994, 0.076063, 0.377880, 43.936509
0.000020, 0.000020, 0.000306, 0.001519, 0.003383, 0.016029, 0.078934, 0.378600, 44.559510
0.000069, 0.000168, 0.000256, 0.001687, 0.004952, 0.015477, 0.088857, 0.387676, 42.308368
0.000109, 0.000128, 0.000513, 0.001450, 0.003591, 0.014747, 0.072394, 0.376430, 41.781437
0.000030, 0.000128, 0.000335, 0.001766, 0.004094, 0.016197, 0.077454, 0.378946, 43.311647
0.000089, 0.000187, 0.000395, 0.001440, 0.004015, 0.014648, 0.080473, 0.383306, 41.902568
0.000000, 0.000168, 0.000385, 0.001618, 0.003788, 0.015684, 0.077671, 0.377269, 43.869671
0.000030, 0.000217, 0.000454, 0.001233, 0.003581, 0.014846, 0.063013, 0.365313, 43.035205
0.000069, 0.000138, 0.000434, 0.002259, 0.004064, 0.015714, 0.083521, 0.384154, 42.186962
0.000030, 0.000039, 0.000404, 0.001726, 0.004469, 0.015221, 0.076349, 0.378847, 43.800146
0.000020, 0.000207, 0.000355, 0.001420, 0.003975, 0.013317, 0.061040, 0.359148, 43.389324
0.000000, 0.000069, 0.000612, 0.001036, 0.003522, 0.012922, 0.058288, 0.354334, 44.729737
0.000000, 0.000030, 0.000256, 0.001302, 0.003147, 0.013455, 0.059018, 0.358655, 45.737620
0.000049, 0.000099, 0.000316, 0.001667, 0.003778, 0.014560, 0.070737, 0.373471, 43.206705
0.000049, 0.000059, 0.000661, 0.001697, 0.004833, 0.017371, 0.103831, 0.397431, 42.605638
0.000020, 0.000079, 0.000414, 0.001805, 0.004686, 0.018200, 0.101957, 0.400292, 43.463000
0.000000, 0.000118, 0.000523, 0.001933, 0.004893, 0.018239, 0.110016, 0.405402, 43.396331
0.000049, 0.000069, 0.000395, 0.001756, 0.004755, 0.016740, 0.098593, 0.395488, 42.928611
0.000020, 0.000099, 0.000493, 0.001874, 0.005080, 0.016582, 0.119486, 0.407522, 43.117197
0.000109, 0.000138, 0.000592, 0.002111, 0.004824, 0.019442, 0.117779, 0.406674, 41.148590
0.000059, 0.000178, 0.000562, 0.002298, 0.004261, 0.018357, 0.106357, 0.399177, 41.818031
0.000049, 0.000118, 0.000464, 0.002052, 0.004360, 0.017253, 0.100704, 0.394275, 42.531417
0.000020, 0.000148, 0.000434, 0.001845, 0.004883, 0.017716, 0.110302, 0.405737, 42.959874
0.000039, 0.000069, 0.000562, 0.002338, 0.005198, 0.020330, 0.130563, 0.412149, 42.446670
0.000030, 0.000217, 0.000286, 0.001983, 0.005810, 0.019640, 0.124349, 0.409791, 42.370352
0.000020, 0.000109, 0.000651, 0.001943, 0.004814, 0.018407, 0.109266, 0.400548, 42.861211
0.000010, 0.000168, 0.000533, 0.001785, 0.003640, 0.017075, 0.095861, 0.392292, 43.170735
0.000049, 0.000099, 0.000533, 0.002101, 0.004232, 0.019028, 0.115225, 0.409042, 42.427997
0.000039, 0.000178, 0.000424, 0.001973, 0.005110, 0.016789, 0.106860, 0.401969, 42.470390
0.000099, 0.000158, 0.000592, 0.001894, 0.005356, 0.019324, 0.117483, 0.405846, 41.232966
0.000049, 0.000148, 0.000395, 0.001884, 0.005702, 0.020340, 0.126795, 0.412445, 42.196347
0.000030, 0.000128, 0.000681, 0.002121, 0.005869, 0.021711, 0.135279, 0.414280, 42.211383
0.000030, 0.000118, 0.000503, 0.001914, 0.005159, 0.019876, 0.127279, 0.410936, 42.676204
0.000049, 0.000109, 0.000316, 0.002180, 0.005317, 0.019334, 0.116290, 0.403478, 42.512706
0.000000, 0.000187, 0.000345, 0.002111, 0.005859, 0.019008, 0.114287, 0.406654, 43.086139
0.000030, 0.000118, 0.000454, 0.001726, 0.005248, 0.019107, 0.120571, 0.410531, 42.791995
0.000000, 0.000168, 0.000503, 0.001825, 0.004656, 0.017627, 0.113557, 0.402117, 43.226381
0.000000, 0.000089, 0.000612, 0.001845, 0.004676, 0.018959, 0.109266, 0.402492, 43.515154
0.000049, 0.000069, 0.000454, 0.002170, 0.006244, 0.019955, 0.127880, 0.410067, 42.396264
0.000059, 0.000197, 0.000572, 0.002466, 0.005997, 0.019857, 0.132161, 0.414418, 41.459909
0.000000, 0.000247, 0.000533, 0.002141, 0.005702, 0.020389, 0.141533, 0.416065, 42.346311
0.000000, 0.000128, 0.000552, 0.002131, 0.006836, 0.024986, 0.180871, 0.425002, 42.518609
0.000079, 0.000089, 0.000641, 0.002456, 0.006846, 0.026456, 0.202888, 0.426827, 41.066841
0.000079, 0.000187, 0.000375, 0.002101, 0.007615, 0.028271, 0.212910, 0.428977, 40.953005
0.000049, 0.000138, 0.000523, 0.003097, 0.007231, 0.030629, 0.243056, 0.433357, 41.113738
===========END============
=========================================
=              Memory Manager           =
=========================================
* Block size            : 32440320 Bytes
* Number of blocks      : 9
* Free mem in last block: 29196252
* Total mem alloced     : 262766628 Bytes

* Recycle list          : 
[  0(0)] = 1         [  1(50689)] = 3         [  3(3)] = 2         [  4(202756)] = 3         
[  4(506372)] = 1         [  6(6)] = 1         [  8(8)] = 1         [  8(205064)] = 6         
[  8(1622024)] = 13        [ 12(945036)] = 1         [ 16(16)] = 7         [ 18(912402)] = 1         
[ 21(21)] = 3         [ 27(912411)] = 1         [ 32(101664)] = 1         [ 32(25632)] = 8         
[ 32(203040)] = 1         [ 34(16674)] = 1         [ 34(100386)] = 2         [ 34(3170)] = 4         
[ 36(3243940)] = 1         [ 36(810852)] = 1         [ 40(1622056)] = 2         [ 52(3244148)] = 1         
[ 59(1621947)] = 2         [ 60(479932)] = 1         
* Recycled Memory       : 67321100 Bytes
* Inused Memory         : 195445528 Bytes
0.000000, 0.000000, 0.000128, 0.000572, 0.002880, 0.011896, 0.072197, 0.376598, 46.949745
0.000000, 0.000039, 0.000217, 0.000572, 0.001993, 0.005593, 0.023003, 0.175949, 48.073732
0.000030, 0.000000, 0.000118, 0.000464, 0.002515, 0.005563, 0.026357, 0.216274, 46.987674
0.000030, 0.000059, 0.000306, 0.000908, 0.001904, 0.006027, 0.024582, 0.209843, 45.574363
0.000000, 0.000030, 0.000158, 0.000710, 0.001924, 0.006175, 0.025627, 0.213808, 48.125024
0.000039, 0.000128, 0.000109, 0.000602, 0.002308, 0.005928, 0.024503, 0.211776, 45.165093
0.000079, 0.000020, 0.000217, 0.000483, 0.002249, 0.005652, 0.025696, 0.213275, 44.592616
0.000000, 0.000000, 0.000069, 0.000838, 0.002081, 0.006629, 0.025164, 0.218957, 48.867194
0.000000, 0.000030, 0.000049, 0.000582, 0.002279, 0.005909, 0.025105, 0.206716, 48.740988
0.000000, 0.000059, 0.000266, 0.000799, 0.001795, 0.006234, 0.025963, 0.203391, 47.209016
0.000000, 0.000049, 0.000266, 0.000779, 0.001677, 0.006293, 0.025065, 0.202642, 47.402724
0.000020, 0.000059, 0.000464, 0.000621, 0.002032, 0.005366, 0.023674, 0.193951, 45.821912
0.000039, 0.000079, 0.000138, 0.000838, 0.001716, 0.005189, 0.024128, 0.188506, 45.566736
0.000020, 0.000030, 0.000276, 0.000661, 0.001854, 0.005948, 0.022826, 0.180082, 46.691193
0.000000, 0.000030, 0.000099, 0.000750, 0.002131, 0.005623, 0.022530, 0.178454, 48.540068
0.000000, 0.000059, 0.000197, 0.000395, 0.001924, 0.006175, 0.022047, 0.169656, 48.037103
0.000000, 0.000030, 0.000306, 0.001026, 0.002042, 0.005859, 0.022520, 0.173473, 47.407400
0.000000, 0.000000, 0.000187, 0.000513, 0.002436, 0.006096, 0.023585, 0.173374, 48.882906
0.000000, 0.000109, 0.000197, 0.000533, 0.001973, 0.005268, 0.023161, 0.168511, 47.163383
0.000000, 0.000079, 0.000187, 0.000750, 0.001667, 0.005790, 0.021830, 0.170672, 47.456271
0.000039, 0.000049, 0.000266, 0.000690, 0.001973, 0.005376, 0.021879, 0.177902, 45.623002
0.000000, 0.000059, 0.000148, 0.000612, 0.001746, 0.006027, 0.021770, 0.181059, 48.024209
0.000000, 0.000030, 0.000138, 0.000493, 0.001756, 0.004833, 0.022727, 0.164546, 48.931828
0.000000, 0.000030, 0.000049, 0.000256, 0.001342, 0.004439, 0.017174, 0.102263, 50.618701
0.000000, 0.000030, 0.000030, 0.000454, 0.001203, 0.004044, 0.015901, 0.083669, 50.725837
0.000000, 0.000020, 0.000039, 0.000217, 0.001529, 0.004005, 0.016819, 0.091590, 51.164041
0.000000, 0.000000, 0.000049, 0.000414, 0.001194, 0.003541, 0.013978, 0.078559, 51.838133
0.000000, 0.000020, 0.000089, 0.000227, 0.000967, 0.003255, 0.013208, 0.072473, 51.430998
0.000000, 0.000020, 0.000138, 0.000365, 0.001490, 0.003827, 0.016069, 0.079171, 50.243463
0.000030, 0.000000, 0.000059, 0.000168, 0.001371, 0.003837, 0.015102, 0.075787, 48.654346
0.000000, 0.000049, 0.000158, 0.000513, 0.001391, 0.004409, 0.017746, 0.101898, 48.971314
0.000000, 0.000000, 0.000128, 0.000266, 0.001233, 0.004616, 0.018476, 0.125444, 50.725604
0.000000, 0.000039, 0.000178, 0.000710, 0.001628, 0.005297, 0.019906, 0.150203, 48.423217
0.000000, 0.000000, 0.000168, 0.000385, 0.002002, 0.005554, 0.019827, 0.161942, 49.502477
0.000000, 0.000089, 0.000138, 0.000730, 0.001677, 0.005958, 0.022126, 0.179678, 47.486267
0.000020, 0.000059, 0.000237, 0.000661, 0.001440, 0.005356, 0.024601, 0.196901, 46.514589
0.000020, 0.000020, 0.000187, 0.000444, 0.001845, 0.006451, 0.025716, 0.206518, 47.213279
0.000000, 0.000099, 0.000217, 0.000434, 0.001983, 0.006106, 0.026130, 0.222686, 47.003838
0.000000, 0.000158, 0.000099, 0.000848, 0.002200, 0.006195, 0.025953, 0.228802, 46.265289
0.000049, 0.000039, 0.000187, 0.000612, 0.002210, 0.005968, 0.024552, 0.216185, 45.416906
0.000039, 0.000030, 0.000227, 0.000769, 0.001549, 0.006658, 0.024671, 0.220861, 45.775039
0.000000, 0.000109, 0.000256, 0.000720, 0.001628, 0.005731, 0.023398, 0.196812, 46.749397
0.000069, 0.000059, 0.000207, 0.000582, 0.001391, 0.005909, 0.021534, 0.172723, 44.751069
0.000000, 0.000069, 0.000118, 0.000750, 0.001943, 0.004972, 0.020498, 0.151653, 47.993593
0.000000, 0.000020, 0.000069, 0.000513, 0.001430, 0.005149, 0.020725, 0.150164, 49.738244
0.000020, 0.000000, 0.000207, 0.000572, 0.001223, 0.004498, 0.020064, 0.141592, 47.895100
0.000030, 0.000089, 0.000118, 0.000937, 0.001854, 0.005465, 0.021711, 0.144709, 45.961482
0.000020, 0.000049, 0.000237, 0.000483, 0.001785, 0.005800, 0.021366, 0.162169, 46.872814
0.000000, 0.000059, 0.000049, 0.000434, 0.001391, 0.004814, 0.019965, 0.134312, 49.189107
0.000030, 0.000000, 0.000158, 0.000503, 0.001716, 0.004538, 0.020991, 0.144048, 47.378735
0.000049, 0.000049, 0.000217, 0.000760, 0.001440, 0.005800, 0.022520, 0.149177, 45.458313
0.000000, 0.000000, 0.000059, 0.000414, 0.001953, 0.005317, 0.019827, 0.137912, 50.384030
0.000000, 0.000010, 0.000197, 0.000523, 0.001282, 0.004636, 0.018545, 0.122475, 49.490332
0.000020, 0.000020, 0.000158, 0.000276, 0.001904, 0.005179, 0.021889, 0.152087, 47.780731
0.000000, 0.000049, 0.000197, 0.000720, 0.001815, 0.004518, 0.019946, 0.144176, 48.098877
0.000000, 0.000020, 0.000227, 0.000631, 0.001391, 0.004764, 0.019137, 0.116014, 48.936364
0.000000, 0.000030, 0.000118, 0.000483, 0.001282, 0.005731, 0.018476, 0.115511, 49.475243
0.000000, 0.000089, 0.000030, 0.000523, 0.001549, 0.004212, 0.017529, 0.114613, 48.687334
0.000030, 0.000020, 0.000118, 0.000572, 0.001628, 0.005563, 0.020222, 0.136285, 47.253137
0.000039, 0.000128, 0.000148, 0.000513, 0.001450, 0.005554, 0.021465, 0.165049, 45.391205
0.000000, 0.000089, 0.000237, 0.000503, 0.001184, 0.005386, 0.021721, 0.169981, 47.508445
0.000000, 0.000128, 0.000256, 0.000700, 0.001746, 0.005228, 0.023566, 0.171135, 46.593852
0.000020, 0.000059, 0.000247, 0.000483, 0.002555, 0.005011, 0.022540, 0.169202, 46.529852
0.000000, 0.000030, 0.000256, 0.000631, 0.002229, 0.006353, 0.021642, 0.182449, 47.889828
0.000030, 0.000069, 0.000187, 0.000592, 0.001963, 0.005800, 0.021327, 0.178474, 46.105607
0.000010, 0.000000, 0.000375, 0.000651, 0.002002, 0.005425, 0.022451, 0.168018, 47.376070
0.000030, 0.000039, 0.000237, 0.000819, 0.002131, 0.004972, 0.023023, 0.165049, 46.159282
0.000000, 0.000079, 0.000148, 0.000483, 0.001726, 0.005909, 0.023438, 0.177892, 47.825383
0.000000, 0.000059, 0.000227, 0.000266, 0.001795, 0.005840, 0.024651, 0.187648, 47.961790
0.000030, 0.000030, 0.000286, 0.000602, 0.001736, 0.005642, 0.023872, 0.185527, 46.263700
0.000000, 0.000039, 0.000187, 0.000661, 0.001736, 0.005406, 0.022974, 0.173009, 48.232093
0.000000, 0.000000, 0.000059, 0.000681, 0.001499, 0.005948, 0.022165, 0.162908, 49.842961
0.000020, 0.000049, 0.000237, 0.000316, 0.001973, 0.005899, 0.023191, 0.180694, 46.857258
0.000030, 0.000030, 0.000089, 0.000375, 0.001647, 0.005287, 0.023724, 0.174045, 47.162526
0.000030, 0.000039, 0.000217, 0.000395, 0.001519, 0.005248, 0.023724, 0.180773, 46.618187
0.000049, 0.000069, 0.000434, 0.000562, 0.001943, 0.005968, 0.021899, 0.185971, 44.769700
0.000020, 0.000089, 0.000187, 0.000690, 0.001943, 0.006155, 0.025075, 0.190213, 46.183428
0.000000, 0.000030, 0.000049, 0.000464, 0.002022, 0.005632, 0.023645, 0.183900, 49.169745
0.000000, 0.000000, 0.000385, 0.000464, 0.001805, 0.005386, 0.021839, 0.177202, 48.250505
0.000000, 0.000059, 0.000217, 0.000592, 0.001667, 0.005100, 0.022698, 0.176847, 47.820195
0.000000, 0.000079, 0.000247, 0.000493, 0.001164, 0.005978, 0.023783, 0.179510, 47.532193
0.000010, 0.000000, 0.000395, 0.000789, 0.001174, 0.006037, 0.021948, 0.179974, 47.304223
0.000099, 0.000099, 0.000326, 0.000661, 0.001480, 0.005129, 0.021435, 0.171648, 43.430873
0.000000, 0.000109, 0.000483, 0.000473, 0.001756, 0.006471, 0.024177, 0.188506, 46.206389
0.000000, 0.000000, 0.000385, 0.000572, 0.001549, 0.006234, 0.022135, 0.197118, 48.046672
0.000030, 0.000079, 0.000247, 0.000779, 0.002486, 0.005179, 0.023102, 0.198548, 45.608669
0.000049, 0.000118, 0.000326, 0.000661, 0.002397, 0.006836, 0.028024, 0.252949, 44.286192
0.000000, 0.000030, 0.000247, 0.000730, 0.002002, 0.006116, 0.030234, 0.281516, 47.353445
0.000000, 0.000020, 0.000237, 0.000533, 0.001983, 0.006007, 0.032345, 0.291144, 47.704222
0.000000, 0.000059, 0.000286, 0.000543, 0.002081, 0.008079, 0.040226, 0.321042, 46.610573
===========END============
=========================================
=              Memory Manager           =
=========================================
* Block size            : 32440320 Bytes
* Number of blocks      : 10
* Free mem in last block: 25952184
* Total mem alloced     : 298451016 Bytes

* Recycle list          : 
[  0(0)] = 1         [  1(50689)] = 3         [  3(3)] = 2         [  4(202756)] = 3         
[  4(506372)] = 1         [  6(6)] = 1         [  8(8)] = 1         [  8(205064)] = 6         
[  8(1622024)] = 13        [ 12(945036)] = 1         [ 16(16)] = 7         [ 18(912402)] = 1         
[ 21(21)] = 3         [ 27(912411)] = 1         [ 32(101664)] = 1         [ 32(25632)] = 8         
[ 32(203040)] = 1         [ 34(16674)] = 1         [ 34(100386)] = 2         [ 34(3170)] = 4         
[ 36(3243940)] = 1         [ 36(810852)] = 2         [ 40(1622056)] = 2         [ 52(3244148)] = 1         
[ 59(1621947)] = 2         [ 60(479932)] = 1         
* Recycled Memory       : 67321100 Bytes
* Inused Memory         : 231129916 Bytes
0.000000, 0.000030, 0.000118, 0.000128, 0.000760, 0.004261, 0.017045, 0.085987, 50.765339
0.000000, 0.000000, 0.000030, 0.000049, 0.000572, 0.001292, 0.005465, 0.022737, 56.514324
0.000059, 0.000030, 0.000030, 0.000237, 0.000769, 0.001440, 0.007161, 0.027541, 46.966685
0.000030, 0.000000, 0.000049, 0.000148, 0.000750, 0.001914, 0.005948, 0.027728, 49.657859
0.000000, 0.000000, 0.000030, 0.000059, 0.000779, 0.001420, 0.006530, 0.028616, 55.755558
0.000000, 0.000000, 0.000148, 0.000178, 0.000681, 0.001618, 0.007013, 0.026614, 53.050791
0.000000, 0.000000, 0.000030, 0.000306, 0.000572, 0.002022, 0.006530, 0.027669, 54.485209
0.000000, 0.000000, 0.000079, 0.000020, 0.000503, 0.001736, 0.006362, 0.028054, 55.127192
0.000000, 0.000049, 0.000000, 0.000049, 0.000661, 0.001480, 0.006787, 0.027403, 52.870004
0.000000, 0.000000, 0.000020, 0.000365, 0.000503, 0.001568, 0.006540, 0.027847, 54.598823
0.000000, 0.000010, 0.000059, 0.000138, 0.000493, 0.001874, 0.006343, 0.029642, 54.096742
0.000000, 0.000010, 0.000089, 0.000178, 0.000641, 0.001391, 0.007201, 0.025943, 53.430249
0.000000, 0.000000, 0.000010, 0.000237, 0.000720, 0.001608, 0.006195, 0.025499, 55.292260
0.000049, 0.000000, 0.000059, 0.000178, 0.000572, 0.001559, 0.005652, 0.023911, 48.040752
0.000020, 0.000059, 0.000079, 0.000335, 0.000809, 0.001588, 0.006333, 0.023901, 48.790023
0.000000, 0.000030, 0.000020, 0.000118, 0.000572, 0.001677, 0.006885, 0.022796, 53.583131
0.000000, 0.000049, 0.000000, 0.000069, 0.000602, 0.001391, 0.005672, 0.022155, 53.001069
0.000000, 0.000000, 0.000049, 0.000168, 0.000621, 0.001549, 0.005978, 0.022096, 55.035490
0.000000, 0.000000, 0.000000, 0.000049, 0.000592, 0.001490, 0.005899, 0.022264, 57.326201
0.000030, 0.000000, 0.000118, 0.000099, 0.000424, 0.001361, 0.005366, 0.020912, 49.541249
0.000000, 0.000000, 0.000000, 0.000059, 0.000612, 0.001253, 0.005534, 0.024128, 57.308794
0.000000, 0.000000, 0.000148, 0.000266, 0.000690, 0.001371, 0.005751, 0.024651, 52.875494
0.000000, 0.000000, 0.000020, 0.000109, 0.000671, 0.001016, 0.005632, 0.022816, 56.300027
0.000000, 0.000000, 0.000059, 0.000148, 0.000543, 0.001026, 0.003640, 0.014737, 55.597562
0.000000, 0.000030, 0.000000, 0.000000, 0.000326, 0.000986, 0.003117, 0.011304, 55.538674
0.000000, 0.000000, 0.000000, 0.000148, 0.000276, 0.000829, 0.002782, 0.011748, 58.513272
0.000000, 0.000000, 0.000000, 0.000069, 0.000385, 0.000838, 0.002703, 0.009953, 59.297699
0.000000, 0.000000, 0.000000, 0.000089, 0.000237, 0.000799, 0.002338, 0.009785, 59.739175
0.000000, 0.000000, 0.000000, 0.000089, 0.000247, 0.000947, 0.002969, 0.011235, 59.278685
0.000000, 0.000000, 0.000000, 0.000109, 0.000424, 0.000493, 0.002289, 0.009825, 59.001468
0.000000, 0.000020, 0.000049, 0.000109, 0.000385, 0.001371, 0.004291, 0.013978, 54.386414
0.000000, 0.000000, 0.000059, 0.000059, 0.000444, 0.001065, 0.004824, 0.018614, 56.120009
0.000000, 0.000000, 0.000000, 0.000158, 0.000414, 0.001440, 0.005494, 0.019087, 56.957193
0.000000, 0.000000, 0.000000, 0.000148, 0.000473, 0.001194, 0.005021, 0.020991, 57.028064
0.000000, 0.000000, 0.000039, 0.000059, 0.000612, 0.001223, 0.005652, 0.023438, 56.101444
0.000000, 0.000000, 0.000049, 0.000158, 0.000829, 0.001519, 0.006718, 0.026703, 54.672385
0.000000, 0.000000, 0.000020, 0.000345, 0.000543, 0.001430, 0.007388, 0.026722, 54.647342
0.000000, 0.000000, 0.000030, 0.000158, 0.000710, 0.001815, 0.007201, 0.028399, 55.055912
0.000000, 0.000000, 0.000039, 0.000128, 0.000769, 0.001924, 0.007132, 0.033124, 54.806786
0.000000, 0.000000, 0.000030, 0.000030, 0.000858, 0.001233, 0.007201, 0.028695, 55.849794
0.000000, 0.000020, 0.000049, 0.000138, 0.000631, 0.001568, 0.006402, 0.029326, 53.584634
0.000000, 0.000000, 0.000020, 0.000118, 0.000681, 0.001381, 0.005524, 0.025746, 55.962470
0.000000, 0.000000, 0.000000, 0.000109, 0.000957, 0.001578, 0.005958, 0.022747, 56.061357
0.000000, 0.000000, 0.000030, 0.000099, 0.000424, 0.000848, 0.005702, 0.020212, 56.697656
0.000000, 0.000000, 0.000099, 0.000069, 0.000730, 0.000996, 0.005337, 0.020015, 54.658112
0.000000, 0.000020, 0.000059, 0.000178, 0.000326, 0.001480, 0.004962, 0.018910, 53.808689
0.000000, 0.000039, 0.000059, 0.000237, 0.000464, 0.000937, 0.006718, 0.019561, 52.403419
0.000000, 0.000020, 0.000000, 0.000158, 0.000582, 0.001322, 0.005613, 0.020389, 54.636215
0.000000, 0.000000, 0.000020, 0.000158, 0.000671, 0.001036, 0.004824, 0.018772, 56.155746
0.000000, 0.000000, 0.000000, 0.000049, 0.000592, 0.001085, 0.005366, 0.020804, 57.702242
0.000000, 0.000000, 0.000039, 0.000158, 0.000513, 0.001154, 0.005307, 0.020409, 55.740708
0.000000, 0.000030, 0.000030, 0.000089, 0.000533, 0.000888, 0.004419, 0.018278, 54.001676
0.000000, 0.000000, 0.000000, 0.000128, 0.000385, 0.001085, 0.004903, 0.017706, 57.656681
0.000000, 0.000000, 0.000030, 0.000059, 0.000513, 0.001134, 0.005889, 0.020863, 56.644394
0.000000, 0.000000, 0.000000, 0.000148, 0.000641, 0.001203, 0.005228, 0.017953, 56.763758
0.000030, 0.000000, 0.000059, 0.000148, 0.000385, 0.000947, 0.004666, 0.017105, 49.939921
0.000000, 0.000020, 0.000000, 0.000030, 0.000286, 0.000937, 0.004340, 0.018002, 56.172634
0.000000, 0.000000, 0.000000, 0.000138, 0.000395, 0.000967, 0.004873, 0.015803, 57.652458
0.000000, 0.000000, 0.000020, 0.000030, 0.000503, 0.001332, 0.004784, 0.019590, 57.334395
0.000000, 0.000030, 0.000000, 0.000158, 0.000582, 0.000967, 0.005060, 0.022471, 54.006148
0.000000, 0.000000, 0.000000, 0.000030, 0.000651, 0.001332, 0.006037, 0.021899, 57.469863
0.000000, 0.000049, 0.000059, 0.000049, 0.000661, 0.001845, 0.006007, 0.022471, 52.185872
0.000000, 0.000069, 0.000020, 0.000187, 0.000671, 0.001085, 0.005258, 0.021445, 51.561633
0.000030, 0.000000, 0.000030, 0.000187, 0.000917, 0.001263, 0.005623, 0.023664, 49.750170
0.000000, 0.000000, 0.000148, 0.000178, 0.000671, 0.001322, 0.006057, 0.023783, 53.226533
0.000000, 0.000000, 0.000069, 0.000247, 0.000543, 0.001371, 0.004942, 0.021484, 54.478368
0.000000, 0.000000, 0.000030, 0.000099, 0.000671, 0.001302, 0.005751, 0.022481, 55.935253
0.000000, 0.000000, 0.000030, 0.000247, 0.000789, 0.001085, 0.005899, 0.024927, 54.905747
0.000000, 0.000030, 0.000020, 0.000109, 0.000809, 0.001499, 0.007349, 0.025282, 53.363277
0.000020, 0.000000, 0.000118, 0.000099, 0.000641, 0.001568, 0.006441, 0.024680, 50.455070
0.000000, 0.000000, 0.000020, 0.000118, 0.000612, 0.001332, 0.005840, 0.022668, 56.161459
0.000030, 0.000000, 0.000079, 0.000148, 0.000572, 0.001125, 0.005899, 0.021021, 49.668101
0.000000, 0.000030, 0.000030, 0.000207, 0.000917, 0.001194, 0.005741, 0.023655, 52.948272
0.000000, 0.000030, 0.000030, 0.000158, 0.000789, 0.001470, 0.005573, 0.021336, 53.213258
0.000000, 0.000000, 0.000030, 0.000049, 0.000543, 0.001411, 0.005958, 0.024601, 56.407870
0.000000, 0.000000, 0.000000, 0.000148, 0.000838, 0.001499, 0.005721, 0.023733, 56.024274
0.000000, 0.000000, 0.000099, 0.000178, 0.000483, 0.001825, 0.005909, 0.028005, 53.996050
0.000000, 0.000000, 0.000049, 0.000109, 0.000878, 0.001046, 0.006718, 0.026002, 55.038011
0.000000, 0.000000, 0.000059, 0.000168, 0.000592, 0.001559, 0.005672, 0.022402, 54.882163
0.000000, 0.000000, 0.000069, 0.000158, 0.000651, 0.001322, 0.005997, 0.024059, 54.662350
0.000000, 0.000000, 0.000059, 0.000168, 0.000375, 0.001342, 0.006076, 0.025687, 55.124618
0.000000, 0.000049, 0.000059, 0.000266, 0.000582, 0.001134, 0.005938, 0.022619, 51.765015
0.000000, 0.000000, 0.000020, 0.000276, 0.000621, 0.001637, 0.006915, 0.024513, 54.900450
0.000000, 0.000000, 0.000049, 0.000109, 0.000582, 0.001401, 0.006175, 0.024720, 55.420485
0.000000, 0.000030, 0.000049, 0.000247, 0.000631, 0.001430, 0.006629, 0.026012, 52.675533
0.000000, 0.000000, 0.000069, 0.000099, 0.000533, 0.001647, 0.006747, 0.026683, 54.896380
0.000000, 0.000000, 0.000000, 0.000079, 0.000671, 0.002121, 0.007872, 0.034091, 56.031137
0.000000, 0.000000, 0.000030, 0.000187, 0.000710, 0.001963, 0.007566, 0.033420, 54.719588
0.000000, 0.000089, 0.000020, 0.000059, 0.000651, 0.001963, 0.007931, 0.037908, 50.773047
0.000000, 0.000000, 0.000059, 0.000128, 0.000681, 0.001677, 0.008128, 0.040434, 54.391120
===========END============
=========================================
=              Memory Manager           =
=========================================
* Block size            : 32440320 Bytes
* Number of blocks      : 11
* Free mem in last block: 12975764
* Total mem alloced     : 343867756 Bytes

* Recycle list          : 
[  0(0)] = 1         [  1(50689)] = 3         [  3(3)] = 2         [  4(202756)] = 3         
[  4(506372)] = 1         [  6(6)] = 1         [  8(8)] = 1         [  8(205064)] = 6         
[  8(1622024)] = 13        [ 12(945036)] = 1         [ 16(16)] = 7         [ 18(912402)] = 1         
[ 21(21)] = 3         [ 27(912411)] = 1         [ 32(101664)] = 1         [ 32(25632)] = 8         
[ 32(203040)] = 1         [ 34(16674)] = 1         [ 34(100386)] = 2         [ 34(3170)] = 4         
[ 36(3243940)] = 2         [ 36(810852)] = 2         [ 40(1622056)] = 2         [ 52(3244148)] = 1         
[ 59(1621947)] = 2         [ 60(479932)] = 1         
* Recycled Memory       : 67321100 Bytes
* Inused Memory         : 276546656 Bytes
