0.000276, 0.000592, 0.002861, 0.010170, 0.059669, 0.316791, 0.445243, 0.458610, 34.431757
0.000059, 0.000483, 0.001835, 0.007349, 0.037849, 0.184067, 0.421757, 0.457820, 36.679179
0.000118, 0.000483, 0.001993, 0.008612, 0.038855, 0.184225, 0.419725, 0.461411, 36.181147
0.000030, 0.000414, 0.001697, 0.007635, 0.035758, 0.174893, 0.415710, 0.458481, 37.013032
0.000099, 0.000286, 0.001667, 0.007112, 0.034850, 0.160580, 0.417180, 0.460079, 36.987282
0.000020, 0.000207, 0.001391, 0.007043, 0.032986, 0.146652, 0.407029, 0.457031, 37.749793
0.000069, 0.000227, 0.001184, 0.006037, 0.029978, 0.137942, 0.401377, 0.460227, 37.728092
0.000039, 0.000552, 0.001667, 0.007063, 0.033213, 0.155125, 0.412464, 0.461993, 36.992481
0.000128, 0.000286, 0.001272, 0.006688, 0.029524, 0.120403, 0.397510, 0.458797, 37.284178
0.000020, 0.000365, 0.001716, 0.007290, 0.029583, 0.128660, 0.400519, 0.456864, 37.583679
0.000039, 0.000355, 0.001272, 0.006451, 0.031053, 0.134036, 0.405786, 0.457692, 37.664220
0.000030, 0.000266, 0.001036, 0.007280, 0.033450, 0.148941, 0.414773, 0.458649, 37.692828
0.000089, 0.000434, 0.001746, 0.007211, 0.036725, 0.181286, 0.421411, 0.460740, 36.605577
0.000148, 0.000621, 0.001805, 0.008631, 0.042219, 0.244476, 0.432499, 0.460987, 35.660953
0.000138, 0.000395, 0.002269, 0.009174, 0.040848, 0.214420, 0.428297, 0.463423, 35.915052
0.000099, 0.000523, 0.001943, 0.006944, 0.038402, 0.180487, 0.423029, 0.460957, 36.388891
0.000030, 0.000543, 0.001726, 0.006944, 0.037504, 0.164921, 0.414595, 0.459764, 36.884910
0.000059, 0.000543, 0.001618, 0.006944, 0.037612, 0.167091, 0.418334, 0.456538, 36.718074
0.000089, 0.000543, 0.001430, 0.008276, 0.039842, 0.190558, 0.423305, 0.459635, 36.390515
0.000010, 0.000661, 0.001697, 0.007891, 0.040029, 0.196329, 0.424075, 0.459981, 36.545261
0.000000, 0.000444, 0.001036, 0.007013, 0.032088, 0.141237, 0.404790, 0.461884, 37.707960
0.000030, 0.000326, 0.001115, 0.005613, 0.034347, 0.147698, 0.410186, 0.460405, 37.720750
0.000079, 0.000326, 0.002091, 0.007556, 0.036498, 0.174351, 0.419843, 0.459438, 36.704462
0.000069, 0.000355, 0.001411, 0.007378, 0.040246, 0.184462, 0.420070, 0.457396, 36.841040
0.000099, 0.000483, 0.001637, 0.007378, 0.039556, 0.190962, 0.421283, 0.460938, 36.486306
0.000079, 0.000493, 0.002071, 0.007674, 0.041243, 0.197167, 0.426955, 0.458757, 36.281509
0.000020, 0.000306, 0.001401, 0.006086, 0.035255, 0.140053, 0.401446, 0.459122, 37.688586
0.000059, 0.000217, 0.001154, 0.005642, 0.029415, 0.125030, 0.390191, 0.459704, 38.000277
0.000000, 0.000178, 0.001144, 0.005524, 0.028981, 0.122859, 0.390546, 0.459774, 38.527151
0.000069, 0.000128, 0.001233, 0.004774, 0.030214, 0.126884, 0.395774, 0.462121, 38.074975
0.000049, 0.000365, 0.001657, 0.007211, 0.037504, 0.186967, 0.424844, 0.461026, 36.900088
0.000079, 0.000621, 0.001628, 0.006432, 0.036123, 0.169527, 0.416460, 0.460622, 36.588749
0.000099, 0.000276, 0.001480, 0.007201, 0.036863, 0.158913, 0.411014, 0.458610, 36.983389
0.000020, 0.000385, 0.001618, 0.005465, 0.037040, 0.159841, 0.411310, 0.457229, 37.426008
0.000049, 0.000178, 0.001253, 0.006639, 0.035965, 0.145271, 0.406398, 0.459310, 37.663127
0.000030, 0.000345, 0.002111, 0.007378, 0.036735, 0.170711, 0.413244, 0.461095, 36.983995
0.000079, 0.000395, 0.001539, 0.007300, 0.037287, 0.168127, 0.412583, 0.460109, 36.847848
0.000030, 0.000375, 0.001371, 0.007092, 0.032572, 0.153172, 0.410206, 0.461095, 37.389723
0.000109, 0.000414, 0.001509, 0.007309, 0.037642, 0.179490, 0.421905, 0.462595, 36.584642
0.000069, 0.000168, 0.001312, 0.005879, 0.031329, 0.131589, 0.398122, 0.460385, 37.822413
0.000049, 0.000217, 0.001105, 0.006136, 0.034121, 0.141710, 0.398950, 0.459024, 37.808478
0.000030, 0.000247, 0.001322, 0.006392, 0.033469, 0.144137, 0.403744, 0.461155, 37.780423
0.000059, 0.000227, 0.001430, 0.006362, 0.033884, 0.150479, 0.407818, 0.458955, 37.499430
0.000049, 0.000227, 0.001568, 0.007231, 0.035640, 0.144255, 0.406349, 0.457238, 37.421374
0.000049, 0.000335, 0.001420, 0.007043, 0.038392, 0.156092, 0.411419, 0.458600, 37.205383
0.000079, 0.000355, 0.001272, 0.006787, 0.035738, 0.157473, 0.410186, 0.460790, 37.093125
0.000059, 0.000552, 0.001361, 0.006678, 0.036202, 0.155619, 0.413076, 0.462733, 36.949478
0.000089, 0.000385, 0.001677, 0.007448, 0.035354, 0.163845, 0.413698, 0.458698, 36.788567
0.000049, 0.000543, 0.001381, 0.007842, 0.037277, 0.174272, 0.418531, 0.461401, 36.749699
0.000089, 0.000286, 0.001549, 0.006885, 0.035166, 0.148349, 0.409663, 0.462427, 37.149715
0.000128, 0.000207, 0.001312, 0.005307, 0.030934, 0.128689, 0.397007, 0.457801, 37.477102
0.000069, 0.000454, 0.001085, 0.006422, 0.036370, 0.166252, 0.413411, 0.463482, 37.115471
0.000049, 0.000335, 0.001194, 0.005810, 0.032779, 0.136383, 0.400026, 0.460405, 37.648262
0.000059, 0.000247, 0.001292, 0.005899, 0.030816, 0.130761, 0.402511, 0.462447, 37.747028
0.000089, 0.000335, 0.001726, 0.007773, 0.038599, 0.196555, 0.425574, 0.460977, 36.567714
0.000069, 0.000424, 0.001588, 0.006027, 0.034959, 0.160679, 0.410354, 0.458718, 36.992494
0.000039, 0.000286, 0.001243, 0.006737, 0.034683, 0.161320, 0.414911, 0.459606, 37.424796
0.000049, 0.000473, 0.001924, 0.008523, 0.037366, 0.192975, 0.424627, 0.460336, 36.516843
0.000030, 0.000345, 0.001450, 0.007438, 0.039309, 0.185793, 0.421323, 0.462318, 36.982955
0.000099, 0.000503, 0.001233, 0.007102, 0.038214, 0.171461, 0.421273, 0.461372, 36.649496
0.000030, 0.000533, 0.001608, 0.007507, 0.039023, 0.186948, 0.422585, 0.457100, 36.714928
0.000030, 0.000434, 0.001687, 0.007388, 0.038352, 0.180023, 0.420543, 0.462072, 36.900508
0.000030, 0.000326, 0.001322, 0.006787, 0.035215, 0.156566, 0.416252, 0.461391, 37.430578
0.000000, 0.000355, 0.001243, 0.006658, 0.032759, 0.150864, 0.412425, 0.458925, 37.736863
0.000128, 0.000227, 0.001371, 0.006757, 0.031615, 0.135387, 0.404425, 0.458057, 37.276821
0.000039, 0.000227, 0.000977, 0.005445, 0.030954, 0.140230, 0.404978, 0.462940, 38.037736
0.000000, 0.000276, 0.001519, 0.007260, 0.038382, 0.173651, 0.416252, 0.459369, 37.368677
0.000079, 0.000483, 0.001420, 0.007576, 0.038313, 0.183870, 0.421273, 0.461470, 36.632903
0.000099, 0.000158, 0.001154, 0.007359, 0.036873, 0.154484, 0.411922, 0.460957, 37.258356
0.000128, 0.000197, 0.001401, 0.006402, 0.034594, 0.158252, 0.411922, 0.458797, 37.108840
0.000049, 0.000503, 0.001628, 0.007152, 0.036922, 0.170040, 0.418334, 0.461835, 36.840270
0.000039, 0.000493, 0.001864, 0.008947, 0.040503, 0.216846, 0.426274, 0.462762, 36.410392
0.000069, 0.000247, 0.002091, 0.007704, 0.035186, 0.166647, 0.412149, 0.458905, 36.901983
0.000049, 0.000493, 0.001854, 0.006530, 0.037780, 0.173651, 0.416134, 0.458126, 36.765137
0.000079, 0.000326, 0.001194, 0.007398, 0.037573, 0.179875, 0.419350, 0.460050, 36.963954
0.000109, 0.000424, 0.001825, 0.007566, 0.036241, 0.165562, 0.413520, 0.460336, 36.579234
0.000148, 0.000464, 0.001539, 0.007388, 0.038086, 0.183890, 0.419133, 0.460217, 36.298097
0.000030, 0.000444, 0.002150, 0.007773, 0.041598, 0.237117, 0.430861, 0.457258, 36.383189
0.000089, 0.000444, 0.001716, 0.008306, 0.044152, 0.232816, 0.428336, 0.460809, 36.168905
0.000118, 0.000464, 0.002042, 0.007763, 0.042831, 0.211944, 0.427281, 0.457919, 36.066984
0.000000, 0.000395, 0.001835, 0.007408, 0.039102, 0.186257, 0.421451, 0.463522, 37.020593
0.000049, 0.000375, 0.001371, 0.007122, 0.037228, 0.182706, 0.417308, 0.459044, 37.024768
0.000089, 0.000414, 0.002012, 0.007428, 0.039072, 0.182854, 0.419182, 0.458501, 36.480674
0.000158, 0.000286, 0.001785, 0.007763, 0.035314, 0.182015, 0.421155, 0.460928, 36.405027
0.000039, 0.000612, 0.001776, 0.008276, 0.038352, 0.188477, 0.423305, 0.460770, 36.489666
0.000079, 0.000256, 0.001637, 0.006570, 0.035610, 0.170573, 0.417979, 0.461322, 37.063693
0.000059, 0.000355, 0.001598, 0.005968, 0.032641, 0.158134, 0.414911, 0.461095, 37.282032
0.000138, 0.000375, 0.001401, 0.006185, 0.033913, 0.158785, 0.411685, 0.457534, 36.802207
0.000079, 0.000513, 0.002772, 0.008769, 0.042545, 0.234523, 0.432380, 0.460622, 35.777690
0.000059, 0.000345, 0.002308, 0.009332, 0.049134, 0.270370, 0.435813, 0.458984, 35.851106
0.000010, 0.000543, 0.002358, 0.009401, 0.045652, 0.260387, 0.434748, 0.462575, 35.950427
0.000059, 0.000612, 0.003452, 0.009450, 0.049242, 0.283627, 0.436385, 0.461164, 35.271880
0.000247, 0.000878, 0.002890, 0.009440, 0.053020, 0.291469, 0.437461, 0.460523, 34.471039
0.000227, 0.000602, 0.002298, 0.009578, 0.051491, 0.276338, 0.431562, 0.456627, 34.982855
0.000187, 0.000631, 0.001776, 0.008631, 0.042722, 0.219332, 0.427942, 0.463788, 35.703624
0.000000, 0.000483, 0.001637, 0.007566, 0.039013, 0.192383, 0.420277, 0.462476, 36.889379
0.000039, 0.000454, 0.001904, 0.007309, 0.035215, 0.151426, 0.405362, 0.456962, 37.049369
0.000059, 0.000276, 0.001342, 0.006599, 0.035876, 0.147777, 0.406171, 0.459024, 37.416643
0.000059, 0.000365, 0.001637, 0.007467, 0.039023, 0.163431, 0.408795, 0.462279, 36.917513
0.000069, 0.000454, 0.001312, 0.007043, 0.039891, 0.165868, 0.411508, 0.461283, 36.881021
0.000049, 0.000266, 0.001263, 0.007517, 0.034485, 0.155520, 0.405204, 0.460622, 37.427611
0.000099, 0.000345, 0.001322, 0.006372, 0.037405, 0.174016, 0.417022, 0.460346, 36.906072
0.000089, 0.000306, 0.001351, 0.007684, 0.035373, 0.155796, 0.412326, 0.458540, 37.098607
0.000059, 0.000355, 0.001470, 0.007161, 0.032868, 0.141197, 0.405392, 0.462052, 37.354480
0.000049, 0.000286, 0.001026, 0.006530, 0.036202, 0.151180, 0.406191, 0.461026, 37.547129
0.000039, 0.000296, 0.001420, 0.006698, 0.038599, 0.177231, 0.415591, 0.464114, 37.197362
0.000059, 0.000207, 0.001529, 0.005711, 0.034416, 0.141868, 0.399276, 0.462082, 37.546399
0.000079, 0.000227, 0.001490, 0.005751, 0.028932, 0.119496, 0.386482, 0.460938, 37.830769
0.000020, 0.000375, 0.001499, 0.006619, 0.033391, 0.142726, 0.403320, 0.460010, 37.550707
0.000099, 0.000483, 0.001559, 0.006826, 0.034545, 0.168077, 0.413155, 0.460099, 36.731224
0.000118, 0.000395, 0.001312, 0.005909, 0.033775, 0.156802, 0.409515, 0.461766, 37.031402
0.000128, 0.000523, 0.001687, 0.007161, 0.035314, 0.153251, 0.407444, 0.459379, 36.531548
0.000039, 0.000473, 0.001825, 0.006560, 0.033667, 0.141710, 0.403103, 0.459132, 37.164484
0.000069, 0.000335, 0.001647, 0.006816, 0.034495, 0.143140, 0.402462, 0.460839, 37.200459
0.000089, 0.000404, 0.001411, 0.005899, 0.033746, 0.145715, 0.406181, 0.461016, 37.141666
0.000079, 0.000345, 0.001391, 0.007004, 0.038530, 0.169971, 0.416529, 0.463581, 36.918122
0.000059, 0.000197, 0.001194, 0.006076, 0.034180, 0.142105, 0.401042, 0.462180, 37.704952
0.000000, 0.000286, 0.001381, 0.005011, 0.031595, 0.126608, 0.391611, 0.460938, 38.181877
0.000049, 0.000197, 0.001194, 0.005346, 0.030056, 0.120640, 0.387380, 0.461263, 38.150757
0.000059, 0.000296, 0.001164, 0.005129, 0.029908, 0.125838, 0.387222, 0.462230, 37.861748
0.000020, 0.000168, 0.001223, 0.005928, 0.030964, 0.124517, 0.394926, 0.462536, 38.248506
0.000118, 0.000256, 0.000957, 0.005790, 0.029839, 0.130317, 0.397362, 0.462624, 37.621187
0.000059, 0.000385, 0.001351, 0.006501, 0.035659, 0.149414, 0.411448, 0.460760, 37.240255
0.000118, 0.000562, 0.001480, 0.007201, 0.036014, 0.172496, 0.415562, 0.458846, 36.447254
0.000020, 0.000454, 0.001578, 0.006885, 0.037188, 0.167229, 0.417160, 0.457564, 37.114427
0.000049, 0.000404, 0.001420, 0.007349, 0.036281, 0.171076, 0.416972, 0.460938, 37.015135
0.000000, 0.000256, 0.002318, 0.007349, 0.034495, 0.167998, 0.418028, 0.462989, 37.239411
0.000059, 0.000335, 0.001213, 0.006392, 0.028814, 0.133148, 0.402521, 0.458945, 37.608773
0.000000, 0.000247, 0.001519, 0.006284, 0.032670, 0.136669, 0.399355, 0.459399, 37.877121
0.000039, 0.000385, 0.001213, 0.006649, 0.031033, 0.123461, 0.397708, 0.459527, 37.667769
0.000020, 0.000345, 0.001164, 0.006254, 0.027768, 0.130583, 0.393377, 0.462910, 38.053038
0.000079, 0.000345, 0.001420, 0.006165, 0.030204, 0.138425, 0.405323, 0.456824, 37.328910
0.000128, 0.000296, 0.001430, 0.006589, 0.033252, 0.144166, 0.409377, 0.459793, 36.978458
0.000049, 0.000316, 0.001647, 0.006796, 0.035294, 0.154494, 0.414792, 0.461677, 37.275318
0.000089, 0.000395, 0.001480, 0.007477, 0.034170, 0.180970, 0.423503, 0.457712, 36.741273
0.000118, 0.000473, 0.001963, 0.008493, 0.042259, 0.209438, 0.426304, 0.460079, 36.044681
0.000079, 0.000612, 0.002792, 0.008878, 0.041312, 0.233458, 0.428879, 0.460099, 35.716023
0.000069, 0.000454, 0.002131, 0.007674, 0.040907, 0.224156, 0.428257, 0.460563, 36.213507
0.000109, 0.000316, 0.002259, 0.007891, 0.039911, 0.222784, 0.428938, 0.461894, 36.163864
0.000039, 0.000641, 0.002703, 0.009371, 0.042791, 0.233043, 0.430782, 0.460711, 35.802578
0.000089, 0.000543, 0.002397, 0.008375, 0.040838, 0.226316, 0.426166, 0.460563, 35.973379
0.000128, 0.000335, 0.001845, 0.008049, 0.042732, 0.236802, 0.427606, 0.458639, 36.048005
0.000069, 0.000434, 0.002121, 0.008039, 0.041755, 0.219125, 0.426403, 0.461036, 36.289523
0.000020, 0.000227, 0.002012, 0.007300, 0.041144, 0.197394, 0.426274, 0.462161, 36.981311
0.000059, 0.000434, 0.002071, 0.007497, 0.037869, 0.166765, 0.416420, 0.458984, 36.738123
0.000089, 0.000256, 0.001480, 0.006293, 0.035432, 0.151732, 0.412612, 0.461026, 37.232198
0.000000, 0.000414, 0.001243, 0.006333, 0.032621, 0.143200, 0.405342, 0.462023, 37.666671
0.000049, 0.000395, 0.002042, 0.007073, 0.034288, 0.161981, 0.410373, 0.460089, 36.981633
0.000089, 0.000395, 0.001391, 0.005307, 0.029119, 0.125158, 0.390201, 0.459793, 37.461027
0.000089, 0.000286, 0.001154, 0.005958, 0.030490, 0.134815, 0.395912, 0.457850, 37.540834
0.000020, 0.000237, 0.001253, 0.006658, 0.034811, 0.157088, 0.407000, 0.460898, 37.687719
0.000109, 0.000286, 0.001568, 0.007201, 0.041075, 0.188289, 0.420908, 0.461697, 36.652186
0.000138, 0.000710, 0.003088, 0.010446, 0.063457, 0.308564, 0.440390, 0.460000, 34.661847
0.000296, 0.000631, 0.003433, 0.011354, 0.077967, 0.345368, 0.453372, 0.457732, 33.906891
0.000158, 0.000947, 0.003393, 0.011847, 0.069553, 0.334172, 0.450876, 0.460316, 34.150771
0.000276, 0.000809, 0.003670, 0.011304, 0.069405, 0.333876, 0.450708, 0.457475, 33.961335
0.000158, 0.000898, 0.003965, 0.014777, 0.090662, 0.363459, 0.461529, 0.456074, 33.637736
0.000207, 0.000641, 0.003364, 0.012676, 0.070214, 0.329605, 0.450955, 0.461569, 34.212333
0.000069, 0.000493, 0.001795, 0.007369, 0.039940, 0.200698, 0.422713, 0.462664, 36.478583
0.000030, 0.000266, 0.001312, 0.007092, 0.038500, 0.171984, 0.414220, 0.459300, 37.310730
0.000069, 0.000227, 0.001470, 0.006826, 0.036093, 0.163648, 0.411882, 0.459290, 37.238263
0.000049, 0.000286, 0.001322, 0.006599, 0.033381, 0.156191, 0.411952, 0.456439, 37.393669
0.000030, 0.000286, 0.001490, 0.005978, 0.031842, 0.140921, 0.406852, 0.458225, 37.697351
0.000089, 0.000306, 0.001401, 0.006155, 0.034121, 0.149838, 0.408410, 0.459478, 37.320253
0.000079, 0.000247, 0.001213, 0.006096, 0.035541, 0.167900, 0.414546, 0.457278, 37.262145
0.000069, 0.000326, 0.001707, 0.007388, 0.040286, 0.208521, 0.424035, 0.460592, 36.670916
0.000128, 0.000237, 0.001519, 0.007083, 0.040503, 0.193724, 0.417042, 0.462042, 36.641888
0.000020, 0.000316, 0.001529, 0.006875, 0.041667, 0.192817, 0.422260, 0.464656, 37.046831
0.000049, 0.000414, 0.001805, 0.007349, 0.039881, 0.188980, 0.421964, 0.459320, 36.745870
0.000168, 0.000424, 0.001894, 0.008612, 0.044074, 0.241073, 0.427794, 0.461411, 35.704871
0.000079, 0.000789, 0.003107, 0.009134, 0.050456, 0.282286, 0.436020, 0.459793, 35.132799
0.000187, 0.000552, 0.002742, 0.010111, 0.050249, 0.290187, 0.437027, 0.459507, 34.984557
0.000148, 0.000740, 0.002673, 0.009775, 0.047329, 0.299154, 0.440765, 0.460533, 34.971871
0.000020, 0.000631, 0.002831, 0.009637, 0.047408, 0.285284, 0.438565, 0.459961, 35.544836
0.000256, 0.000533, 0.002663, 0.009272, 0.043876, 0.261393, 0.435853, 0.463246, 35.001032
0.000079, 0.000582, 0.002653, 0.010308, 0.046855, 0.271662, 0.433456, 0.459172, 35.475175
0.000079, 0.000977, 0.002890, 0.009628, 0.045642, 0.286439, 0.438960, 0.458442, 35.053644
0.000158, 0.000700, 0.003295, 0.010821, 0.052429, 0.322808, 0.451793, 0.460701, 34.627257
0.000207, 0.000592, 0.003719, 0.011324, 0.060113, 0.341757, 0.453066, 0.460513, 34.349029
0.000148, 0.001055, 0.003433, 0.013189, 0.068734, 0.354344, 0.460089, 0.457307, 33.972287
0.000158, 0.001016, 0.003216, 0.013396, 0.073144, 0.360519, 0.458738, 0.461727, 33.947927
0.000197, 0.000700, 0.003541, 0.013771, 0.084487, 0.373441, 0.458866, 0.459369, 33.847218
0.000335, 0.001095, 0.003887, 0.014954, 0.090110, 0.376726, 0.463048, 0.458767, 33.129339
0.000178, 0.000977, 0.004202, 0.017184, 0.108359, 0.390329, 0.459487, 0.462141, 33.228453
0.000256, 0.001263, 0.004626, 0.016730, 0.108803, 0.391473, 0.461589, 0.458748, 32.806783
0.000138, 0.001559, 0.004311, 0.018486, 0.120236, 0.401081, 0.459576, 0.460533, 32.761265
0.000404, 0.001490, 0.005179, 0.017637, 0.118963, 0.405865, 0.460375, 0.458886, 32.182059
0.000178, 0.001342, 0.003768, 0.016690, 0.113755, 0.398862, 0.461835, 0.459951, 32.989488
0.000266, 0.001095, 0.004330, 0.015872, 0.109829, 0.387784, 0.456479, 0.461806, 32.892603
0.000168, 0.001243, 0.004518, 0.014767, 0.099254, 0.378729, 0.460168, 0.461796, 33.196816
0.000217, 0.000967, 0.003482, 0.014688, 0.083333, 0.363863, 0.459428, 0.458274, 33.568683
0.000079, 0.000917, 0.003482, 0.012843, 0.081795, 0.366171, 0.460819, 0.458037, 34.079115
0.000089, 0.001006, 0.003817, 0.012607, 0.083116, 0.368440, 0.463029, 0.459803, 33.865868
0.000168, 0.000878, 0.003344, 0.012518, 0.084665, 0.368667, 0.459409, 0.460740, 33.832183
0.000128, 0.000986, 0.003344, 0.013909, 0.079467, 0.364100, 0.458846, 0.459704, 33.901497
0.000168, 0.001036, 0.003670, 0.012883, 0.083136, 0.367533, 0.460563, 0.460099, 33.703656
0.000365, 0.000986, 0.003512, 0.013573, 0.083373, 0.365856, 0.459428, 0.462269, 33.257049
0.000217, 0.000651, 0.003186, 0.012814, 0.080867, 0.363686, 0.459971, 0.460780, 33.921108
0.000069, 0.000898, 0.003374, 0.013070, 0.081321, 0.365146, 0.458679, 0.458610, 34.095693
0.000207, 0.000858, 0.003571, 0.012853, 0.078381, 0.362443, 0.459596, 0.462101, 33.826280
0.000118, 0.001026, 0.003719, 0.011817, 0.073193, 0.361545, 0.459113, 0.460010, 33.983572
0.000326, 0.001154, 0.003729, 0.012902, 0.073005, 0.362127, 0.459537, 0.459369, 33.313369
0.000247, 0.000937, 0.003896, 0.013267, 0.076271, 0.365905, 0.457199, 0.458896, 33.632681
0.000256, 0.001203, 0.003670, 0.014619, 0.079427, 0.369289, 0.461273, 0.456074, 33.290291
0.000395, 0.000977, 0.004232, 0.014303, 0.085701, 0.370137, 0.463798, 0.460375, 33.042905
0.000572, 0.001342, 0.003778, 0.016444, 0.097587, 0.379044, 0.460069, 0.463492, 32.404456
0.000306, 0.000996, 0.004301, 0.016740, 0.107205, 0.387636, 0.458767, 0.458748, 32.894350
0.000306, 0.000957, 0.004104, 0.016641, 0.104788, 0.389471, 0.457554, 0.462249, 32.985696
0.000543, 0.001499, 0.004380, 0.016621, 0.110835, 0.394442, 0.458491, 0.460040, 32.177170
0.000523, 0.001243, 0.005297, 0.017154, 0.110667, 0.392401, 0.458018, 0.460119, 32.168660
0.000227, 0.001006, 0.004577, 0.017302, 0.114820, 0.400183, 0.458679, 0.463690, 32.876808
0.000296, 0.000888, 0.004764, 0.016394, 0.110213, 0.394709, 0.458925, 0.459961, 32.802040
0.000335, 0.001263, 0.004202, 0.017726, 0.108320, 0.396149, 0.459507, 0.459744, 32.607214
0.000237, 0.001164, 0.005031, 0.016996, 0.103308, 0.396129, 0.458669, 0.462003, 32.828340
0.000424, 0.001302, 0.004232, 0.017835, 0.111062, 0.399986, 0.460770, 0.460582, 32.412407
0.000493, 0.001174, 0.005189, 0.017302, 0.114603, 0.397708, 0.461263, 0.461500, 32.236003
0.000316, 0.001361, 0.004587, 0.016967, 0.114051, 0.398487, 0.460365, 0.462318, 32.596457
0.000197, 0.000829, 0.004301, 0.015270, 0.083856, 0.377949, 0.461056, 0.463482, 33.574921
0.000109, 0.000888, 0.003452, 0.008740, 0.044942, 0.311800, 0.447690, 0.462960, 34.867078
0.000059, 0.000552, 0.002436, 0.008256, 0.037218, 0.268939, 0.437056, 0.459034, 35.913923
0.000039, 0.000612, 0.002703, 0.008967, 0.041538, 0.285018, 0.441130, 0.459122, 35.687273
0.000109, 0.000661, 0.002890, 0.008927, 0.046066, 0.311464, 0.442422, 0.460395, 35.131757
0.000128, 0.000710, 0.002683, 0.009105, 0.046451, 0.315262, 0.446230, 0.459122, 35.054781
0.000089, 0.000661, 0.002871, 0.009440, 0.043955, 0.302202, 0.446654, 0.460819, 35.267506
0.000089, 0.000513, 0.002002, 0.008434, 0.037938, 0.261433, 0.435813, 0.458767, 35.941625
0.000039, 0.000562, 0.002002, 0.009361, 0.041923, 0.267736, 0.438121, 0.461224, 35.954601
0.000049, 0.000444, 0.002289, 0.008207, 0.033292, 0.203677, 0.426955, 0.460642, 36.482007
0.000099, 0.000375, 0.002515, 0.008631, 0.037267, 0.247139, 0.431798, 0.459645, 35.995009
0.000168, 0.000621, 0.002131, 0.008592, 0.037553, 0.267075, 0.436879, 0.459734, 35.483092
0.000138, 0.000621, 0.002555, 0.008227, 0.036685, 0.260436, 0.436839, 0.458106, 35.522673
0.000197, 0.000631, 0.002141, 0.008069, 0.038402, 0.259706, 0.433909, 0.458688, 35.378712
0.000020, 0.000750, 0.002496, 0.010200, 0.048720, 0.322966, 0.447729, 0.459073, 35.343171
0.000118, 0.000661, 0.003531, 0.012508, 0.060517, 0.345772, 0.461095, 0.458905, 34.482224
0.000217, 0.000523, 0.003522, 0.011689, 0.066110, 0.354798, 0.457830, 0.458037, 34.262472
0.000049, 0.000750, 0.004508, 0.011837, 0.071565, 0.365935, 0.459418, 0.460099, 34.289592
0.000079, 0.000730, 0.003058, 0.011502, 0.058081, 0.340771, 0.453007, 0.462013, 34.765871
0.000069, 0.000799, 0.003739, 0.012034, 0.058564, 0.337023, 0.449278, 0.460997, 34.568834
0.000089, 0.000444, 0.003492, 0.011354, 0.065331, 0.351040, 0.459507, 0.461076, 34.754309
0.000109, 0.000365, 0.002446, 0.008927, 0.039960, 0.274246, 0.437599, 0.459714, 35.787979
0.000109, 0.000562, 0.002328, 0.008730, 0.037464, 0.259489, 0.436010, 0.459251, 35.722233
0.000079, 0.000700, 0.002900, 0.010821, 0.050189, 0.319760, 0.446230, 0.459754, 35.021431
0.000030, 0.000513, 0.002930, 0.011087, 0.047674, 0.320145, 0.444642, 0.462871, 35.415842
0.000069, 0.000661, 0.002920, 0.010091, 0.052330, 0.329042, 0.449426, 0.461233, 35.108786
0.000168, 0.000651, 0.002752, 0.010634, 0.048049, 0.320105, 0.448538, 0.461569, 34.839710
