0.627588,0.576501,0.550555,0.464587,0.334367,0.154715,0.039597,0.008795,15.589805,4.581746
0.934604,0.781394,0.706432,0.538263,0.360877,0.158253,0.039544,0.008745,25.198047,2.476874
1.132796,0.857505,0.753156,0.549817,0.363897,0.158338,0.039469,0.008785,29.998439,0.493448
0.619966,0.581578,0.552731,0.457207,0.332392,0.152077,0.050756,0.008474,15.546698,4.480624
0.923015,0.791097,0.694649,0.525299,0.353048,0.156609,0.051648,0.008471,25.128297,2.540951
1.119088,0.865246,0.741981,0.534352,0.355001,0.156561,0.051750,0.008471,29.722045,0.526487
0.621955,0.580701,0.546703,0.454635,0.330246,0.150297,0.041596,0.009807,15.562551,4.483743
0.932728,0.793847,0.691471,0.522895,0.355808,0.155268,0.041338,0.009852,24.977569,2.254393
1.113463,0.880702,0.733032,0.535072,0.357801,0.155366,0.041360,0.009852,29.674058,0.718624
0.619530,0.588965,0.548386,0.457481,0.320835,0.148245,0.044163,0.004549,15.548033,4.550796
0.941760,0.796029,0.694426,0.524333,0.341586,0.148664,0.043708,0.004519,25.390889,2.289865
1.150959,0.876284,0.732634,0.532885,0.345199,0.148946,0.043634,0.004519,29.947982,0.432962
0.618385,0.580507,0.545028,0.446927,0.316167,0.137733,0.041623,0.017487,15.590373,4.552552
0.931760,0.775123,0.684097,0.513619,0.334502,0.138135,0.039923,0.017868,25.129326,2.309233
1.122839,0.851762,0.719975,0.522219,0.335309,0.138109,0.039871,0.017828,29.644514,0.330033
0.616929,0.587471,0.539333,0.435972,0.311509,0.135971,0.041102,0.002993,15.539413,4.417189
0.929297,0.786883,0.677696,0.495043,0.324059,0.137283,0.041815,0.002725,24.924493,2.210150
1.115935,0.859010,0.720562,0.504282,0.324817,0.137469,0.041774,0.002725,29.254201,0.408348
0.627436,0.584269,0.536058,0.432927,0.303834,0.124247,0.038822,0.001072,15.700925,4.471424
0.928435,0.788676,0.673952,0.483835,0.319521,0.125928,0.038718,0.000983,25.153817,2.155489
1.118529,0.858974,0.713328,0.492986,0.321069,0.125424,0.038831,0.000943,29.577110,0.579183
0.617605,0.586132,0.537822,0.436466,0.302972,0.120209,0.038743,0.007628,15.512094,4.475557
0.927989,0.781255,0.671392,0.492124,0.321690,0.122488,0.038114,0.007955,24.916979,2.298240
1.113286,0.854815,0.704321,0.501765,0.322185,0.122386,0.038113,0.007876,29.476063,0.396278
0.629664,0.578946,0.531599,0.427937,0.306330,0.128593,0.035864,0.007207,15.700812,4.472227
0.938020,0.782624,0.666154,0.484652,0.322770,0.130406,0.035043,0.007258,24.945569,2.189595
1.114351,0.862258,0.701110,0.494571,0.324988,0.130790,0.035180,0.007257,29.067636,0.452872
0.624355,0.582592,0.532047,0.440842,0.314086,0.132937,0.035804,0.008569,15.565455,4.447437
0.920358,0.782276,0.670307,0.500554,0.332913,0.132199,0.035675,0.008684,24.808275,2.287495
1.106336,0.859768,0.710788,0.511060,0.334930,0.132176,0.035389,0.008664,29.508608,0.395497
0.616466,0.587984,0.542658,0.440180,0.317302,0.139636,0.038241,0.013864,15.538610,4.496886
0.926607,0.780990,0.686093,0.501688,0.332086,0.141297,0.039059,0.013874,24.827372,2.301419
1.121289,0.853034,0.722238,0.510975,0.334182,0.141586,0.039178,0.013874,29.266571,0.463030
0.616821,0.578559,0.544242,0.442328,0.322139,0.140626,0.044296,0.009038,15.529926,4.499597
0.924888,0.793769,0.683469,0.501566,0.342517,0.142921,0.043699,0.009018,25.360712,2.495664
1.129826,0.870880,0.720714,0.512781,0.343189,0.142778,0.043823,0.009018,29.635634,0.541839
0.617383,0.591793,0.551916,0.441133,0.316017,0.146071,0.041924,0.002914,15.538897,4.486125
0.922273,0.795863,0.694549,0.505826,0.339342,0.147821,0.042532,0.002864,25.144303,2.189050
1.117820,0.865846,0.740182,0.517929,0.340968,0.147634,0.042382,0.002864,29.654737,0.389809
0.617934,0.582524,0.550166,0.454106,0.326843,0.151399,0.043020,0.011366,15.500598,4.524142
0.926839,0.782327,0.695533,0.518710,0.344742,0.156572,0.044204,0.011378,25.030815,2.347784
1.130734,0.862200,0.736904,0.528160,0.346411,0.156501,0.044130,0.011358,29.554599,0.514533
0.623040,0.593740,0.552060,0.456898,0.330205,0.137879,0.042184,0.008478,15.614723,4.587952
0.941714,0.796492,0.704383,0.525196,0.351506,0.138828,0.043000,0.008647,25.305860,2.290195
1.130324,0.865997,0.746948,0.537330,0.353063,0.138559,0.042825,0.008647,29.849804,0.432014
0.614264,0.581943,0.549363,0.457976,0.334910,0.149289,0.043111,0.007614,15.433406,4.550535
0.905646,0.799379,0.700448,0.530207,0.354248,0.151647,0.042835,0.007891,24.911744,2.332415
1.107895,0.881279,0.741513,0.542595,0.355769,0.152377,0.042852,0.007811,29.859396,0.481089
0.618679,0.589280,0.552168,0.456776,0.340173,0.161718,0.048180,0.015923,15.541246,4.549622
0.922636,0.789953,0.708251,0.527265,0.360135,0.164620,0.049332,0.015613,25.108147,2.449941
1.121265,0.865056,0.754606,0.537200,0.361623,0.164866,0.049305,0.015732,29.893657,0.605163
0.621162,0.581929,0.550993,0.464111,0.335767,0.156280,0.051557,0.007422,15.549756,4.508191
0.937675,0.788844,0.700112,0.528578,0.357565,0.156731,0.052154,0.007106,25.137119,2.480805
1.131531,0.873203,0.747723,0.541339,0.359659,0.156799,0.052305,0.007204,29.878910,0.633562
0.630497,0.593331,0.561098,0.470676,0.343652,0.150153,0.052959,0.011219,15.687711,4.699184
0.945333,0.800383,0.723380,0.541910,0.365295,0.151244,0.052855,0.011172,25.325305,2.228929
1.136051,0.876970,0.769310,0.553773,0.368132,0.150730,0.052967,0.011172,29.929119,0.469381
0.612673,0.589462,0.552428,0.463713,0.346333,0.167182,0.051969,0.008222,15.476671,4.544765
0.917948,0.801012,0.716895,0.535776,0.370206,0.170461,0.050828,0.007818,25.003926,2.745835
1.118112,0.875248,0.768069,0.547375,0.372553,0.170113,0.050840,0.007897,30.153506,0.656208
0.778638,0.723378,0.675737,0.557463,0.403143,0.190089,0.054165,0.012720,18.515663,5.648947
1.186001,0.943343,0.824834,0.619739,0.421213,0.191424,0.054523,0.012622,31.494771,1.507678
1.308735,0.969160,0.843187,0.625742,0.422114,0.191270,0.054566,0.012565,34.626364,0.142489
0.783368,0.715355,0.666206,0.544840,0.393208,0.187956,0.066844,0.013584,18.494339,5.596454
1.209817,0.940833,0.821067,0.612309,0.412506,0.190753,0.066851,0.013822,31.648418,1.476672
1.315017,0.972817,0.833760,0.619150,0.413285,0.190785,0.066835,0.013879,34.769627,0.172503
0.781358,0.721339,0.663983,0.546863,0.395100,0.179505,0.054741,0.009460,18.468731,5.617449
1.191215,0.951583,0.821753,0.614337,0.413789,0.180901,0.055232,0.009272,31.566106,1.578700
1.309695,0.981360,0.838356,0.618264,0.413975,0.180722,0.055109,0.009252,34.746726,0.005751
0.769618,0.715840,0.666918,0.536003,0.377860,0.171844,0.048068,0.008095,18.291907,5.629045
1.188503,0.938135,0.814288,0.596627,0.397805,0.173827,0.048372,0.008086,30.879510,1.335837
1.296831,0.963914,0.829039,0.602407,0.399360,0.173123,0.048453,0.008086,34.206286,0.268724
0.769254,0.702798,0.650661,0.523699,0.368100,0.157700,0.054312,0.017481,18.267638,5.604214
1.181697,0.926722,0.799737,0.578644,0.383322,0.157704,0.054651,0.017866,31.698134,1.487037
1.298562,0.961971,0.818065,0.583510,0.383930,0.157524,0.054713,0.017945,34.833288,0.123255
0.774699,0.705456,0.649506,0.526754,0.372587,0.158082,0.046390,0.006931,18.364586,5.641783
1.194899,0.918418,0.790869,0.578041,0.385867,0.159459,0.046265,0.006792,31.563735,1.306931
1.305690,0.948996,0.803509,0.580515,0.387126,0.159691,0.046230,0.006792,34.053783,0.226433
0.779583,0.719687,0.654004,0.523983,0.355461,0.152024,0.041093,0.008927,18.473064,5.726854
1.211584,0.925324,0.788038,0.565450,0.367613,0.152858,0.041245,0.008944,31.338741,1.350486
1.329522,0.961331,0.799217,0.569103,0.368421,0.152695,0.041110,0.008944,34.318491,0.044901
0.773427,0.712415,0.652863,0.518777,0.357037,0.146433,0.043671,0.005782,18.413482,5.703773
1.198003,0.933920,0.783976,0.572482,0.371459,0.147804,0.043979,0.005387,31.074153,1.429071
1.311741,0.964064,0.800309,0.577973,0.373604,0.147818,0.043961,0.005387,33.488472,0.049781
0.773233,0.705442,0.648667,0.525136,0.360568,0.154501,0.048397,0.008642,18.406618,5.752687
1.198795,0.923042,0.790525,0.575572,0.374142,0.153878,0.047831,0.008572,31.698474,1.191467
1.305575,0.960718,0.801399,0.578787,0.374056,0.153920,0.047831,0.008572,34.678944,-0.091048
0.782241,0.710539,0.650596,0.530651,0.371264,0.158917,0.044936,0.005651,18.480896,5.628603
1.200843,0.938001,0.785964,0.581840,0.388119,0.158740,0.044413,0.005373,31.709002,1.335164
1.311177,0.971090,0.797630,0.587209,0.389268,0.159279,0.044473,0.005452,34.467800,0.034997
0.783064,0.705638,0.653609,0.516743,0.371123,0.165559,0.044330,0.013301,18.464132,5.757082
1.218895,0.936131,0.791849,0.577114,0.389557,0.167584,0.044341,0.013404,31.360067,1.245855
1.325845,0.964613,0.810229,0.579977,0.389544,0.167325,0.044453,0.013404,33.860233,0.024890
0.781171,0.719045,0.657914,0.526826,0.376554,0.165050,0.048769,0.006582,18.537896,5.760225
1.204936,0.943702,0.799985,0.577959,0.389095,0.166217,0.049623,0.006451,31.877635,0.891527
1.309781,0.971181,0.816750,0.580397,0.388295,0.166274,0.049655,0.006411,34.267742,0.104402
0.766707,0.715775,0.666760,0.541336,0.380926,0.172751,0.050027,0.005262,18.284636,5.656077
1.193061,0.936630,0.821156,0.599290,0.397664,0.174115,0.049737,0.005222,31.214299,1.909963
1.318542,0.967068,0.837331,0.600740,0.397608,0.174129,0.049739,0.005222,34.991122,-0.081661
0.781757,0.711576,0.661616,0.543282,0.386010,0.180385,0.052451,0.014053,18.403249,5.692848
1.217426,0.947274,0.819332,0.600799,0.406785,0.181392,0.052916,0.014176,31.747802,1.529963
1.324587,0.975169,0.837339,0.605948,0.406894,0.181207,0.052954,0.014196,34.989663,-0.025093
0.776544,0.714889,0.670195,0.544578,0.393924,0.166971,0.054634,0.005898,18.382162,5.960555
1.223201,0.940316,0.823556,0.603667,0.409821,0.168702,0.054505,0.005620,31.838663,1.133657
1.354414,0.975458,0.841861,0.610515,0.411037,0.168674,0.054431,0.005541,35.013955,0.001873
0.777628,0.711525,0.671593,0.544878,0.397973,0.178565,0.052709,0.012258,18.397050,5.745054
1.203630,0.936747,0.829033,0.609059,0.416979,0.180509,0.053182,0.012334,31.295085,1.454311
1.310686,0.971095,0.846651,0.616040,0.416982,0.180324,0.053241,0.012353,34.483897,0.008681
0.779543,0.714248,0.667953,0.551873,0.395371,0.188439,0.058602,0.012102,18.423235,5.693856
1.212399,0.948192,0.837910,0.611174,0.418002,0.190492,0.058077,0.012712,31.494701,1.597960
1.341310,0.977166,0.859927,0.616241,0.418133,0.190223,0.058303,0.012691,35.123701,0.117747
0.765768,0.721451,0.673588,0.551779,0.402046,0.180119,0.063520,0.011147,18.227481,5.939233
1.203434,0.961935,0.824269,0.618215,0.421616,0.182085,0.065030,0.010906,31.750242,1.206496
1.311443,0.999258,0.845414,0.622658,0.422187,0.182242,0.065103,0.010906,34.741008,0.156397
0.768588,0.721322,0.688770,0.564656,0.405797,0.187217,0.063147,0.011859,18.327542,5.903545
1.202704,0.955869,0.849972,0.628081,0.425702,0.188816,0.062900,0.012290,31.930837,1.343161
1.338081,0.985113,0.864738,0.634984,0.425939,0.188554,0.062919,0.012250,34.741018,0.143313
0.776818,0.723095,0.667327,0.565926,0.413156,0.199555,0.062138,0.008942,18.495534,5.850471
1.212898,0.953411,0.833499,0.634258,0.434466,0.201423,0.061880,0.008588,32.055584,1.098875
1.311119,0.987929,0.863242,0.639056,0.436086,0.201638,0.061905,0.008607,35.322149,0.152496
0.970299,0.860152,0.779915,0.642044,0.449347,0.209020,0.063246,0.018247,22.340439,6.782891
1.357570,1.017859,0.894405,0.672643,0.459629,0.211299,0.063274,0.017989,38.597680,0.336281
1.378339,1.023868,0.898161,0.674174,0.459507,0.211312,0.063308,0.017950,40.213014,-0.136873
0.981590,0.864438,0.792955,0.622235,0.438404,0.204441,0.067508,0.016196,22.488008,6.346683
1.350236,1.017562,0.891982,0.663312,0.449526,0.206861,0.067711,0.016005,39.412832,0.011877
1.372145,1.023674,0.893472,0.663481,0.449887,0.206750,0.067711,0.015985,40.076852,-0.022260
0.969446,0.853431,0.793333,0.622847,0.440934,0.197446,0.060407,0.012437,22.266110,6.689298
1.377710,1.020865,0.894600,0.656983,0.451700,0.198864,0.060094,0.012221,37.695444,0.260323
1.405408,1.029517,0.895419,0.658486,0.452095,0.198881,0.060098,0.012280,39.084119,-0.025875
0.971008,0.864694,0.788065,0.617090,0.425219,0.192351,0.056196,0.008372,22.335296,6.518176
1.367166,1.024351,0.888371,0.651743,0.436079,0.192203,0.056231,0.008313,37.860355,0.826439
1.400219,1.028464,0.891266,0.652440,0.436196,0.192323,0.056192,0.008313,39.800022,0.076267
0.975572,0.852573,0.770756,0.596061,0.410202,0.176903,0.059607,0.018852,22.455188,6.588296
1.357601,1.003951,0.861719,0.626102,0.417583,0.176585,0.059741,0.018933,38.148799,0.375340
1.387757,1.009377,0.865587,0.625912,0.417560,0.176564,0.059809,0.018913,39.092713,-0.086468
0.972756,0.851956,0.761241,0.594638,0.408943,0.180580,0.049573,0.007425,22.436585,6.688434
1.353140,0.997616,0.857015,0.623167,0.418041,0.180984,0.049702,0.007384,38.553070,0.650140
1.379187,1.000296,0.859821,0.623969,0.417879,0.181067,0.049702,0.007384,39.478584,-0.005979
0.968671,0.864248,0.768591,0.587302,0.398948,0.167785,0.047130,0.005660,22.302718,6.688847
1.379586,1.007486,0.858047,0.611016,0.405246,0.166815,0.047410,0.005621,38.498117,0.203544
1.409419,1.010957,0.860430,0.611143,0.405012,0.166870,0.047393,0.005621,38.847247,-0.020323
0.968674,0.858739,0.760563,0.585478,0.394949,0.162318,0.050897,0.007723,22.314978,6.686237
1.351498,1.010684,0.849415,0.615802,0.403183,0.163313,0.050780,0.007664,37.608827,0.377202
1.380043,1.017278,0.852901,0.616926,0.403659,0.163234,0.050780,0.007664,38.441042,0.012681
0.971043,0.864694,0.765743,0.593733,0.402931,0.167544,0.050935,0.008246,22.456231,6.238727
1.346005,1.019542,0.854697,0.618525,0.409282,0.168645,0.051846,0.008267,37.409482,0.677037
1.371985,1.023062,0.855130,0.619284,0.409358,0.168638,0.051972,0.008267,38.937457,0.083665
0.965087,0.850819,0.779420,0.601757,0.415788,0.173966,0.050342,0.008273,22.267313,6.860948
1.381884,1.011684,0.857053,0.633857,0.423821,0.175690,0.050257,0.008471,38.278528,0.379812
1.398363,1.020365,0.858583,0.633776,0.424586,0.175663,0.050218,0.008491,39.382591,0.007138
0.973020,0.849968,0.778626,0.598531,0.415110,0.180192,0.051444,0.013024,22.364124,6.681414
1.353977,1.009125,0.869877,0.628920,0.424907,0.181022,0.052012,0.013266,37.680429,0.279631
1.400307,1.016264,0.872044,0.630629,0.425372,0.180907,0.052105,0.013266,38.384968,-0.003632
0.969769,0.860547,0.788148,0.599303,0.421192,0.187897,0.056078,0.005729,22.393448,6.745940
1.394004,1.020373,0.873117,0.633960,0.429062,0.187404,0.055918,0.005709,38.894377,0.386032
1.409523,1.026093,0.873726,0.634726,0.429137,0.187444,0.055988,0.005709,39.898256,-0.048230
0.978579,0.857767,0.788029,0.611948,0.421111,0.190178,0.057091,0.007429,22.401727,6.556495
1.397211,1.024114,0.878664,0.644607,0.431469,0.189948,0.057055,0.007618,39.008546,0.147974
1.420873,1.027652,0.881013,0.645846,0.431548,0.189810,0.057076,0.007618,40.041289,0.002981
0.984867,0.868281,0.782336,0.611944,0.431362,0.196427,0.053948,0.019888,22.524425,6.762619
1.411708,1.022619,0.886562,0.649141,0.439929,0.197154,0.054696,0.019877,38.926705,0.308932
1.429446,1.025260,0.892272,0.650294,0.440732,0.197080,0.054696,0.019877,39.747217,-0.081965
0.984396,0.866144,0.791494,0.626808,0.437541,0.186413,0.059921,0.010218,22.413379,6.850241
1.397109,1.026455,0.901554,0.655787,0.449522,0.186050,0.059792,0.010118,38.572315,0.456603
1.430057,1.028918,0.902347,0.655701,0.449689,0.186023,0.059792,0.010118,39.294892,-0.059454
0.973922,0.874737,0.794399,0.629465,0.439420,0.196241,0.061205,0.015384,22.342925,7.047333
1.388247,1.032597,0.900828,0.665634,0.452854,0.197569,0.060433,0.015370,38.040454,0.494980
1.420022,1.036742,0.900295,0.666289,0.453709,0.197820,0.060456,0.015370,39.306097,0.084921
0.974044,0.868223,0.794029,0.626665,0.446485,0.207100,0.063180,0.016654,22.252769,6.654175
1.392161,1.034938,0.905323,0.666196,0.459691,0.209489,0.063335,0.016537,38.109807,0.379926
1.420431,1.041173,0.906832,0.668628,0.459913,0.209556,0.063373,0.016537,39.161188,0.089552
0.967976,0.879564,0.799762,0.629962,0.448482,0.200496,0.066855,0.010301,22.287957,6.654256
1.390033,1.043903,0.906728,0.669322,0.459081,0.201998,0.067478,0.010200,38.848454,0.875349
1.414536,1.052146,0.910991,0.670177,0.458810,0.202057,0.067581,0.010200,40.503020,0.001894
0.960338,0.857423,0.799270,0.648036,0.453954,0.203049,0.070600,0.011039,22.091472,6.916297
1.392380,1.034760,0.910947,0.682438,0.466953,0.204490,0.070519,0.011036,39.287611,0.245453
1.423780,1.038293,0.915360,0.682902,0.466641,0.204486,0.070486,0.011036,40.388783,0.011081
0.975580,0.870291,0.808110,0.642282,0.456115,0.214234,0.067168,0.011992,22.442806,7.124221
1.390469,1.031365,0.918894,0.684206,0.468544,0.215060,0.067031,0.011678,38.831542,0.596556
1.401405,1.038075,0.920199,0.684929,0.469230,0.215148,0.066922,0.011677,40.231605,-0.084126
1.209012,0.978200,0.880564,0.681572,0.472752,0.220841,0.065579,0.017290,28.062944,6.806555
1.421064,1.046482,0.921302,0.694471,0.475358,0.221289,0.066201,0.017308,43.354724,-0.029795
1.422724,1.046455,0.921956,0.694412,0.475372,0.221275,0.066201,0.017308,43.306665,0.000000
1.186545,0.973793,0.873650,0.666906,0.462604,0.214449,0.074193,0.015260,27.397998,6.906346
1.422140,1.040886,0.914433,0.681197,0.465824,0.214964,0.074022,0.015121,44.055447,0.149509
1.425751,1.042139,0.915377,0.681387,0.465830,0.215009,0.074002,0.015121,44.243152,-0.001120
1.186019,0.981454,0.874689,0.669298,0.465672,0.210327,0.063823,0.011545,27.422934,7.231477
1.440507,1.046135,0.919712,0.680297,0.469253,0.210810,0.063934,0.011369,44.111727,0.420741
1.440140,1.046363,0.919729,0.680174,0.469458,0.210883,0.063934,0.011369,44.760759,0.000000
1.205626,0.985435,0.878331,0.661061,0.448724,0.198158,0.056398,0.008127,28.024532,7.486731
1.442790,1.046825,0.913796,0.670965,0.451298,0.197933,0.056555,0.007949,48.199590,-0.713175
1.447789,1.047268,0.914103,0.671221,0.451410,0.197871,0.056555,0.007970,48.390394,0.000000
1.178310,0.963342,0.853746,0.636828,0.433383,0.184630,0.058778,0.018213,27.224311,7.366790
1.414980,1.026187,0.885940,0.648331,0.435432,0.185009,0.059313,0.018214,44.916893,0.338488
1.413037,1.027904,0.886040,0.648634,0.435386,0.185009,0.059313,0.018214,44.832288,0.000000
1.204330,0.960782,0.850976,0.633775,0.432632,0.186795,0.053475,0.007325,27.962673,6.647450
1.411794,1.021074,0.886253,0.645581,0.434532,0.186890,0.053341,0.007265,42.851761,0.004881
1.414046,1.021683,0.886093,0.645867,0.434469,0.186855,0.053341,0.007265,42.872952,-0.000817
1.200363,0.964618,0.850782,0.622811,0.415069,0.176462,0.047796,0.006144,27.577250,6.724383
1.437291,1.027955,0.886854,0.633290,0.417319,0.176650,0.048231,0.006105,45.169120,-0.715421
1.444105,1.027738,0.887625,0.633367,0.417369,0.176592,0.048231,0.006105,44.983563,0.000000
1.187130,0.968775,0.840907,0.624377,0.413167,0.169846,0.051893,0.007211,27.579303,6.927481
1.423617,1.032845,0.875007,0.634731,0.415525,0.170314,0.051520,0.007211,43.983041,0.249134
1.427318,1.032400,0.874988,0.634927,0.415652,0.170310,0.051520,0.007211,44.349382,0.000000
1.209438,0.975706,0.842740,0.628406,0.422535,0.175151,0.054936,0.008286,28.079621,7.157384
1.420435,1.035379,0.880714,0.639255,0.425177,0.175424,0.055351,0.008326,46.479769,0.004220
1.420830,1.037090,0.880631,0.639320,0.425175,0.175391,0.055352,0.008326,46.476372,0.000000
1.179395,0.970832,0.850244,0.642369,0.435327,0.184770,0.053628,0.006378,27.222541,7.321915
1.426680,1.036576,0.881107,0.651487,0.438730,0.184605,0.053406,0.006556,43.852969,0.009144
1.429950,1.037177,0.880747,0.651657,0.438691,0.184605,0.053406,0.006496,43.803830,0.000000
1.212402,0.970435,0.859326,0.638718,0.439376,0.189210,0.055226,0.015580,27.936444,7.063659
1.428237,1.039552,0.891429,0.651768,0.442398,0.189204,0.055284,0.015481,44.235144,-0.197795
1.432856,1.039978,0.891333,0.652086,0.442455,0.189201,0.055284,0.015481,43.767114,0.000000
1.215634,0.979950,0.860946,0.637214,0.441254,0.193288,0.057391,0.008065,28.039912,6.925540
1.438599,1.047526,0.894038,0.652316,0.444725,0.194297,0.057353,0.007946,44.603727,0.071171
1.439280,1.047503,0.894511,0.652611,0.444926,0.194263,0.057353,0.007946,44.568876,0.000000
1.197154,0.978171,0.870781,0.656530,0.447227,0.199361,0.058677,0.009531,27.518933,6.893844
1.444670,1.042615,0.908459,0.668844,0.448763,0.199029,0.058448,0.009689,43.460252,-0.116283
1.445754,1.042850,0.908055,0.668913,0.448707,0.199010,0.058448,0.009689,43.451375,0.000000
1.195789,0.981802,0.879944,0.663023,0.454439,0.205724,0.057922,0.016761,27.542158,7.483064
1.455625,1.048457,0.916476,0.673168,0.456690,0.205624,0.058211,0.016760,44.814764,-0.206166
1.458031,1.048437,0.916530,0.673044,0.456922,0.205624,0.058211,0.016760,45.953535,0.000000
1.201756,0.982338,0.880855,0.662892,0.461241,0.194133,0.065231,0.011635,27.360594,6.908832
1.461690,1.055486,0.922381,0.676203,0.466521,0.194113,0.065104,0.011625,45.801618,0.175073
1.471425,1.055493,0.922392,0.676103,0.466691,0.194068,0.065104,0.011625,46.393890,0.001838
1.207778,0.978205,0.882919,0.669472,0.468849,0.207476,0.064792,0.015735,27.541721,6.947698
1.441886,1.051353,0.921247,0.685912,0.472225,0.208210,0.064210,0.015626,44.769384,0.458310
1.447284,1.052040,0.921704,0.686110,0.472312,0.208144,0.064249,0.015626,45.649390,0.000000
1.204720,0.988998,0.891263,0.677050,0.472464,0.217021,0.066346,0.015014,27.392836,6.935701
1.474844,1.058435,0.932434,0.688046,0.476655,0.217834,0.066502,0.014874,44.553095,0.165829
1.478915,1.057989,0.932455,0.688724,0.476587,0.217859,0.066504,0.014874,44.879001,0.000000
1.199653,1.003113,0.892026,0.680490,0.471305,0.209334,0.072937,0.010386,27.572832,7.183886
1.434467,1.073675,0.924630,0.691499,0.474006,0.208806,0.073026,0.010306,45.351718,0.130532
1.440430,1.073474,0.924945,0.691419,0.474024,0.208806,0.073026,0.010306,45.215351,0.000000
1.203662,0.988566,0.894845,0.685734,0.479350,0.214618,0.071605,0.012595,27.717275,7.155812
1.450967,1.061774,0.937497,0.701126,0.482503,0.214926,0.071772,0.012723,45.013303,0.529453
1.451658,1.060624,0.938054,0.701338,0.482586,0.214976,0.071772,0.012723,45.762779,0.000000
1.198159,1.003307,0.899947,0.688444,0.482819,0.226416,0.072643,0.010838,27.705260,7.644174
1.430385,1.064730,0.939118,0.704858,0.488105,0.226679,0.072756,0.010819,45.245669,0.521060
1.430385,1.065212,0.939433,0.704748,0.487877,0.226692,0.072756,0.010819,45.484578,-0.023787
1.366931,1.036373,0.918997,0.695784,0.482288,0.224379,0.067325,0.018809,34.901642,5.997166
1.430973,1.051438,0.929422,0.700340,0.483549,0.224245,0.067301,0.018831,51.382541,0.000000
1.430973,1.051438,0.929256,0.700632,0.483549,0.224245,0.067301,0.018831,51.385440,0.000000
1.383615,1.024441,0.912482,0.685053,0.471421,0.218291,0.074442,0.015908,35.176187,7.257841
1.438855,1.048772,0.924128,0.688273,0.472525,0.218996,0.074579,0.015967,56.834059,0.000000
1.438855,1.048962,0.924147,0.688273,0.472525,0.218996,0.074579,0.015967,56.834059,0.000000
1.377742,1.040843,0.917615,0.683691,0.474003,0.213667,0.065265,0.012499,34.221602,6.701770
1.452848,1.055525,0.928373,0.686518,0.475339,0.213160,0.065285,0.012499,49.647581,0.000000
1.452848,1.055525,0.928373,0.686518,0.475339,0.213161,0.065285,0.012499,49.648553,0.000000
1.400179,1.029388,0.909435,0.677094,0.456673,0.202982,0.057344,0.007864,35.465772,6.238266
1.449973,1.052270,0.919949,0.678941,0.457049,0.202848,0.057321,0.007745,54.082551,-0.085509
1.449973,1.052270,0.919949,0.678941,0.457049,0.202848,0.057321,0.007745,53.954911,0.000000
1.352575,1.015225,0.885059,0.649416,0.439657,0.186756,0.060011,0.019128,34.170909,7.060955
1.425418,1.034722,0.893591,0.652031,0.440787,0.187018,0.060268,0.019168,53.025859,-0.002115
1.425418,1.034722,0.893591,0.652031,0.440854,0.187000,0.060268,0.019168,53.021630,0.000000
1.351759,1.013419,0.881823,0.650371,0.439635,0.189451,0.054545,0.008007,34.216086,6.531421
1.421934,1.031212,0.890435,0.652484,0.440325,0.189255,0.054499,0.008006,50.438276,-0.073993
1.421948,1.031212,0.890283,0.652535,0.440325,0.189255,0.054499,0.008006,50.291529,0.000000
1.412680,1.015692,0.885297,0.636762,0.422230,0.179535,0.049612,0.005680,35.756260,6.185168
1.463275,1.034436,0.894710,0.638990,0.422903,0.179541,0.049537,0.005601,55.602107,0.015344
1.463275,1.034672,0.894710,0.638990,0.422874,0.179541,0.049537,0.005601,55.648301,0.000000
1.371471,1.022816,0.874273,0.640948,0.422005,0.172271,0.053299,0.008917,34.452698,5.512932
1.444251,1.038320,0.882326,0.641911,0.421883,0.172528,0.053104,0.008916,49.527045,0.000000
1.444251,1.038335,0.882339,0.641911,0.421883,0.172528,0.053104,0.008916,49.527045,0.000000
1.351097,1.026806,0.879024,0.643128,0.429712,0.178154,0.054187,0.009130,33.936512,7.115631
1.423113,1.044414,0.888590,0.645332,0.430298,0.178303,0.054198,0.009130,52.109818,0.027502
1.423113,1.044414,0.888590,0.645393,0.430298,0.178303,0.054198,0.009130,52.109818,0.000000
1.349503,1.029051,0.881503,0.654406,0.443422,0.187365,0.053548,0.007127,33.683016,7.316330
1.442319,1.045621,0.884977,0.658672,0.443645,0.187213,0.053466,0.007167,49.111905,0.000000
1.442319,1.046489,0.884977,0.658593,0.443645,0.187213,0.053466,0.007167,49.111905,0.000000
1.366109,1.026621,0.886416,0.656514,0.448256,0.192332,0.056124,0.015495,34.271685,6.948532
1.439714,1.044494,0.898402,0.658070,0.448651,0.192225,0.056132,0.015692,54.666207,0.000000
1.439714,1.044494,0.898270,0.658070,0.448651,0.192225,0.056132,0.015692,54.666207,0.000000
1.367814,1.039982,0.891507,0.658390,0.449259,0.196663,0.058613,0.008109,34.610087,7.371403
1.440760,1.051053,0.902048,0.660372,0.450176,0.196588,0.058604,0.008109,49.441280,1.070937
1.440762,1.051053,0.902048,0.660372,0.450077,0.196588,0.058604,0.008109,54.070929,0.000000
1.388617,1.039437,0.906911,0.670332,0.453718,0.202783,0.059783,0.007889,34.984171,4.794330
1.461457,1.051580,0.915486,0.673641,0.454444,0.202814,0.059731,0.007988,52.963366,0.000000
1.461457,1.050921,0.915322,0.673641,0.454490,0.202814,0.059731,0.007988,52.963366,0.000000
1.419497,1.046583,0.915709,0.675766,0.461422,0.209557,0.059136,0.016603,36.624094,6.125132
1.465589,1.054152,0.924396,0.679218,0.462203,0.209549,0.058998,0.016564,53.324434,0.009075
1.465589,1.054152,0.924229,0.679218,0.462203,0.209549,0.058998,0.016564,53.333509,0.000000
1.402657,1.045195,0.920827,0.678296,0.472226,0.197000,0.064948,0.011558,34.677537,7.670131
1.481018,1.060615,0.930002,0.682276,0.471886,0.196624,0.064944,0.011518,55.946379,0.066832
1.481018,1.060615,0.930002,0.682233,0.471886,0.196624,0.064944,0.011518,56.081087,0.000000
1.379400,1.046844,0.917434,0.692223,0.475330,0.210661,0.065086,0.014735,33.918882,6.542418
1.463821,1.060036,0.927171,0.693637,0.476567,0.210779,0.065020,0.014755,51.140161,0.000000
1.462586,1.060036,0.927654,0.693637,0.476529,0.210818,0.065020,0.014755,51.140161,0.000000
1.412198,1.047401,0.929957,0.694373,0.479941,0.219903,0.068204,0.015930,34.656889,9.096522
1.490230,1.068837,0.939215,0.697372,0.481027,0.219685,0.068095,0.015930,52.526134,0.000000
1.490230,1.068600,0.939215,0.697355,0.481027,0.219685,0.068095,0.015930,52.526134,0.000000
1.385573,1.064435,0.922729,0.696549,0.480220,0.213143,0.073917,0.010596,35.119962,6.032870
1.447733,1.080938,0.937185,0.698604,0.481145,0.212934,0.073956,0.010596,55.437272,-0.058587
1.447733,1.080938,0.937034,0.698640,0.481042,0.212934,0.073956,0.010596,55.320877,0.000000
1.381642,1.047708,0.937197,0.707157,0.488665,0.218804,0.072636,0.012711,33.917554,7.923397
1.465565,1.066099,0.948437,0.709791,0.488912,0.219139,0.072540,0.012671,52.674557,0.000000
1.465565,1.066099,0.948437,0.709791,0.488912,0.219139,0.072540,0.012671,52.676509,0.000000
1.359165,1.055648,0.935506,0.706570,0.493999,0.229104,0.073034,0.010358,33.936916,6.598461
1.441994,1.069701,0.947475,0.710559,0.494369,0.228975,0.072907,0.010299,48.579268,0.061230
1.441994,1.069701,0.947479,0.710559,0.494239,0.228975,0.072907,0.010299,48.740297,0.000000

1.378166,1.011943,0.844686,0.543253,0.046800,0.005589,0.005394,0.000050,29.272901,2.009763
1.429038,1.048670,0.909235,0.607783,0.046896,0.005589,0.005414,0.000050,32.406532,0.032923
1.429038,1.048897,0.909490,0.614413,0.046896,0.005589,0.005414,0.000050,32.477125,0.001417
1.362929,1.016424,0.831557,0.529610,0.050124,0.008010,-0.002718,0.005068,29.007585,2.237010
1.436844,1.046027,0.906819,0.598414,0.049782,0.008010,-0.002718,0.005068,32.297954,0.016295
1.436844,1.046028,0.907076,0.605642,0.049745,0.008010,-0.002718,0.005068,32.349269,-0.005356
1.378919,1.017738,0.833762,0.537937,0.050085,-0.001320,-0.000993,-0.003033,28.929314,2.172212
1.451394,1.051392,0.906293,0.598139,0.050359,-0.001360,-0.000993,-0.003033,32.383929,0.019921
1.453636,1.051392,0.906001,0.606042,0.050359,-0.001360,-0.000993,-0.003033,32.443579,0.006110
1.390976,1.016042,0.829973,0.528239,0.042857,-0.006158,0.006848,-0.001826,29.173584,2.102767
1.452073,1.051311,0.904111,0.596354,0.042833,-0.006158,0.006847,-0.001826,32.289260,0.041502
1.452073,1.051470,0.904152,0.598984,0.042833,-0.006158,0.006847,-0.001826,32.372937,0.000655
1.367936,1.000238,0.807043,0.512143,0.044057,0.000776,0.005217,0.000210,29.017670,2.060330
1.425418,1.034504,0.877220,0.567871,0.044340,0.000776,0.005217,0.000210,32.230068,0.011041
1.425418,1.034715,0.877739,0.572474,0.044267,0.000776,0.005217,0.000210,32.269867,-0.001884
1.366011,1.001093,0.814154,0.507445,0.054908,-0.001397,0.000059,-0.008654,29.131018,1.829259
1.425284,1.029716,0.872497,0.561651,0.054416,-0.001397,0.000059,-0.008634,32.258573,0.023749
1.425284,1.030122,0.873097,0.567186,0.054416,-0.001397,0.000059,-0.008634,32.328097,0.004182
1.388380,0.996220,0.809556,0.508291,0.048235,-0.002606,-0.002623,0.002002,28.900278,2.197122
1.464471,1.031846,0.873476,0.554538,0.048484,-0.002606,-0.002623,0.002002,32.187993,0.006390
1.464471,1.031845,0.874701,0.558432,0.048484,-0.002606,-0.002623,0.002002,32.209417,0.002315
1.396309,1.003859,0.814092,0.506317,0.045653,-0.001571,0.006641,0.001875,29.340398,1.814863
1.446497,1.034808,0.866867,0.560639,0.045730,-0.001571,0.006641,0.001875,32.181523,0.018767
1.446497,1.035045,0.866502,0.566660,0.045730,-0.001571,0.006641,0.001875,32.237680,-0.002364
1.383626,1.005649,0.814311,0.506553,0.040801,0.002693,-0.005099,0.000180,29.363927,1.679461
1.422664,1.043441,0.868209,0.561675,0.040554,0.002693,-0.005079,0.000180,32.191138,0.012413
1.422664,1.043896,0.869147,0.566482,0.040534,0.002693,-0.005079,0.000180,32.223521,-0.002251
1.402525,1.013814,0.806215,0.511610,0.045140,0.007210,-0.005341,0.000498,29.304318,1.831150
1.444424,1.043057,0.873502,0.571559,0.045074,0.007210,-0.005260,0.000478,32.262227,0.020786
1.444424,1.042846,0.873762,0.577403,0.045001,0.007210,-0.005260,0.000478,32.313793,0.002928
1.378763,1.012609,0.819783,0.515500,0.042665,0.008825,0.000730,0.001639,29.040352,2.001147
1.439028,1.041603,0.880898,0.574084,0.042732,0.008825,0.000730,0.001639,32.148193,0.048080
1.439028,1.042037,0.882656,0.579256,0.042732,0.008825,0.000730,0.001639,32.247613,0.003256
1.383937,1.006763,0.826570,0.517326,0.047200,0.001035,-0.004103,-0.000130,29.038841,2.013448
1.441430,1.047245,0.884522,0.574660,0.047152,0.001035,-0.004103,-0.000130,32.271226,0.014250
1.440350,1.047245,0.884379,0.580849,0.047152,0.001035,-0.004103,-0.000130,32.298091,0.003150
1.397648,1.013261,0.825274,0.524797,0.053729,-0.002445,0.000619,-0.003578,29.114619,1.982482
1.463054,1.048960,0.895108,0.579825,0.053326,-0.002445,0.000619,-0.003578,32.284837,0.015154
1.463054,1.049828,0.896389,0.584839,0.053363,-0.002445,0.000619,-0.003578,32.340313,-0.001012
1.410708,1.017275,0.825245,0.530157,0.045268,0.002911,-0.002325,0.000896,29.199999,2.051895
1.465858,1.053191,0.908654,0.592123,0.045115,0.002891,-0.002385,0.000896,32.284403,0.030843
1.465858,1.053633,0.909013,0.597673,0.045115,0.002891,-0.002385,0.000896,32.354622,0.000689
1.414607,1.024701,0.846368,0.531384,0.051049,-0.002354,0.005647,0.000179,29.175212,1.979815
1.480522,1.058723,0.908252,0.592238,0.050648,-0.002354,0.005647,0.000179,32.318005,0.023612
1.483088,1.058723,0.908536,0.599575,0.050685,-0.002354,0.005647,0.000179,32.381545,0.002609
1.420629,1.019502,0.834682,0.537966,0.048071,-0.000179,-0.003372,-0.002017,29.374180,1.987135
1.467580,1.058452,0.909948,0.605080,0.047796,-0.000179,-0.003332,-0.002037,32.333132,0.032849
1.467580,1.058911,0.909597,0.611351,0.047759,-0.000179,-0.003332,-0.002037,32.383611,0.006831
1.441929,1.027472,0.843756,0.537627,0.051278,0.007000,0.001582,-0.003568,29.342383,1.936659
1.490803,1.067230,0.921526,0.604483,0.050915,0.007000,0.001582,-0.003568,32.371631,0.023669
1.490803,1.067233,0.922691,0.610280,0.050915,0.007000,0.001582,-0.003568,32.420405,0.002762
1.396004,1.044715,0.848651,0.535745,0.045671,0.005981,0.000299,0.000450,29.310149,1.949262
1.447039,1.078454,0.912721,0.607084,0.046248,0.006021,0.000299,0.000450,32.376031,0.017570
1.447039,1.078454,0.913357,0.614163,0.046286,0.006021,0.000299,0.000450,32.415863,0.002225
1.408453,1.031570,0.848126,0.544503,0.048168,0.004670,0.000540,-0.001699,29.304647,2.078156
1.465602,1.066455,0.930333,0.612581,0.048599,0.004670,0.000540,-0.001699,32.445701,0.019853
1.465602,1.066455,0.932330,0.622763,0.048599,0.004670,0.000540,-0.001699,32.514403,-0.000602
1.393332,1.029761,0.855010,0.551125,0.047890,0.006802,0.003082,-0.001503,29.315767,1.999478
1.448400,1.069537,0.929609,0.618910,0.047767,0.006802,0.003082,-0.001503,32.495340,0.038992
1.448400,1.069295,0.931410,0.625681,0.047768,0.006802,0.003082,-0.001503,32.573276,0.002098
1.401168,1.034129,0.876706,0.635673,0.327803,0.010238,-0.001179,-0.003814,32.566121,2.359807
1.431949,1.052414,0.919857,0.670338,0.352553,0.010239,-0.001179,-0.003794,36.497974,0.039528
1.431949,1.052632,0.920819,0.670750,0.353726,0.010239,-0.001179,-0.003794,36.563033,0.001720
1.414700,1.034348,0.875572,0.616791,0.319956,0.011162,0.000150,-0.004252,32.828220,2.078166
1.437088,1.047894,0.914766,0.659389,0.340600,0.011141,0.000150,-0.004252,36.539223,0.025733
1.437088,1.047894,0.914890,0.660789,0.343250,0.011141,0.000150,-0.004252,36.612195,0.000580
1.428741,1.031179,0.878967,0.615813,0.321880,0.010406,-0.009284,0.002494,32.680161,2.500567
1.454769,1.055381,0.925238,0.658192,0.344083,0.010524,-0.009264,0.002494,36.613599,0.008745
1.454769,1.055381,0.925594,0.658491,0.344663,0.010524,-0.009264,0.002494,36.639183,0.001410
1.423615,1.028550,0.866968,0.612231,0.315732,0.009480,-0.000672,0.002847,32.478582,2.425779
1.452130,1.050240,0.913562,0.646930,0.337193,0.009480,-0.000672,0.002847,36.318491,0.016514
1.452130,1.050240,0.912879,0.649467,0.338188,0.009480,-0.000672,0.002847,36.368589,0.002742
1.411463,1.016781,0.848813,0.596824,0.299777,0.007203,0.003608,0.000671,32.771223,1.848733
1.424437,1.032212,0.887379,0.622039,0.316485,0.007164,0.003608,0.000671,36.262914,0.028897
1.424437,1.032212,0.887367,0.623033,0.317539,0.007164,0.003608,0.000671,36.341600,0.005270
1.392793,1.015848,0.855087,0.588246,0.303516,0.004960,-0.003505,-0.002439,32.450734,2.352346
1.423247,1.030624,0.883185,0.622631,0.321714,0.004940,-0.003505,-0.002439,36.299060,0.029977
1.423247,1.030624,0.883285,0.624181,0.322734,0.004940,-0.003505,-0.002439,36.366180,0.001370
1.434822,1.015761,0.858978,0.579148,0.287268,0.001953,-0.002337,-0.003824,32.565054,2.045935
1.464963,1.032127,0.889647,0.609909,0.300459,0.001993,-0.002377,-0.003824,36.126906,0.027275
1.464963,1.032127,0.889588,0.610370,0.301815,0.001993,-0.002377,-0.003824,36.199112,-0.000308
1.429624,1.018289,0.844496,0.578381,0.292534,-0.001135,-0.000719,0.002682,32.796711,2.040520
1.444059,1.039626,0.875021,0.612167,0.310601,-0.001135,-0.000719,0.002682,36.116809,0.007507
1.444059,1.039626,0.876009,0.612557,0.311457,-0.001135,-0.000719,0.002682,36.169549,-0.002966
1.415740,1.030219,0.841997,0.584122,0.294533,0.013137,0.006446,0.007243,33.115608,1.708583
1.426361,1.043654,0.879398,0.616232,0.313383,0.013137,0.006446,0.007243,36.193560,0.023935
1.426361,1.043665,0.879704,0.616122,0.314716,0.013137,0.006446,0.007243,36.239080,0.001685
1.418969,1.031000,0.842177,0.592880,0.305402,0.012608,-0.002137,-0.005359,32.717495,2.092317
1.445537,1.045525,0.877544,0.628550,0.325617,0.012686,-0.002137,-0.005359,36.307613,0.015975
1.445537,1.045525,0.877611,0.628376,0.326166,0.012686,-0.002137,-0.005359,36.341847,0.000908
1.422780,1.035133,0.862436,0.594836,0.305671,0.003788,-0.001990,-0.003528,33.141133,1.890895
1.445428,1.044428,0.890328,0.628814,0.328021,0.003927,-0.001990,-0.003528,36.400797,0.030157
1.443679,1.044428,0.889459,0.629151,0.330619,0.003927,-0.001990,-0.003528,36.462442,0.005605
1.421938,1.031867,0.854223,0.598169,0.314873,0.014289,-0.001389,-0.000849,32.659806,2.194096
1.444299,1.050020,0.892137,0.630139,0.333882,0.014249,-0.001389,-0.000849,36.355350,0.013091
1.444299,1.050020,0.892268,0.630369,0.335547,0.014249,-0.001389,-0.000849,36.401410,-0.000690
1.441088,1.031014,0.866576,0.609081,0.312902,0.005641,0.005809,0.007937,32.808726,2.297151
1.463804,1.051610,0.908961,0.642700,0.331931,0.005542,0.005809,0.007937,36.439934,0.032372
1.463804,1.051829,0.909062,0.643296,0.333243,0.005542,0.005809,0.007937,36.532894,0.003037
1.444207,1.032579,0.883561,0.609001,0.318230,0.010155,-0.002478,-0.001095,32.694724,2.244755
1.465589,1.056005,0.916402,0.646509,0.336497,0.010215,-0.002478,-0.001095,36.409155,0.029681
1.465589,1.055782,0.916033,0.647043,0.338631,0.010215,-0.002478,-0.001095,36.466409,0.000561
1.458931,1.047504,0.876584,0.613338,0.318155,0.005747,-0.001907,-0.003090,32.843080,2.192399
1.484388,1.061989,0.918324,0.652638,0.342229,0.005797,-0.001847,-0.003090,36.476410,0.012099
1.484388,1.062217,0.918755,0.651676,0.345161,0.005797,-0.001847,-0.003090,36.508986,0.002265
1.450142,1.043604,0.880407,0.618332,0.319761,0.004053,0.003869,0.001046,33.028920,1.967043
1.466232,1.062092,0.922800,0.661919,0.342068,0.004132,0.003869,0.001046,36.482611,0.028112
1.466232,1.062092,0.923849,0.662271,0.343232,0.004132,0.003869,0.001046,36.532301,0.006219
1.458524,1.050840,0.886389,0.628783,0.321904,0.006870,-0.001286,0.004752,32.709306,2.300865
1.489440,1.068777,0.932629,0.666764,0.342646,0.006870,-0.001286,0.004751,36.585467,0.023305
1.489440,1.068777,0.932494,0.667458,0.346109,0.006870,-0.001286,0.004751,36.627351,0.003492
1.439086,1.064209,0.887539,0.626417,0.324424,0.010748,0.008262,0.003051,33.218740,1.900793
1.451407,1.079654,0.928586,0.668992,0.345558,0.010659,0.008262,0.003051,36.502715,0.019384
1.451407,1.079654,0.928111,0.668410,0.346972,0.010659,0.008262,0.003051,36.572125,-0.000527
1.437210,1.048856,0.899812,0.630805,0.331073,0.001591,0.002547,0.000656,32.726119,2.280443
1.468799,1.067022,0.943417,0.672544,0.353380,0.001572,0.002547,0.000656,36.541650,0.013999
1.468799,1.067009,0.944857,0.674137,0.355657,0.001572,0.002547,0.000656,36.580424,0.000000
1.427151,1.048663,0.897302,0.634871,0.331415,0.008867,0.001010,0.004096,32.756588,2.210845
1.449492,1.070414,0.938645,0.678976,0.354895,0.008907,0.001010,0.004096,36.505864,0.038836
1.449492,1.070414,0.938647,0.679387,0.357922,0.008907,0.001010,0.004096,36.597203,0.005878
1.420384,1.050327,0.915292,0.671357,0.432614,0.103399,0.001040,-0.000974,36.966846,1.933680
1.431199,1.053133,0.928678,0.691981,0.449691,0.104092,0.001040,-0.000974,40.052504,0.014428
1.431199,1.053133,0.928678,0.692098,0.450054,0.103832,0.001040,-0.000974,40.072395,0.000375
1.421863,1.047231,0.906216,0.666993,0.422679,0.103345,0.003133,0.000000,36.627733,2.310008
1.438855,1.050101,0.922103,0.679592,0.439271,0.105115,0.003133,0.000000,40.136676,-0.004512
1.438855,1.050101,0.922115,0.679319,0.438376,0.105425,0.003133,0.000000,40.171462,0.000219
1.445191,1.046582,0.911781,0.665396,0.427683,0.098136,-0.003023,-0.002707,36.634323,1.812534
1.454769,1.054772,0.924777,0.678210,0.441111,0.097677,-0.003023,-0.002707,39.848359,0.011875
1.454769,1.054772,0.924609,0.677900,0.442211,0.097729,-0.003023,-0.002707,39.873575,0.001178
1.435507,1.048874,0.911284,0.656432,0.410685,0.082620,-0.004246,0.003492,36.745817,2.316895
1.452926,1.053614,0.918890,0.670683,0.423744,0.082918,-0.004246,0.003492,40.094760,-0.002047
1.452926,1.053614,0.918890,0.670438,0.423793,0.082717,-0.004246,0.003492,40.099665,-0.002157
1.412448,1.029446,0.884191,0.632164,0.399649,0.074725,-0.002995,0.004206,36.223867,2.087677
1.424449,1.036450,0.891884,0.644973,0.409420,0.076475,-0.002995,0.004266,39.753717,0.011881
1.424449,1.036450,0.891753,0.645316,0.409343,0.076455,-0.002995,0.004266,39.785067,0.001254
1.418259,1.027062,0.878415,0.628957,0.395324,0.087253,0.000010,-0.004542,37.103450,1.804950
1.425284,1.033153,0.891315,0.642983,0.405551,0.087541,0.000010,-0.004582,39.919346,-0.000317
1.425284,1.033153,0.891315,0.643180,0.405773,0.087428,0.000010,-0.004582,39.907044,0.001703
1.457786,1.028614,0.882962,0.622788,0.383731,0.073940,0.003632,0.004440,36.870599,1.770516
1.465680,1.035394,0.894341,0.632113,0.395002,0.075234,0.003632,0.004440,39.986275,0.012575
1.465680,1.035394,0.894341,0.632166,0.395634,0.075269,0.003632,0.004440,39.999693,-0.000158
1.437008,1.033036,0.869413,0.621880,0.382483,0.063234,-0.003820,0.003996,36.637931,2.083508
1.446497,1.040002,0.882229,0.635910,0.392319,0.063219,-0.003820,0.003996,39.860585,-0.004285
1.446497,1.040002,0.882229,0.636099,0.392722,0.062956,-0.003820,0.003996,39.866407,-0.000358
1.422098,1.039661,0.875850,0.623752,0.387719,0.087341,0.005698,0.002250,37.472874,1.357163
1.425784,1.045585,0.887195,0.634325,0.399737,0.088329,0.005698,0.002250,40.016710,0.002964
1.425784,1.045343,0.887351,0.634541,0.399677,0.088444,0.005698,0.002250,40.018774,-0.001535
1.434357,1.041896,0.873495,0.636486,0.400817,0.085168,-0.002681,-0.006742,36.852981,1.609084
1.445537,1.047964,0.884661,0.650479,0.410945,0.086881,-0.002681,-0.006802,39.938712,0.006807
1.445537,1.047964,0.884540,0.650367,0.411585,0.086838,-0.002681,-0.006802,39.951196,0.000104
1.437536,1.037181,0.889214,0.638681,0.401833,0.086466,0.002281,0.005348,37.041314,1.612457
1.445428,1.044520,0.897920,0.649598,0.413289,0.086309,0.002281,0.005348,39.941058,-0.010957
1.445428,1.044520,0.897906,0.649547,0.413464,0.086193,0.002281,0.005348,39.925021,-0.001036
1.436102,1.047567,0.890262,0.637880,0.404169,0.086572,-0.005141,0.006119,37.076139,1.752107
1.444299,1.052198,0.901677,0.652417,0.418016,0.089777,-0.005081,0.006119,39.887105,0.007864
1.444299,1.052198,0.901662,0.652768,0.418418,0.089988,-0.005081,0.006119,39.895020,0.001544
1.453867,1.044062,0.902974,0.650334,0.408863,0.080308,-0.006071,-0.006873,36.846210,1.864973
1.463804,1.052090,0.915557,0.665405,0.424774,0.081369,-0.006071,-0.006853,39.942273,0.015266
1.463804,1.052310,0.915557,0.665376,0.424882,0.081723,-0.006071,-0.006853,39.983189,0.000683
1.459165,1.050048,0.910693,0.657810,0.411215,0.088292,-0.000239,-0.006823,37.178935,1.695019
1.466713,1.056878,0.921196,0.672320,0.426535,0.089126,-0.000239,-0.006823,40.159854,0.009525
1.466713,1.056878,0.921360,0.672558,0.427045,0.089265,-0.000239,-0.006823,40.185026,-0.000330
1.474417,1.055407,0.915582,0.659820,0.422940,0.094827,0.001433,0.002270,37.119280,1.665306
1.484388,1.062933,0.928376,0.672754,0.437374,0.095037,0.001433,0.002251,39.999061,0.006401
1.484388,1.062933,0.928531,0.673106,0.437903,0.094922,0.001433,0.002251,40.019733,0.000053
1.452550,1.055957,0.917500,0.670768,0.433960,0.095214,0.002727,0.005430,36.767957,1.961057
1.466317,1.062399,0.928164,0.685310,0.448384,0.094231,0.002727,0.005430,39.910669,0.002531
1.466317,1.062399,0.928171,0.685709,0.448363,0.094358,0.002727,0.005430,39.915474,-0.001550
1.481027,1.061260,0.923421,0.672299,0.433523,0.095038,-0.004341,0.000539,36.667859,2.146636
1.491593,1.070010,0.938549,0.687397,0.448414,0.095942,-0.004361,0.000539,39.896526,0.007778
1.491593,1.070010,0.938377,0.687482,0.448206,0.095499,-0.004361,0.000539,39.904665,0.000052
1.443729,1.075338,0.922424,0.673794,0.428327,0.092538,0.003456,0.003843,37.098309,1.743550
1.451407,1.081447,0.935560,0.692567,0.444714,0.094148,0.003456,0.003843,40.056427,0.007107
1.451407,1.081447,0.935386,0.692092,0.445414,0.094255,0.003456,0.003843,40.057602,0.000000
1.447988,1.060802,0.929813,0.686731,0.437336,0.099875,0.003708,0.000140,36.138786,2.675072
1.467577,1.069629,0.945890,0.702593,0.452581,0.099634,0.003708,0.000140,40.152369,0.004970
1.467577,1.069629,0.945731,0.702467,0.452745,0.099708,0.003708,0.000140,40.167352,-0.000055
1.440793,1.065264,0.928991,0.686314,0.442684,0.104108,-0.003826,-0.002846,37.056883,1.827801
1.449492,1.070942,0.945862,0.701272,0.457889,0.106139,-0.003826,-0.002846,40.125079,0.006025
1.449492,1.070942,0.945691,0.701639,0.457757,0.106334,-0.003826,-0.002846,40.133984,0.000598
1.431949,1.048462,0.925561,0.694162,0.467900,0.201527,0.016280,-0.005205,41.629451,1.717948
1.431949,1.053140,0.930240,0.699225,0.474961,0.203346,0.016587,-0.005205,44.446081,0.008665
1.431949,1.052909,0.930240,0.699239,0.474841,0.203639,0.016567,-0.005205,44.474047,0.000000
1.435847,1.046608,0.921900,0.683886,0.459951,0.194792,0.017473,-0.002259,41.409125,1.346645
1.438855,1.049872,0.924983,0.687661,0.465320,0.196380,0.017438,-0.002259,44.372923,0.000144
1.438855,1.049872,0.924983,0.687684,0.465299,0.196495,0.017438,-0.002259,44.381587,-0.000723
1.454769,1.052311,0.924370,0.680647,0.462637,0.195804,0.018392,-0.003623,41.487131,1.521124
1.454769,1.056468,0.928873,0.685493,0.467822,0.193865,0.018378,-0.003623,44.302644,-0.001703
1.454769,1.056468,0.928873,0.685424,0.467744,0.193823,0.018417,-0.003623,44.311454,0.000284
1.454011,1.049209,0.917678,0.671906,0.445770,0.182128,0.008084,-0.004244,41.836454,1.781349
1.454011,1.053614,0.920345,0.677688,0.450055,0.183745,0.007994,-0.004244,44.516354,-0.000820
1.454011,1.053614,0.920345,0.677700,0.450559,0.183990,0.007994,-0.004244,44.515086,0.000000
1.425418,1.035646,0.893100,0.648996,0.428144,0.167722,0.016593,0.001496,42.680525,1.006138
1.425418,1.037305,0.895051,0.652995,0.432053,0.169838,0.016071,0.001496,44.478275,0.001774
1.425418,1.037305,0.895051,0.652995,0.432000,0.170010,0.016032,0.001496,44.473991,-0.001993
1.425284,1.032332,0.889515,0.647428,0.430778,0.170656,0.004901,-0.000209,42.418835,1.000716
1.425284,1.032948,0.892261,0.651120,0.433043,0.172795,0.005190,-0.000209,44.198854,0.001663
1.425284,1.032948,0.892261,0.651120,0.433203,0.172756,0.005190,-0.000209,44.204124,0.000000
1.463742,1.032484,0.891096,0.633777,0.413298,0.159883,0.007850,-0.000342,41.177317,1.896999
1.466898,1.035122,0.896268,0.637694,0.415216,0.162517,0.007644,-0.000342,44.317895,0.004561
1.466898,1.035122,0.896268,0.637694,0.415258,0.162719,0.007644,-0.000342,44.317467,0.000000
1.446497,1.039265,0.879390,0.637913,0.412220,0.153940,0.009288,0.000397,42.484913,0.939825
1.446497,1.040456,0.883626,0.641073,0.416570,0.155480,0.009069,0.000397,44.378210,0.000867
1.446497,1.040456,0.883626,0.641073,0.416515,0.155739,0.009109,0.000397,44.380377,0.000145
1.425784,1.043935,0.885987,0.642487,0.419061,0.158427,0.014520,-0.008036,42.352241,0.845595
1.425784,1.045585,0.888708,0.644983,0.422331,0.159170,0.014428,-0.007975,44.358449,0.000845
1.425784,1.045585,0.888708,0.645002,0.422383,0.158913,0.014428,-0.007975,44.360660,-0.000575
1.442680,1.047936,0.884147,0.653242,0.433108,0.169642,0.016574,0.002282,42.170467,0.553829
1.445537,1.047946,0.887608,0.657760,0.435243,0.171195,0.016206,0.002282,44.334396,0.000357
1.445537,1.047946,0.887608,0.657634,0.435572,0.171093,0.016246,0.002282,44.333896,0.000071
1.445428,1.042715,0.898576,0.653533,0.436630,0.170625,0.009116,0.001248,42.348302,0.873110
1.445428,1.045386,0.899663,0.657342,0.441556,0.170827,0.008930,0.001248,44.401817,0.002252
1.445428,1.045386,0.899663,0.657808,0.441581,0.170639,0.008949,0.001248,44.404359,0.000000
1.444299,1.049066,0.899596,0.656639,0.439826,0.175116,0.009836,0.003876,41.583568,1.504248
1.444299,1.052177,0.903535,0.660579,0.442976,0.177417,0.009985,0.003876,44.104076,0.002577
1.444299,1.052177,0.903535,0.660579,0.443017,0.177576,0.010005,0.003876,44.111812,-0.000408
1.460282,1.051831,0.912941,0.666164,0.442271,0.182142,0.018329,-0.002894,41.665748,1.677210
1.463804,1.053410,0.916854,0.672961,0.446124,0.183715,0.018152,-0.002894,44.769582,-0.001422
1.463804,1.053410,0.916854,0.672961,0.446392,0.183932,0.018152,-0.002894,44.762633,0.000000
1.463617,1.055080,0.920395,0.675162,0.448870,0.187030,0.004884,-0.000160,41.793358,1.470743
1.466713,1.055908,0.924332,0.677675,0.454952,0.190077,0.004945,-0.000160,44.536155,0.004571
1.466713,1.055908,0.924332,0.677547,0.455251,0.189888,0.004945,-0.000160,44.539302,-0.000450
1.484388,1.060373,0.928664,0.676970,0.458811,0.175613,0.010585,-0.005019,42.213631,1.306336
1.484388,1.063396,0.931251,0.680799,0.462956,0.175877,0.010981,-0.004999,44.437635,0.000421
1.484388,1.063396,0.931251,0.680799,0.463081,0.175815,0.010981,-0.004999,44.428986,0.000000
1.467580,1.061627,0.926677,0.687876,0.463585,0.187132,0.006381,0.004445,42.549558,1.007985
1.467580,1.063252,0.929897,0.692620,0.468101,0.188952,0.006460,0.004445,44.382889,0.004847
1.467580,1.063252,0.929897,0.692597,0.468061,0.188913,0.006460,0.004445,44.393819,0.000000
1.491593,1.068814,0.936075,0.691639,0.471051,0.197785,0.018137,0.009122,42.522387,1.072109
1.491593,1.070724,0.940433,0.696324,0.472303,0.198587,0.017894,0.009122,44.537466,-0.003145
1.491593,1.070724,0.940433,0.696389,0.472305,0.198878,0.017876,0.009122,44.526094,-0.000448
1.451407,1.078902,0.933244,0.690413,0.467212,0.191321,0.014168,-0.001192,42.120251,1.428975
1.451407,1.081941,0.937675,0.697479,0.472695,0.194012,0.014095,-0.001192,44.512237,0.007156
1.451407,1.081941,0.937502,0.697583,0.472894,0.193844,0.014095,-0.001192,44.519542,0.000298
1.467512,1.066595,0.944860,0.704543,0.472843,0.196657,0.014905,0.002162,41.566062,2.073603
1.468799,1.069868,0.949749,0.709843,0.479217,0.199965,0.015234,0.002162,44.623740,-0.010990
1.468799,1.069868,0.949749,0.709843,0.479101,0.200013,0.015196,0.002162,44.621983,-0.000229
1.449492,1.068491,0.945298,0.705240,0.482238,0.207440,0.016518,-0.005126,42.120970,1.602509
1.449492,1.071422,0.949563,0.709640,0.488327,0.206999,0.016580,-0.005126,44.620341,-0.000229
1.449492,1.071422,0.949563,0.709607,0.488313,0.206762,0.016580,-0.005126,44.624084,-0.000153
1.431949,1.053568,0.929081,0.700577,0.480926,0.219609,0.059857,0.007993,48.645800,0.932238
1.431949,1.053568,0.930573,0.701178,0.482322,0.220186,0.059101,0.008441,50.410670,-0.002461
1.431949,1.053568,0.930573,0.701178,0.482330,0.220162,0.059254,0.008520,50.394262,0.000000
1.438855,1.049582,0.924224,0.687290,0.470848,0.213065,0.069510,0.000893,47.160401,1.706945
1.438855,1.050101,0.924880,0.689122,0.471712,0.213944,0.069496,0.000913,50.203856,0.001105
1.438855,1.050101,0.924880,0.689122,0.471751,0.213946,0.069509,0.000913,50.204684,0.000000
1.454769,1.056696,0.928627,0.687326,0.473408,0.210027,0.060473,-0.002316,49.220927,0.549068
1.454769,1.056471,0.929816,0.688510,0.475011,0.210474,0.059737,-0.002437,50.619613,0.002888
1.454769,1.056471,0.929816,0.688510,0.475011,0.210475,0.059661,-0.002457,50.623110,0.000000
1.454011,1.053540,0.920483,0.678223,0.455952,0.197222,0.050622,0.000400,48.085205,0.914535
1.454011,1.053614,0.920817,0.680017,0.456366,0.196965,0.049991,0.000340,50.062692,0.000735
1.454011,1.053614,0.920817,0.680017,0.456366,0.196887,0.049986,0.000340,50.066370,0.000000
1.425418,1.037305,0.894021,0.652950,0.440337,0.183600,0.054617,-0.000080,48.581026,0.767465
1.425418,1.037305,0.895950,0.654262,0.440967,0.183734,0.054588,-0.000060,50.315196,0.000850
1.425418,1.037305,0.895950,0.654262,0.441027,0.183734,0.054605,-0.000060,50.317747,0.000000
1.425284,1.033359,0.891926,0.652333,0.439084,0.183252,0.048906,0.004811,48.625109,1.000899
1.425284,1.033359,0.893472,0.653126,0.440681,0.183784,0.048566,0.004949,50.369946,0.001650
1.425284,1.033359,0.893472,0.653126,0.440681,0.183835,0.048507,0.004930,50.372458,0.001149
1.466898,1.034705,0.895239,0.638006,0.420579,0.177022,0.043329,0.001684,47.549695,1.796698
1.466898,1.035802,0.896096,0.639678,0.421613,0.177847,0.043585,0.001784,50.316684,-0.002055
1.466898,1.035802,0.896096,0.639678,0.421613,0.177919,0.043550,0.001784,50.312363,0.000000
1.446497,1.040664,0.881736,0.642100,0.420872,0.167882,0.048351,0.004486,48.525734,0.992163
1.446497,1.040664,0.884210,0.642807,0.421977,0.168411,0.049416,0.004406,50.440098,-0.004518
1.446497,1.040664,0.884210,0.642807,0.421988,0.168303,0.049411,0.004406,50.434415,0.000000
1.423735,1.045343,0.887236,0.645209,0.427923,0.174141,0.049919,0.002826,46.269752,2.866276
1.425784,1.046014,0.888658,0.645530,0.428383,0.174437,0.050453,0.002827,50.170290,0.001371
1.425784,1.046014,0.888658,0.645530,0.428387,0.174368,0.050513,0.002827,50.179069,0.000000
1.445537,1.048181,0.886218,0.657996,0.441981,0.184627,0.049769,0.001296,48.673478,1.081484
1.445537,1.048181,0.888023,0.659414,0.443113,0.184430,0.049524,0.001196,50.020720,-0.000397
1.445537,1.048181,0.888023,0.659414,0.443115,0.184416,0.049580,0.001156,50.016088,0.000000
1.445428,1.045386,0.900555,0.657462,0.446665,0.189139,0.047210,0.007028,49.169419,0.494107
1.445428,1.045159,0.901007,0.658804,0.447343,0.188899,0.047243,0.007166,50.281465,-0.004145
1.445428,1.045159,0.901007,0.658804,0.447332,0.188945,0.047169,0.007206,50.255744,-0.000349
1.444299,1.053094,0.903068,0.660006,0.449031,0.192645,0.051086,0.000079,48.356464,0.521198
1.444299,1.053094,0.903736,0.661958,0.449317,0.192686,0.051443,0.000079,50.348334,0.000000
1.444299,1.053094,0.903736,0.661958,0.449375,0.192731,0.051425,0.000079,50.349191,0.000000
1.460707,1.053852,0.915414,0.673354,0.453336,0.196046,0.053164,0.000388,46.542434,2.455789
1.463804,1.053410,0.917513,0.674452,0.454138,0.196286,0.053177,0.000428,50.152239,0.009290
1.463804,1.053410,0.917513,0.674452,0.454124,0.196274,0.053142,0.000408,50.169742,-0.001096
1.466713,1.056844,0.923976,0.678913,0.459806,0.204143,0.052586,0.007651,48.035719,1.206680
1.466713,1.056656,0.925635,0.680218,0.460938,0.203718,0.052995,0.007990,50.542642,-0.001940
1.466713,1.056656,0.925635,0.680218,0.461020,0.203711,0.052997,0.008049,50.538911,0.000298
1.484388,1.063396,0.930049,0.681530,0.469576,0.192027,0.057860,0.002064,48.553788,0.929520
1.484388,1.063396,0.931797,0.683486,0.471475,0.192574,0.058298,0.002174,50.263647,-0.029999
1.484388,1.063396,0.931797,0.683486,0.471516,0.192601,0.058281,0.002174,50.257701,0.000000
1.467580,1.063252,0.930240,0.693477,0.475298,0.206209,0.059281,-0.003447,48.775041,0.499573
1.467580,1.063252,0.930540,0.694979,0.475740,0.207119,0.059985,-0.003689,49.927657,0.002139
1.467580,1.063252,0.930540,0.694979,0.475734,0.207128,0.059874,-0.003648,49.925131,0.001490
1.491593,1.070903,0.938875,0.695904,0.478238,0.215775,0.060790,0.002594,47.629572,1.649224
1.491593,1.070724,0.941354,0.697203,0.479924,0.216390,0.060356,0.002574,50.265678,0.019092
1.491593,1.070724,0.941354,0.697190,0.479930,0.216386,0.060338,0.002574,50.264557,0.000000
1.451407,1.080460,0.936254,0.697913,0.477900,0.209124,0.065731,0.003169,47.171619,1.912772
1.451407,1.081957,0.938026,0.699494,0.480021,0.209453,0.066107,0.003310,50.424596,0.001817
1.451407,1.081957,0.938026,0.699494,0.479998,0.209427,0.066176,0.003350,50.425831,-0.000073
1.468799,1.068924,0.948918,0.708648,0.486649,0.213200,0.065480,0.006457,47.605857,1.243254
1.468799,1.069868,0.950386,0.710796,0.487490,0.213212,0.065540,0.006277,49.744265,0.015307
1.468799,1.069868,0.950386,0.710796,0.487490,0.213091,0.065523,0.006277,49.780567,0.000000
1.447628,1.069722,0.948051,0.710035,0.492661,0.225377,0.064026,-0.000597,45.692743,3.768801
1.449492,1.071910,0.949256,0.711766,0.493373,0.224825,0.065286,-0.000657,50.325125,0.000781
1.449492,1.071910,0.949256,0.711766,0.493408,0.224863,0.065263,-0.000657,50.324486,0.000000
