15.607069,24.198720,32.590467,34.051884,35.368866,35.384483,
15.666878,24.254502,32.819916,34.479491,36.492785,36.454051,
15.642118,24.396999,32.936174,34.621754,36.698663,36.781318,
15.611593,24.297514,32.584511,34.120533,35.521491,35.559670,
15.634310,24.392245,32.597746,33.989338,35.401387,35.372699,
15.682979,24.365183,33.321559,34.891968,36.135429,36.327589,
15.726041,24.482702,33.118952,34.900853,36.683496,36.715346,
15.675036,24.474732,32.800122,34.110929,36.186425,36.333561,
15.559317,24.148743,32.613031,34.420254,36.395404,36.381986,
15.579150,24.353438,32.996279,34.448609,35.857383,35.962041,
15.667022,24.367404,32.707024,34.356947,36.301733,36.445045,
15.639297,24.357026,32.782782,34.051289,35.206409,35.218393,
15.726596,24.520781,32.882621,34.243023,36.075655,36.020678,
15.673928,24.388323,32.387244,33.978973,35.563118,35.610323,
15.668938,24.345134,32.791168,34.216912,35.694877,35.728383,
15.646543,24.130121,32.657990,34.254691,35.852729,35.898210,
15.723962,24.363031,32.838658,34.652068,36.527903,36.499165,
15.641920,24.216745,32.344800,34.024431,35.401090,35.458413,
15.696807,24.392803,32.304512,33.844108,35.300564,35.367737,
15.676317,24.329581,32.836144,34.094464,35.518626,35.578564,
15.619010,24.280993,33.186950,34.210448,36.355617,36.328299,
15.554436,24.133648,32.635512,34.287780,35.988436,36.058097,
15.665412,24.472143,32.750289,34.199126,35.723715,35.764823,
15.607114,24.373046,32.424596,33.623752,35.173248,35.225844,
15.603969,24.438923,32.296230,33.935506,35.697095,35.778559,
15.677362,24.477707,32.902520,34.388682,35.896009,35.902072,
15.584479,24.216380,32.804510,34.349477,35.761671,35.825165,
15.696036,24.242896,32.665549,34.173574,35.500100,35.484133,
15.607162,24.282045,32.489040,34.130708,36.083864,36.143199,
15.630390,24.352306,32.736994,34.746179,36.504547,36.618898,
15.601474,24.132462,32.866842,33.943911,36.018915,36.043952,
15.588352,24.142604,32.023796,33.633557,35.207890,35.304888,
15.638219,24.149388,32.459131,33.868515,35.450416,35.496595,
15.649307,24.274298,32.574568,34.019768,35.555011,35.564607,
15.611272,24.318207,32.612757,33.953069,35.531001,35.580131,
15.681872,24.337562,32.300696,34.034961,35.372215,35.535826,
15.803828,24.536597,32.578456,34.275449,35.923275,35.972748,
15.637505,24.070665,32.084991,33.681817,35.494309,35.636890,
15.706329,24.233971,32.535701,33.624444,35.034265,35.090327,
15.639225,24.217105,32.738256,34.066396,35.462849,35.531639,
15.559728,24.164152,32.345192,33.669689,35.202417,35.133381,
15.713285,24.094755,32.177002,33.602239,35.520398,35.558637,
15.695397,24.170323,31.923655,33.539496,35.264624,35.301558,
15.593175,24.243367,32.326813,33.878747,35.024877,35.077295,
15.590922,24.197224,32.177784,33.803031,35.272596,35.255003,
15.608502,24.267497,32.184434,33.635859,34.840216,34.900961,
15.537359,24.151247,32.427280,33.976609,35.764791,35.796239,
15.626166,24.282491,33.153427,34.401013,36.275150,36.453180,
15.725633,24.404258,33.053175,34.311018,35.663712,35.781693,
15.534866,24.231670,32.362165,34.033939,35.582872,35.690698,
15.598388,24.322813,31.842428,33.811215,35.743162,35.793025,
15.598895,24.154320,32.470496,34.057488,35.978129,36.085506,
15.737419,24.432705,33.495119,34.741120,35.995431,36.158752,
15.692803,24.430006,32.820106,34.214163,35.680164,35.747577,
15.567546,24.280034,32.509995,33.781233,35.209801,35.325608,
15.671251,24.076090,32.803053,33.948452,35.501178,35.510161,
15.673111,24.215475,32.501012,33.832996,35.050364,35.209361,
15.709274,24.258028,32.681322,33.849916,35.462385,35.566188,
15.602246,24.312134,32.608793,33.992943,35.474715,35.583072,
15.694974,24.281765,32.635212,33.947819,35.120469,35.177574,
15.597412,24.083410,31.992788,33.454894,35.281554,35.364784,
15.791048,24.381473,32.321544,33.924973,35.510255,35.507390,
15.718069,24.272939,31.981344,33.386925,35.043736,35.065267,
15.758673,24.436898,32.565642,34.042483,35.295706,35.352156,
15.655860,24.362389,33.087308,34.529732,35.702681,35.743842,
15.612772,24.223471,32.905355,34.352574,36.074203,36.166310,
15.749744,24.365376,32.411669,33.895404,35.369728,35.408880,
15.634736,24.219065,32.466465,33.980434,35.902011,35.863545,
15.585097,24.170218,33.094099,34.332786,36.286253,36.356568,
15.593011,24.129245,32.673128,34.067818,35.885017,35.937370,
15.658317,24.161038,32.226861,33.795895,35.733163,35.789492,
15.738019,24.256950,32.810999,34.196196,36.109118,36.148529,
15.733735,24.308609,32.844810,34.222850,35.758375,35.762163,
15.603086,24.376800,32.313672,33.952368,35.530436,35.612880,
15.700776,24.369257,32.926528,34.163749,35.665339,35.726080,
15.673663,24.141817,32.373274,33.888093,35.699138,35.805474,
15.695878,24.377124,32.244003,33.930671,35.249172,35.384019,
15.604772,23.969874,32.391111,33.714688,35.237480,35.217964,
15.642159,24.033484,32.328252,33.754927,35.454714,35.473879,
15.670451,24.105821,32.910249,34.336525,35.675085,35.688796,
15.760314,24.365558,32.642267,34.191489,35.536754,35.552015,
15.601432,24.187917,32.105036,33.969289,36.109121,36.091010,
15.765552,24.228603,32.012510,33.311814,34.562807,34.659566,
15.583360,24.096488,32.486965,33.632733,35.229669,35.401995,
15.562833,24.168090,32.831071,34.148163,35.310560,35.378794,
15.632552,24.054991,32.836494,34.325790,35.524557,35.618827,
15.594920,24.034554,32.318612,33.526247,35.095602,35.104744,
15.618758,23.930977,31.710974,33.325645,35.125264,35.141172,
15.631004,24.120469,32.729140,33.880914,35.889073,35.913008,
15.737892,24.254561,31.992734,33.642036,35.097574,35.176065,
15.668540,24.133038,32.395591,33.611307,35.878126,36.071542,
15.630490,24.194040,32.375793,33.728343,35.336657,35.406600,
15.582114,24.181283,32.958798,34.264733,35.521324,35.473188,
15.575964,24.000854,32.140333,33.434942,34.954279,35.096929,
15.749114,24.119054,32.320245,33.894218,35.303275,35.504153,
15.585014,24.150606,32.192477,33.752323,35.146676,35.162215,
15.603407,24.205682,32.342537,33.505695,34.986648,35.059907,
15.697820,24.307273,32.316764,33.800185,35.374936,35.413043,
15.613670,24.247836,32.639796,34.061563,35.456459,35.453070,
15.512973,24.016721,32.166532,33.784707,35.348138,35.434301,
15.685726,24.177878,32.575259,34.127569,35.889285,35.941283,
15.670272,24.165056,32.395876,33.813894,35.508639,35.621545,
15.617849,24.146620,31.704216,33.261430,35.008012,35.189148,
15.604278,24.222205,32.743757,33.790424,35.286320,35.423139,
15.702828,24.253303,32.582014,33.994926,35.756480,35.753211,
15.511717,23.850016,31.564893,33.379078,35.093809,35.211647,
15.618625,24.113198,31.660164,33.345719,35.100102,35.152496,
15.693922,24.079286,32.113510,33.452676,34.767202,34.919027,
15.692920,24.058536,32.128494,33.468433,35.129808,35.204460,
15.616723,24.278112,32.093784,33.685972,35.552327,35.531208,
15.605079,23.820935,31.639439,33.045164,34.664703,34.797215,
15.665328,24.077472,32.244467,33.726592,35.157920,35.168279,
15.731505,24.136393,32.566594,33.540167,34.938873,34.974933,
15.645177,24.120143,32.044215,33.433831,35.017787,35.008847,
15.695019,24.069020,31.640246,33.164434,34.556719,34.601561,
15.592752,24.100275,32.306065,33.789808,35.357516,35.279019,
15.611149,23.958543,31.479755,33.054231,34.237008,34.245997,
15.641416,23.976914,32.083657,33.666777,35.000763,35.004770,
15.739856,24.319826,31.995315,33.120204,34.773551,34.738142,
15.621774,24.023850,32.182861,33.570805,34.937616,34.989648,
15.570879,23.996502,31.914613,33.212808,34.827642,34.931919,
15.629577,23.779503,32.269833,33.488518,35.425059,35.534303,
15.593667,23.944327,32.223349,33.509274,35.046445,35.148271,
15.748964,24.088773,32.147031,33.361414,34.794411,34.946258,
15.706296,24.308122,31.940416,33.257076,34.996700,35.038978,
15.720599,24.094491,32.124648,33.590562,35.161004,35.214412,
15.680189,24.131141,32.273654,33.619374,35.029172,34.977666,
15.613388,23.988891,32.151893,33.591786,35.185170,35.166783,
15.634118,24.115448,32.855703,33.968168,35.659592,35.720836,
15.732035,24.084270,32.122134,33.473292,35.480024,35.504818,
15.548653,23.966187,31.735291,33.265282,35.268357,35.479598,
15.667354,23.994772,31.980201,33.267927,34.843041,34.914296,
15.661875,24.057018,32.385783,33.871868,35.421013,35.486290,
15.755495,24.216107,32.607551,34.375039,35.867471,35.881501,
15.606207,24.075012,31.859813,33.000409,34.930198,35.022629,
15.638337,24.221957,32.737823,34.265199,36.078942,36.124284,
15.739366,24.262702,32.363651,33.683486,35.290277,35.320626,
15.610120,24.118194,32.584215,33.940684,35.533893,35.721687,
15.623461,24.228770,32.587149,34.078960,35.410535,35.481123,
15.613060,24.207628,32.764290,34.011597,35.438791,35.486386,
15.687310,24.222969,32.706416,33.899802,35.846281,35.881445,
15.637264,24.265105,32.266056,34.049746,35.719481,35.787511,
15.652980,24.325799,32.512550,33.875622,35.067345,35.177081,
15.668643,24.253694,32.662105,33.639625,35.235698,35.263231,
15.634285,24.341395,32.909638,34.282430,35.805160,35.867522,
15.642704,24.156539,31.993687,33.423082,35.257849,35.259853,
15.751300,24.223937,32.127440,33.545275,35.126774,35.208896,
15.725037,24.322633,32.314516,34.028823,35.260627,35.432190,
15.660655,24.214623,32.464278,33.943271,35.581867,35.685836,
15.624283,24.286853,32.669376,33.997926,35.178770,35.257659,
15.744315,24.415299,32.356139,33.883415,35.715509,35.774260,
15.785384,24.395476,32.234456,33.550233,35.426169,35.486707,
15.630318,24.087379,32.918357,34.073009,35.152898,35.323267,
15.740036,24.375736,32.482221,33.698567,35.129849,35.130025,
15.750699,24.310411,32.320725,34.001518,35.230192,35.307799,
15.720494,24.176763,32.721649,34.014741,35.891259,35.943211,
15.658166,24.164581,32.069226,33.512540,34.838430,34.819974,
15.655694,24.060762,31.776515,33.157986,34.630771,34.751124,
15.634110,24.254051,32.552159,33.789507,35.279327,35.287022,
15.637399,24.252014,32.714526,34.029511,35.549257,35.560829,
15.727764,24.418809,31.999804,33.508192,35.379351,35.359840,
15.668306,24.185697,32.228680,33.833082,35.772089,35.781923,
15.642226,24.352211,32.620553,34.275192,36.193950,36.364582,
15.658917,24.250412,32.630281,34.121251,35.821275,35.950437,
15.665679,24.274634,32.229735,33.516965,35.353656,35.304696,
15.721252,24.448720,32.704954,33.768176,35.258331,35.349931,
15.627732,24.158342,32.109546,33.731150,35.460311,35.470218,
15.656248,24.306523,32.908609,34.251886,35.599595,35.608981,
15.696439,24.263971,32.398124,33.573012,35.068348,35.142902,
15.739238,24.219093,31.996548,33.550331,35.109241,35.112992,
15.734531,24.218999,31.805357,33.338650,34.949671,34.952776,
15.617002,24.104126,32.295798,33.831423,35.450180,35.646473,
15.637172,24.089587,32.784501,33.937903,35.925133,35.913797,
15.749514,24.299246,32.098596,33.452661,34.527463,34.618438,
15.797149,24.452466,32.448801,33.682636,34.991095,35.038677,
15.751010,24.293461,32.432655,33.643638,34.773517,34.858170,
15.621993,24.175236,32.763170,34.150394,35.396555,35.475010,
15.694715,24.421226,32.739258,34.109985,35.258811,35.238151,
15.704597,24.240475,32.534999,34.055466,35.670203,35.716590,
15.647231,24.205151,32.341932,33.879275,35.287387,35.280281,
15.597712,23.978562,32.112404,33.990051,35.508566,35.564410,
15.619833,24.341122,32.465917,33.725159,35.536019,35.584774,
15.567562,24.032502,31.996002,33.332044,34.909765,34.905250,
15.597403,23.970402,32.305299,34.238220,36.124851,36.133516,
15.631344,23.989430,32.742942,34.129925,35.500385,35.552647,
15.651847,24.020843,31.810760,33.247536,34.803545,34.885808,
15.674490,24.341441,32.066115,33.262240,34.588331,34.667454,
15.676711,24.153824,32.110796,33.450306,34.887124,34.883589,
15.635480,24.172657,32.542490,34.146493,36.141018,36.083511,
15.726628,24.442002,32.212943,33.564262,35.242051,35.279623,
15.589368,24.124953,31.802377,33.551303,35.119615,35.127825,
15.736164,24.265968,32.747621,34.290875,35.866958,35.969252,
15.595365,24.137368,32.644401,34.185901,35.975509,36.058331,
15.659069,24.111318,32.116721,33.618413,34.758747,34.796416,
15.528446,24.034964,31.769376,33.453017,35.162736,35.182988,
15.566010,24.109837,31.982849,33.599326,35.159502,35.160116,
15.636566,24.182807,32.759162,34.066608,35.647559,35.723267,
15.596056,24.163515,32.591880,34.019504,35.810786,35.783772,
15.655818,24.300773,32.498169,33.958506,35.535908,35.588239,
15.774515,24.483789,31.978785,33.369444,35.347204,35.428295,
15.660096,24.115737,31.813437,33.273690,34.648558,34.713955,
15.759787,24.242637,32.637167,33.943525,35.214677,35.330855,
15.751206,24.145747,32.293549,33.820501,35.331988,35.312827,
15.597930,24.037173,32.704735,33.664225,35.206356,35.301093,
15.694502,24.210706,32.225152,33.412066,34.756195,34.853456,
15.493245,23.951049,32.075216,33.723043,35.326233,35.368082,
15.560537,23.978872,32.333636,33.875369,35.321041,35.380442,
15.586814,24.295349,31.827133,33.541498,35.326210,35.445473,
15.598402,24.216361,32.454722,34.139162,35.689380,35.775163,
15.739812,24.194018,32.706643,34.379414,35.745615,35.797245,
15.654096,24.318375,32.552228,33.947991,35.669109,35.690056,
15.682323,24.255265,32.478356,33.821377,35.733269,35.769369,
15.696394,24.207722,32.210573,33.557617,34.832518,34.941896,
15.776284,24.245715,32.201621,33.385716,35.070096,35.118518,
15.684244,24.463520,32.754915,34.029918,35.328196,35.341829,
15.610961,24.080916,33.001326,34.155379,36.052850,36.103928,
15.656588,24.088682,32.671803,33.935905,35.697469,35.819782,
15.766466,24.282997,32.380694,33.658347,35.333282,35.457848,
15.676209,24.156086,32.210254,33.675811,35.079371,35.118116,
15.727799,24.264566,32.729799,34.091393,35.459874,35.525785,
15.603820,24.186933,32.176921,33.727868,35.376167,35.437979,
15.632031,24.066771,32.230918,33.478748,35.187112,35.327601,
15.689794,24.207377,32.037157,33.796047,35.633326,35.701584,
15.668288,24.126914,32.353033,33.891812,35.264733,35.386204,
15.729218,24.281014,32.064318,33.445233,35.041148,35.109142,
15.609710,24.278291,32.664405,33.945519,35.524108,35.671270,
15.644754,24.039190,31.931377,33.354001,35.040128,35.088141,
15.728714,24.502628,32.837894,34.048877,35.121283,35.200954,
15.709455,24.276834,32.597682,34.431705,36.119982,36.123016,
15.635276,24.232029,32.258008,33.896510,35.530123,35.678442,
15.454382,23.956825,32.112786,33.732169,35.535925,35.593163,
15.639145,24.218489,32.100087,33.637631,34.852445,34.915209,
15.802133,24.349055,32.905956,34.198317,35.669427,35.762642,
15.794520,24.412216,32.241011,33.558308,35.090453,35.157456,
15.608332,24.206556,32.064401,33.773864,35.662714,35.746325,
15.649046,24.174163,32.411904,33.660519,35.215811,35.289584,
15.686395,24.212765,32.445931,33.582047,35.225730,35.319758,
15.740844,24.422185,32.527086,33.987225,35.654919,35.664996,
15.721056,24.294371,32.176529,33.697863,35.401406,35.409319,
15.723629,24.516873,32.817325,33.840036,35.344936,35.339565,
15.681440,24.260304,32.339801,33.709268,35.165164,35.296935,
15.681073,24.258540,32.408052,33.585135,35.014649,35.002387,
15.724123,24.305312,32.749986,33.884103,35.407735,35.408461,
15.729392,24.191485,32.592704,33.745819,35.376757,35.475050,
15.724704,24.227930,32.358910,33.753941,35.282034,35.294007,
15.701449,24.100555,32.125874,33.699671,35.054952,35.153720,
15.697357,24.249371,32.072320,33.673810,35.389231,35.494314,
15.703656,24.158441,32.681396,33.864663,35.053657,35.067383,
15.699933,24.149775,32.517623,33.792347,35.244781,35.282154,
15.642717,24.228081,32.758958,33.790123,35.110313,35.198843,
15.651148,24.264390,32.410955,34.039892,35.358681,35.419528,
15.716037,24.320573,32.206313,33.831793,35.556451,35.597808,
15.742651,24.355868,32.559882,33.889069,34.856098,34.923704,
15.614115,24.057283,32.091137,33.607747,35.148993,35.216490,
15.484489,24.062434,33.012149,34.308344,35.886979,35.976824,
15.618642,24.303450,32.730729,34.271301,35.733161,35.784827,
15.620090,24.340660,32.979377,34.564005,36.058897,36.075885,
15.550769,23.963459,32.175251,33.648134,34.977164,35.066084,
15.623650,24.190273,32.217902,33.538253,34.829735,34.858807,
15.624193,24.329212,32.828505,34.470073,36.343354,36.459992,
15.731297,24.297009,32.657788,33.882069,35.843962,35.830939,
15.733848,24.554054,32.296325,33.930407,35.702409,35.780868,
15.641765,24.274612,32.382370,33.970245,35.569875,35.533985,
15.640773,24.329184,32.753127,33.993824,35.655474,35.768049,
15.650599,24.325717,32.530534,33.735463,35.247303,35.239228,
15.695628,24.263579,32.527644,33.893380,35.303651,35.364124,
15.621816,24.189285,32.672576,34.087616,35.519119,35.576874,
15.624261,24.149065,32.055646,33.824315,35.314885,35.393522,
15.616686,24.379293,32.349138,33.373979,34.738063,34.804190,
15.648102,24.089992,32.011459,33.336766,34.987753,35.010829,
15.667864,24.228846,32.525308,34.027690,35.858021,35.825148,
15.726434,24.108712,32.557881,34.053170,35.955697,36.029312,
15.626818,24.276048,32.398936,33.619421,35.020807,35.080084,
15.636632,24.196574,33.306514,34.269552,35.614068,35.710116,
15.631084,24.305858,32.382224,33.916177,35.910602,35.979274,
15.619555,24.156571,32.668930,34.073492,36.005464,36.086769,
15.651221,24.298655,32.650898,34.252238,35.433502,35.433730,
15.560657,24.145075,32.384549,33.965678,35.667508,35.682051,
15.618429,24.246954,32.675908,34.227682,35.413075,35.486805,
15.668791,24.258051,32.690153,34.179450,35.475398,35.515894,
15.638258,24.224633,32.256932,33.774607,35.154618,35.269789,
15.593474,24.285111,32.936761,34.212541,35.512390,35.534815,
15.564709,24.195392,32.260047,33.881201,35.053509,35.236252,
15.563008,24.168275,31.918202,33.720755,35.668530,35.741039,
15.648717,24.213252,32.819410,34.144960,35.423793,35.431635,
15.684234,24.408184,32.069864,33.846461,35.983733,36.068948,
15.623175,24.292008,32.460021,33.779181,35.015180,35.047235,
15.676274,24.157739,32.834987,34.195630,36.032725,36.053015,
15.722094,24.427557,33.276007,34.384742,36.005257,36.033359,
15.616946,24.216889,32.822286,33.975888,35.179679,35.222034,
15.646374,24.239135,32.614342,34.046474,35.822234,35.848243,
15.626092,24.063969,32.779616,34.172944,35.569555,35.633567,
15.610442,24.241647,32.361327,33.757945,35.018007,35.026235,
15.707342,24.267453,32.095212,33.367465,35.093830,35.098972,
15.636399,24.329779,32.399260,34.092365,36.049286,36.150003,
15.588935,24.352984,32.869860,34.323042,35.680111,35.713284,
15.755475,24.348993,33.135390,34.176896,35.559495,35.594806,
15.689484,24.200952,33.029256,34.221306,35.698725,35.798605,
15.526502,24.242372,32.485862,34.167968,35.921943,35.976326,
15.525599,24.204029,32.294675,34.065197,35.886440,35.956146,
18.352915,27.937356,38.750439,39.535017,40.105149,40.120294,
18.507258,27.933014,37.605701,38.336465,39.607822,39.664983,
18.377756,28.017589,38.925537,39.470067,40.535384,40.538061,
18.358202,27.940441,37.731228,38.300581,39.356250,39.414063,
18.508359,28.130481,38.652964,40.015275,40.611308,40.581944,
18.479264,27.744882,38.911213,39.302510,40.390044,40.392127,
18.442728,28.095241,38.116724,39.049089,40.480288,40.476537,
18.385694,27.866380,37.937945,38.920514,40.315132,40.349020,
18.213487,27.793275,37.563305,38.554680,39.518958,39.553899,
18.323948,28.031172,39.227738,39.729451,40.391637,40.375589,
18.439708,28.122895,39.185473,40.086835,41.402286,41.438900,
18.344092,27.642937,38.377856,39.370936,41.115084,41.135812,
18.508102,27.844118,38.327343,39.573658,40.392661,40.388127,
18.413556,27.680268,38.118590,38.936761,40.085431,40.118283,
18.441459,27.696783,38.489403,39.157437,39.971903,39.976120,
18.307138,27.858925,39.142048,39.833034,41.091768,41.073205,
18.386494,27.792522,37.624739,38.301922,39.373747,39.412337,
18.491644,27.971920,38.072802,38.748972,39.136336,39.110079,
18.359798,27.888689,39.279438,40.131750,41.084480,41.091971,
18.478852,27.836571,37.948452,38.694021,39.709946,39.679670,
18.544195,27.888802,38.336003,39.257060,40.427728,40.355743,
18.393307,27.980804,38.745639,39.488552,40.468457,40.460949,
18.402067,28.022885,38.232759,38.655163,39.618230,39.600647,
18.366251,27.756199,37.959084,38.635572,39.127839,39.110310,
18.423119,27.744600,37.688853,38.812720,40.022686,40.024713,
18.432734,27.897139,39.058594,39.642748,40.206812,40.233398,
18.565187,27.923627,38.945600,39.115090,39.310456,39.335395,
18.439397,27.965011,37.723374,38.511527,39.298792,39.343861,
18.485793,28.180053,38.487030,39.349744,40.325282,40.355779,
18.447082,27.895865,38.166429,38.745427,40.018099,40.015010,
18.387660,27.652020,38.059064,38.580099,39.520191,39.592608,
18.401213,27.963367,38.774454,39.368645,40.355901,40.356094,
18.618661,27.861854,37.664274,38.367497,39.185681,39.224761,
18.355085,27.638812,37.761893,38.537550,39.693007,39.669181,
18.515396,27.643115,38.283815,38.690550,39.403823,39.433681,
18.569658,28.079726,38.083849,38.673706,39.512370,39.526378,
18.332697,27.926737,39.105353,39.945812,41.199248,41.227168,
18.329973,27.779888,37.617634,38.141965,38.486691,38.504172,
18.590086,28.138144,38.476251,39.017490,39.970869,39.954559,
18.343526,27.587554,38.741910,38.612201,39.124402,39.102502,
18.318240,27.485848,38.184071,39.165921,40.647559,40.644203,
18.285656,27.657591,37.254891,37.763530,38.563285,38.579353,
18.461404,27.876632,37.452308,37.879021,38.349826,38.416244,
18.461819,27.760973,38.564781,38.866919,39.854840,39.850160,
18.465803,27.711803,38.940182,39.328622,39.955961,40.058784,
18.487196,27.604738,37.600087,38.070913,38.442888,38.444877,
18.395718,27.561354,36.716172,37.423452,38.143451,38.181920,
18.344078,27.693362,37.468638,38.263803,39.150719,39.174553,
18.405491,27.971049,38.621995,39.147264,39.864900,39.884487,
18.325167,27.656271,38.356215,39.007141,39.797883,39.800796,
18.462001,27.867974,38.955705,39.594935,40.160360,40.184668,
18.423510,27.664819,38.065752,39.164089,39.827389,39.815975,
18.514602,28.072251,37.722648,38.318325,39.382974,39.404012,
18.367675,27.809504,37.968834,38.445513,39.316295,39.335203,
18.444733,27.832179,38.129566,38.664337,39.199609,39.179928,
18.434274,27.842628,38.285293,38.889262,39.955713,39.963310,
18.650674,27.827449,38.489277,39.083127,39.713324,39.723840,
18.354526,27.739534,37.606647,38.663524,39.192065,39.189271,
18.281063,27.625262,37.790691,38.224658,39.081063,39.058748,
18.226633,27.584566,38.207710,38.632470,38.980760,39.019592,
18.420364,27.758143,37.898445,38.725657,39.591030,39.592649,
18.512796,27.680879,38.076350,38.493541,39.429438,39.418372,
18.516764,27.951681,37.332285,38.338456,39.677614,39.682192,
18.367292,27.638737,38.480205,38.907754,39.492489,39.444461,
18.498792,28.061886,38.638244,39.255745,39.945870,40.054779,
18.385085,28.045513,38.254250,38.892968,39.714718,39.735634,
18.452645,27.768820,37.859615,38.053257,38.479058,38.469622,
18.406936,27.758466,37.605299,37.849878,38.491343,38.480330,
18.383293,27.705340,38.418152,39.052912,40.226119,40.216628,
18.256830,27.612286,37.721151,38.618878,39.774352,39.837201,
18.376157,27.675102,38.320670,38.857353,39.803106,39.792321,
18.540993,27.842729,37.889779,38.187468,38.619698,38.605697,
18.384233,27.685745,37.914710,38.529207,39.082311,39.089677,
18.389201,27.771454,37.877812,38.462898,39.268953,39.298001,
18.457926,27.886858,38.542846,39.162992,39.503211,39.504434,
18.555896,27.870171,39.350595,39.649713,40.388841,40.404446,
18.417543,27.669440,37.890947,38.887783,39.761642,39.752186,
18.420600,27.724641,37.621453,38.137385,39.026205,38.999474,
18.388984,27.774275,37.235797,38.089502,39.205245,39.225643,
18.290032,27.408943,37.663389,38.282612,39.062585,39.092509,
18.313695,27.509952,38.216719,39.027806,39.630562,39.646402,
18.505666,27.824779,37.451033,38.292681,39.001216,38.999615,
18.538719,27.755109,38.559548,38.949752,39.477702,39.517985,
18.381304,27.810191,38.025087,38.544853,39.459246,39.515021,
18.475318,27.887370,37.045757,38.129412,39.260938,39.325395,
18.449609,27.729622,37.590339,38.461733,39.825756,39.821700,
18.380377,27.594377,37.813926,38.244252,39.236670,39.265252,
18.469399,27.641845,38.080849,38.528869,38.909783,38.916477,
18.553799,27.690750,38.889104,39.282989,40.202758,40.199253,
18.473096,27.652440,38.094478,38.661650,40.120687,40.085753,
18.439928,27.740944,37.621427,38.055387,39.087727,39.134690,
18.451656,27.640659,38.259736,38.588141,39.339915,39.341737,
18.331527,27.691202,37.642700,38.445651,39.358426,39.344507,
18.516049,27.926979,37.501075,37.990016,38.371054,38.381081,
18.499524,27.875579,36.967361,37.934696,38.888604,38.957492,
18.402870,27.450360,38.019642,38.358481,39.025158,39.024631,
18.401050,27.589009,37.449799,38.405789,39.251373,39.239169,
18.394883,27.496917,37.517754,38.204519,39.214494,39.188839,
18.385775,27.988950,38.201557,39.221119,40.385398,40.334188,
18.482833,27.483478,36.691937,37.331839,38.506433,38.495297,
18.662009,27.602612,37.761397,38.293268,39.553394,39.573115,
18.467445,27.835085,37.545594,38.069721,38.628509,38.686804,
18.541373,27.681210,38.015836,38.847231,39.208736,39.226905,
18.478190,27.613117,37.698975,38.137140,38.755561,38.768983,
18.459101,27.848259,38.199272,38.719653,39.320400,39.319228,
18.415883,27.611473,37.722746,38.269858,39.094996,39.062680,
18.373854,27.748998,37.647745,37.838440,38.601049,38.606022,
18.448898,27.646826,37.117336,37.718392,38.737080,38.767857,
18.381291,27.398292,37.948637,38.428174,38.919117,38.887421,
18.368571,27.541940,37.816480,38.479350,39.279516,39.318322,
18.429794,27.327856,37.795867,38.637555,39.657591,39.671068,
18.135122,27.362876,37.524194,38.519194,39.555856,39.647587,
18.504663,27.604453,37.710378,38.230747,38.554302,38.556140,
18.656614,27.855967,38.764192,39.077727,39.638175,39.641850,
18.395561,27.421659,37.726733,38.271314,39.098758,39.123923,
18.321074,27.628839,36.752777,37.596615,38.436416,38.455658,
18.369626,27.579999,37.342148,37.989452,38.830384,38.811141,
18.515704,27.659395,37.369245,38.012328,39.139394,39.145320,
18.295480,27.573993,37.488272,38.111044,39.195217,39.192366,
18.593111,27.777104,38.174112,38.830269,39.284213,39.386633,
18.530979,27.423134,36.276841,37.164635,38.102263,38.106845,
18.449140,27.339893,36.985150,37.906769,38.829363,38.837607,
18.390982,27.613831,37.096061,37.726226,38.868615,38.801372,
18.333206,27.537388,37.496098,38.144835,38.991585,39.059438,
18.591654,27.483482,37.062607,37.632153,38.573093,38.620829,
18.458921,27.494591,37.281666,38.186535,38.936142,38.916888,
18.581343,27.576686,36.805694,37.317389,37.810316,37.835730,
18.540335,27.772092,37.800117,38.339031,39.159852,39.142059,
18.424847,27.587423,37.685994,38.320177,39.490602,39.536675,
18.266376,27.343598,36.885598,37.524645,38.289929,38.342196,
18.327173,27.222914,36.337307,37.095014,38.814470,38.810265,
18.512116,27.773048,37.672477,38.284156,39.011085,38.948329,
18.502293,27.804912,36.942499,37.768450,38.838974,38.831935,
18.394094,27.689855,37.840307,38.420908,39.389706,39.395509,
18.344684,27.368157,37.208416,37.826889,38.982657,38.891661,
18.412553,27.549097,37.631561,38.505022,39.339637,39.357744,
18.421470,27.814646,38.375507,38.802547,39.295261,39.310288,
18.321833,27.552919,37.093820,37.623618,38.477661,38.455999,
18.468452,27.710155,37.494414,38.408007,39.328063,39.315276,
18.485635,27.850620,38.071639,38.391772,39.127004,39.039900,
18.446623,28.097328,38.381766,38.995823,39.606811,39.620342,
18.576752,27.751369,38.625316,39.062978,39.765517,39.820727,
18.451032,27.675179,37.162653,38.015673,39.091253,39.066887,
18.224652,27.691468,36.989031,37.551453,38.198314,38.209363,
18.561211,27.878390,36.762520,37.690056,39.128567,39.167286,
18.380696,27.800641,37.633337,38.403891,38.748898,38.798199,
18.331864,27.598092,37.452854,37.820770,38.623094,38.653843,
18.448522,27.832780,38.139578,38.780391,39.740403,39.740068,
18.405667,27.806438,37.636097,38.551828,39.656112,39.563380,
18.326860,27.579054,36.744482,37.573203,38.292285,38.283553,
18.483827,27.788499,38.031610,38.408313,39.256999,39.234245,
18.430285,27.837980,37.945980,38.491841,39.112974,39.202684,
18.484312,27.704523,38.307938,38.596006,39.518280,39.537729,
18.452580,27.903353,38.214596,38.826606,40.095602,40.134739,
18.499857,27.741664,38.052992,38.557827,39.568591,39.578211,
18.427970,27.728467,38.264315,39.110605,39.894313,39.947426,
18.480636,27.820830,38.595386,39.197620,39.925364,39.914408,
18.568701,27.899971,37.894877,38.248704,39.263484,39.279667,
18.459650,27.768578,37.835718,38.350317,38.694630,38.673682,
18.524741,27.818117,38.279738,38.692538,39.423896,39.418124,
18.547244,27.960786,38.072130,38.986407,40.520230,40.495370,
18.441041,27.954806,38.261369,39.037233,40.023786,40.068397,
18.363161,27.671422,38.251086,39.184206,40.153939,40.187082,
18.541992,27.798763,37.897633,38.613857,39.367404,39.422015,
18.329145,27.669512,37.964519,38.193340,38.953488,38.832222,
18.549667,27.956500,37.792929,38.485715,39.062755,39.069843,
18.435404,27.482346,37.674490,38.719898,39.881742,39.889827,
18.553898,27.671306,37.614270,38.289796,39.073285,39.131651,
18.519277,27.861763,37.726589,38.250857,39.609875,39.694223,
18.579001,27.740190,37.348992,37.991199,39.146121,39.123874,
18.570751,27.748863,37.847224,38.530832,39.459252,39.480057,
18.400916,27.550228,37.727780,38.333529,39.104442,39.135143,
18.477668,27.658737,37.303951,37.867792,39.064125,39.054941,
18.474138,27.893641,37.985780,38.411004,39.107890,39.148758,
18.597629,27.872740,37.764502,38.537837,39.962056,39.959249,
18.362385,27.903846,38.321019,39.030145,40.152376,40.168256,
18.417053,27.652523,37.654892,38.356215,39.635133,39.652759,
18.465593,27.538157,37.725301,38.513281,39.575116,39.624721,
18.281005,27.792516,37.835938,38.726099,40.170133,40.196288,
18.482921,27.686902,38.359809,38.833632,39.494746,39.511840,
18.368799,27.397108,37.284616,37.810582,38.435773,38.427623,
18.604912,27.682141,37.788493,38.549172,39.819046,39.844963,
18.619041,27.691489,37.549718,37.995756,38.536313,38.524120,
18.528220,27.631477,38.487161,39.211362,39.773139,39.807585,
18.486971,27.731355,37.760067,38.326420,39.208000,39.319820,
18.611201,27.719645,37.333768,38.045601,39.141172,39.106903,
18.364059,27.676596,37.968664,38.513894,39.184774,39.203951,
18.400129,27.641723,38.084256,38.910106,39.422811,39.463908,
18.523267,27.828959,38.145200,38.609354,39.295401,39.315884,
18.477111,27.755466,38.104162,38.289943,39.223995,39.245942,
18.465526,27.842332,37.135738,37.995851,38.684214,38.691563,
18.373712,27.715103,38.085472,38.569878,39.439954,39.426579,
18.498158,27.697925,37.698363,38.710003,39.819899,39.809615,
18.372851,27.446591,37.940322,38.401510,39.485063,39.484729,
18.540009,27.952951,37.009675,37.524034,37.748612,37.770109,
18.397751,27.569921,37.108948,37.605952,38.576243,38.571547,
18.303904,27.834786,37.618288,38.293704,39.170393,39.171057,
18.425533,27.552855,38.041385,38.563356,39.595386,39.619250,
18.426742,27.704066,37.461002,38.191267,39.152209,39.155647,
18.397052,27.478975,37.540371,38.130842,39.198880,39.225654,
18.599689,27.714151,38.099732,38.628178,39.360353,39.382311,
18.379517,27.626718,37.174155,37.677213,38.424166,38.471601,
18.591888,27.816034,38.322787,38.829106,39.463512,39.538298,
18.493721,27.696276,38.166438,38.860083,39.626389,39.756301,
18.408110,27.474216,37.882907,38.556079,39.308871,39.309726,
18.518055,27.851877,36.867209,37.578296,37.717029,37.750433,
18.558819,27.539551,37.582085,38.162889,38.627635,38.642204,
18.302866,27.505163,37.007677,37.915811,38.996764,39.003866,
18.331257,27.648073,36.472353,37.194868,38.397741,38.412297,
18.397575,27.451777,37.553932,38.337844,39.109258,39.194910,
18.397517,27.788520,38.320509,39.055779,39.770463,39.767952,
18.372548,27.570443,37.772306,38.338914,38.968009,38.908415,
18.336715,27.581540,37.683234,38.228209,39.242615,39.197593,
18.400493,27.701184,37.629423,38.033318,38.406597,38.444057,
18.422369,27.974018,38.382965,38.728326,39.554084,39.572422,
18.353582,27.556293,37.990970,38.817193,39.536432,39.545804,
18.481285,27.972819,37.304007,37.937572,38.915143,38.877199,
18.433534,27.833733,37.992020,38.531593,39.468557,39.460235,
18.435413,27.299805,36.357890,37.204857,37.830653,37.813528,
18.365337,27.575330,37.893765,38.703483,39.655978,39.667649,
18.413953,27.601806,37.474203,38.111108,39.008231,39.010177,
18.366236,27.454689,37.015550,37.657061,38.638244,38.649805,
18.626831,27.937412,38.498443,38.783735,39.680613,39.730584,
18.398802,27.556805,36.607275,37.324763,38.468891,38.540708,
18.391975,27.663936,36.790235,37.428172,38.149797,38.158800,
18.479203,27.807977,37.292358,38.239874,39.166933,39.176983,
18.489841,27.779732,37.145847,37.959607,39.295261,39.317854,
18.475061,27.786511,37.749907,38.211366,38.808457,38.795237,
18.435346,27.700685,37.235184,37.896788,38.741599,38.724945,
18.601285,27.921303,38.062993,38.854553,40.001103,40.046587,
18.400177,27.698294,38.638119,39.287527,40.027464,39.971923,
18.722782,27.992745,38.055185,38.734485,39.846094,39.826585,
18.497146,27.904332,37.879296,38.719476,39.774196,39.772438,
18.364596,27.661672,37.528846,38.174722,39.124138,39.170562,
18.502223,27.669867,37.483870,38.232882,39.328927,39.374671,
18.568519,28.111978,37.583347,37.910164,38.367832,38.390854,
18.411971,27.747896,37.845936,38.306394,39.632850,39.594467,
18.535381,27.840200,38.143060,39.099101,40.412263,40.439019,
18.535207,27.863984,38.937952,39.141480,39.892237,39.890528,
18.487799,27.893109,38.207182,39.023737,39.722140,39.716650,
18.621206,28.029784,37.813058,38.334444,38.730863,38.709352,
18.378115,27.464625,37.415797,37.990991,38.884200,38.880899,
18.630149,27.963147,37.013085,37.768012,38.515410,38.549851,
18.592455,27.965661,38.442382,38.841022,39.475588,39.479098,
18.419618,27.687642,38.808867,39.560224,40.637972,40.644829,
18.559850,27.984686,37.104836,37.923381,39.167052,39.153337,
18.428327,27.796993,38.664153,39.194440,40.318222,40.321591,
18.347199,27.712923,38.061720,38.895210,39.567803,39.556932,
18.414654,27.692452,37.645308,38.293575,39.781801,39.801293,
18.409261,27.533343,38.566391,38.728345,38.737952,38.725760,
18.429000,27.659410,37.067467,37.717036,38.856477,38.857312,
18.590753,27.692826,39.022179,39.734685,40.647092,40.705809,
18.478302,27.956804,38.068969,38.495898,38.800842,38.784308,
18.483141,27.882128,39.120962,39.095707,39.092729,39.092707,
18.497148,28.034089,37.421698,37.934541,39.073227,39.084397,
18.392666,27.725213,38.462986,39.231324,39.807112,39.802080,
18.624932,27.930464,38.056697,38.387357,39.348514,39.341415,
18.477730,27.878403,37.814257,38.720256,40.119996,40.176564,
18.530410,27.873432,37.585904,38.341414,39.337408,39.339564,
18.451424,27.698700,37.629042,38.555356,39.109875,39.233300,
18.276892,27.792991,38.231689,38.791155,39.728046,39.753194,
18.464684,27.951809,37.678526,38.564506,39.507285,39.481389,
18.409467,27.907953,36.919652,37.721592,38.914604,38.906268,
18.434441,27.666708,37.657423,38.464831,39.320400,39.406046,
18.343786,27.652917,37.928264,38.935075,39.359244,39.361189,
18.450752,27.965591,38.830837,39.329802,40.517906,40.499966,
18.468400,27.785607,38.613307,39.062171,39.884307,39.874503,
18.423597,28.042063,38.662352,39.184332,40.147629,40.155208,
18.471331,27.911533,37.592102,38.030609,38.743039,38.736966,
18.473872,27.884813,38.190203,38.570873,39.515050,39.491961,
18.514695,27.656604,38.023068,38.533196,39.473755,39.457583,
18.396972,27.904659,37.960212,38.334355,38.773257,38.849809,
18.633990,27.984708,38.343717,38.914804,40.154799,40.155823,
18.324006,27.746282,38.067445,39.100086,40.434051,40.409881,
18.397586,27.768755,37.671506,38.321784,39.582632,39.577118,
18.315587,27.535487,38.697133,39.095108,40.048499,40.043911,
18.546870,27.960535,38.486245,39.041162,39.252299,39.321493,
18.382542,27.988288,38.026387,39.102169,40.420043,40.424305,
18.491326,27.751864,37.399067,38.379230,39.396988,39.396426,
18.453298,27.982443,37.624937,38.282963,39.340141,39.335802,
18.535670,27.651773,37.443925,38.502968,39.737419,39.730590,
18.262673,27.411173,37.623736,38.357614,38.968763,39.066521,
18.373212,27.770360,38.311969,38.704808,39.548790,39.562665,
18.327399,27.928810,37.752686,38.310661,39.191616,39.234438,
18.519168,27.622429,37.812859,38.283091,39.166661,39.241403,
18.337691,27.739288,37.063442,37.931319,38.695089,38.715690,
18.507681,28.048526,38.429059,38.832891,39.197927,39.188298,
18.280232,27.773092,37.546736,38.112353,38.910844,38.909988,
18.580041,27.827457,38.474076,38.793780,39.365934,39.386816,
18.496935,27.865163,37.705034,38.175561,39.221995,39.241232,
18.356835,27.739509,38.316438,38.921521,40.059385,40.077952,
18.464151,27.793258,38.090142,38.817705,39.806822,39.837144,
18.466589,27.764185,37.849352,38.664894,40.193786,40.170023,
18.477092,27.842653,37.643243,38.177505,38.839977,38.825294,
18.547522,28.005313,38.569745,39.534674,40.359871,40.327469,
18.473648,27.842837,37.223432,38.087062,39.294024,39.275935,
18.344759,27.575647,36.826206,37.862195,38.640609,38.682161,
18.322985,27.759786,38.063942,38.512308,38.929330,38.916708,
18.413809,27.925396,38.500392,39.175381,40.060247,40.081300,
18.407235,27.777517,38.037161,38.717215,39.392019,39.422915,
22.409319,31.854568,43.560997,43.566864,43.938189,43.922522,
22.157053,31.962277,44.798603,44.727017,45.039609,45.058509,
22.469973,32.271571,44.577524,44.972742,45.324805,45.319016,
22.428959,32.092142,44.302289,44.631255,45.060452,45.060875,
22.638078,32.310282,41.576875,41.779918,41.965963,41.968461,
22.441693,31.904311,43.640213,44.138844,45.013240,45.011130,
22.310625,32.052595,42.634749,42.847089,42.692572,42.694140,
22.482885,32.198043,44.298299,44.013512,44.478497,44.477906,
22.399692,32.065183,43.633394,43.863909,44.409248,44.409048,
22.170188,32.061462,43.595416,43.551986,44.004955,43.998796,
22.387188,31.874407,43.369785,43.880138,44.173152,44.173376,
22.425595,32.250506,43.693890,43.995224,44.727349,44.749712,
22.766751,32.590145,45.193993,45.358930,45.849312,45.842983,
22.473678,32.000765,42.599148,42.768115,42.861987,42.852320,
22.421904,32.026788,47.234382,47.491292,47.723058,47.712813,
22.561367,32.028390,43.626434,43.850122,44.038752,44.039019,
22.445031,32.109425,46.438372,46.375407,46.513025,46.515032,
22.346825,32.275045,44.186140,44.279092,44.655147,44.654455,
22.507582,31.753766,43.779853,43.912049,44.225407,44.207612,
22.168720,31.770096,43.810241,43.980042,44.094222,44.100941,
22.369239,32.474918,42.019239,42.539757,42.940394,42.941211,
22.524686,32.435023,44.261973,44.212823,44.597968,44.583653,
22.519008,32.338580,43.667551,43.727518,43.845712,43.862033,
22.432992,32.309672,42.618405,43.273163,43.766533,43.771319,
22.272888,31.719193,45.358975,45.377594,45.524475,45.523347,
22.481345,32.170854,42.810806,43.069291,42.967904,42.966665,
22.472239,32.104096,44.158761,44.445806,44.469324,44.466522,
22.137275,32.040258,42.501839,42.766657,43.314770,43.313908,
22.400689,31.834905,44.214300,45.016167,45.976378,46.001099,
22.282219,31.723271,43.654786,43.420130,44.027396,44.027462,
22.637429,32.243519,42.432690,42.834556,43.020507,43.020494,
22.561915,32.287204,44.494564,44.608198,44.884090,44.969100,
22.290589,31.999733,43.626783,44.241298,44.405377,44.388604,
22.427815,31.697786,43.852633,44.340853,44.749240,44.748139,
22.359770,31.858595,44.346513,44.419461,44.398224,44.398442,
22.454690,32.215731,44.149759,44.352935,43.617454,43.632999,
22.616813,32.015551,43.656620,43.648951,43.569756,43.571480,
22.070064,31.944881,43.087092,43.367438,44.521221,44.521408,
22.462276,32.047836,43.632908,43.610549,43.962845,43.962386,
22.203342,31.765129,44.929788,45.293953,45.431654,45.432068,
22.504695,31.787673,42.867798,43.413199,44.458662,44.383684,
22.396153,32.074614,42.750430,42.651410,42.710010,42.711030,
22.277496,31.568429,43.187969,43.928248,44.436299,44.436830,
22.399139,31.661454,42.629459,42.929917,43.158843,43.162103,
22.239433,31.850897,43.105329,43.205644,43.425781,43.429262,
22.225232,31.949903,44.486727,44.899391,45.253216,45.247411,
22.424691,32.043677,43.875392,43.695201,43.355637,43.355466,
22.407019,32.457474,44.867407,44.883502,44.409939,44.405576,
22.504117,32.283729,44.002189,44.380088,45.131055,45.244435,
22.356464,32.123614,44.363880,44.673158,45.494092,45.492505,
22.448200,31.914086,44.236245,45.423125,45.853900,45.853697,
22.521732,32.067508,43.628758,43.311464,43.010784,43.006898,
22.408411,32.108292,44.395033,45.087471,45.336225,45.330354,
22.037002,31.564932,43.697624,44.233921,44.851996,44.852318,
22.257541,32.186383,42.297631,42.518621,43.368039,43.373006,
22.373387,31.665770,43.914255,43.924555,43.048478,42.837391,
22.489808,31.821110,43.048092,43.641173,44.482046,44.462287,
22.286064,31.761111,44.230988,44.592635,45.394307,45.394581,
22.285540,32.069123,43.330160,44.016750,45.395813,45.395607,
22.496949,32.129745,44.142416,44.884171,45.718429,45.606680,
22.412632,31.890533,44.717909,44.831706,45.315878,45.320563,
22.226927,31.578127,43.266854,43.600077,44.067768,44.066608,
22.502576,31.866020,43.496486,44.012865,45.239523,45.245978,
22.492627,31.951952,44.052314,43.697254,43.214308,43.269455,
22.284218,31.909658,42.148575,42.794903,42.913573,42.913547,
22.530441,32.286776,42.856286,42.736441,42.793511,42.791356,
22.282212,31.977422,42.823536,42.791444,42.705475,42.706666,
22.519156,32.169349,46.434051,46.504503,46.747839,46.751330,
22.319082,32.027045,43.247023,43.679617,44.518665,44.522807,
22.481120,31.735673,42.810001,42.764751,43.079454,43.073099,
22.284646,31.869502,44.838225,44.851211,44.771143,44.785099,
22.765715,32.004033,43.401894,43.545096,44.258687,44.254280,
22.606504,32.241945,42.970097,43.100739,43.509682,43.508632,
22.552588,31.561818,46.029288,46.312016,46.456194,46.456544,
22.437950,31.974463,43.979301,44.409812,45.072807,45.074184,
22.738184,31.674253,43.274829,43.688003,44.406958,44.407103,
22.693369,32.377011,43.622017,43.953568,44.272726,44.270964,
22.368619,32.003686,44.124413,44.265208,44.399023,44.390269,
22.356369,31.613634,42.858525,43.190962,43.644405,43.644694,
22.427321,32.008326,43.214280,43.522116,43.733179,43.735795,
22.308432,31.307644,42.663278,42.810076,43.251561,43.255644,
22.381673,31.980850,42.779208,42.935807,43.361976,43.355580,
22.423668,31.718538,42.498360,43.028544,43.953061,43.953585,
22.265039,31.914568,44.637288,44.770767,45.928566,45.932076,
22.561662,31.994029,42.474988,42.850656,43.363791,43.362877,
22.536820,31.875232,44.887783,45.230769,45.622665,45.623242,
22.308940,31.858290,42.736416,42.980802,43.528941,43.533219,
22.231865,31.231416,43.468707,43.902767,44.275934,44.370904,
22.270445,31.700598,44.343414,44.777631,45.432666,45.457734,
22.479450,32.072405,43.183990,43.078329,42.719562,42.723853,
22.404414,31.405570,41.936753,41.939687,42.508678,42.520315,
22.401562,31.992034,44.588881,44.274559,44.475579,44.478257,
22.299491,31.612752,43.320059,43.389554,43.665682,43.596758,
22.422471,32.038113,44.174117,44.438075,44.689692,44.684245,
22.302651,31.567133,46.806875,46.637797,46.284121,46.282805,
22.465778,31.660079,44.512032,44.608864,45.028564,45.031501,
22.347077,31.335148,43.567209,43.770252,44.018927,44.024782,
22.454246,32.027529,43.647867,43.928232,44.472626,44.474213,
22.929429,32.574967,44.144178,44.504906,44.320370,44.320549,
22.284742,31.534184,42.514352,43.027036,43.844929,43.839790,
22.211724,32.151060,44.809616,45.060748,45.155516,45.133633,
22.470695,31.934083,42.923958,43.388907,44.189924,44.188904,
22.208335,31.674928,43.438995,43.668073,44.562636,44.567461,
22.627831,32.014381,43.000517,43.014475,43.382284,43.383964,
22.460275,31.663831,42.695144,42.735513,42.834012,42.833278,
22.347163,31.661352,44.030378,44.158075,43.964404,43.984228,
22.541602,31.668430,43.095872,43.126309,43.452586,43.441294,
22.367300,31.513792,43.870345,44.044884,44.289959,44.290012,
22.651468,31.712586,43.261602,43.555600,43.863524,43.863268,
22.367580,31.617806,42.803111,43.248567,44.250737,44.249054,
22.500100,32.043127,42.560283,42.942729,43.808705,43.813854,
22.541840,31.869406,43.910639,44.065029,43.924473,43.928313,
22.761242,31.458773,43.416728,44.027945,44.084222,44.084424,
22.479707,31.619947,43.675392,43.876984,44.390523,44.396157,
22.422438,31.697446,42.252489,42.494403,42.898689,42.901811,
22.807509,31.934982,41.918638,42.255755,42.731100,42.727740,
22.340208,31.671743,43.063925,43.297054,43.651867,43.638279,
22.555604,31.757419,43.954338,43.662251,43.634474,43.638614,
22.540344,31.332740,42.454153,42.234344,41.783662,41.784128,
22.427609,31.727014,41.705530,41.991753,42.024276,42.023615,
22.331848,31.479994,46.205591,46.155910,46.238190,46.238578,
22.396214,31.664183,42.256408,42.551359,42.627118,42.627070,
22.351585,31.507085,42.407500,42.862140,43.454979,43.455928,
22.589800,31.801491,42.457423,42.588458,42.841698,42.844678,
22.171464,31.710029,42.576374,42.572608,43.013882,43.012998,
22.363526,31.644461,42.480023,42.789201,43.557872,43.559068,
22.721412,31.853605,42.322415,43.052667,44.097199,44.097386,
22.833707,31.968224,42.329618,42.188008,41.898343,41.897997,
22.404081,31.358021,43.919971,44.036465,44.370291,44.368777,
22.346275,31.391758,44.919121,44.737006,45.066795,45.067577,
22.585497,31.439669,42.581301,42.593207,42.610286,42.598153,
22.368367,31.657090,41.788890,42.008209,42.383653,42.380108,
22.098085,31.905558,43.130682,43.020137,42.825897,42.881860,
22.225957,31.549279,42.820205,43.144223,43.623914,43.617909,
22.456556,31.868069,43.643734,43.821296,44.131742,44.131759,
22.515218,31.933062,43.526032,43.879188,44.320192,44.318767,
22.307804,31.761391,44.569253,45.102932,45.972675,45.958390,
22.618276,31.649412,42.554431,42.971455,43.288266,43.293678,
22.359286,31.240861,43.956697,44.095710,44.245919,44.245148,
22.155946,31.856567,44.740282,44.527682,44.868033,44.861067,
22.040668,31.463619,44.266299,44.363970,45.283666,45.310996,
22.568987,31.733851,42.875609,43.426796,44.034930,44.038535,
22.648474,31.682722,42.901322,43.215385,43.735701,43.802154,
22.792172,32.134106,44.178184,44.273219,44.564708,44.506747,
22.250686,31.617730,43.389856,43.914564,44.291215,44.295252,
22.398189,31.851113,43.860815,44.055213,44.311489,44.311614,
22.353974,31.840540,42.185534,42.552533,43.411306,43.411074,
22.451295,32.275818,42.600671,42.906993,43.167195,43.168794,
22.214592,31.223800,43.790405,44.155844,44.314139,44.309036,
22.276742,31.729113,45.868227,46.093772,46.551180,46.558273,
22.609330,31.739209,42.288126,42.443928,42.643168,42.643229,
22.450174,31.760214,43.869944,43.958614,43.994496,43.996100,
22.438832,31.644420,42.904446,42.881745,42.947051,42.942495,
22.612011,32.376488,42.973454,43.045182,42.774962,42.774325,
22.339776,31.672766,44.740969,44.550596,44.867710,44.952974,
22.401409,31.736020,43.326035,43.215758,43.218328,43.227669,
22.452790,32.056993,43.066380,43.350062,43.678572,43.677527,
22.039235,31.670689,42.465970,42.879085,43.311196,43.312170,
22.514983,31.932288,43.217278,43.063778,43.646204,43.645960,
22.544083,31.916439,41.740455,42.196500,42.814886,42.815150,
22.491762,31.714810,44.125401,44.309854,44.287518,44.282994,
22.320837,31.885555,42.816675,42.557777,42.535514,42.534994,
22.241824,31.728802,44.112101,44.420227,45.600049,45.625118,
22.457712,32.201681,44.559604,44.795462,44.948257,44.945849,
22.376871,32.041113,43.466716,43.766581,44.110386,44.110640,
22.400418,32.118993,43.494306,44.003861,44.941695,44.939989,
22.341327,31.529957,41.710920,42.672570,43.451156,43.455811,
22.444495,31.972707,44.640048,44.776720,45.108610,45.114596,
22.617953,32.136929,43.490080,43.426317,43.939821,43.960943,
22.394220,31.737232,45.040555,44.835817,45.071134,45.073761,
22.237384,31.636996,44.741401,44.854111,44.984102,44.994723,
22.626721,31.749346,43.012840,43.148737,43.644435,43.626161,
22.532419,31.760538,43.057753,43.141153,43.373450,43.376947,
22.415725,31.813984,43.236127,42.820041,43.420289,43.421404,
22.303587,31.923630,44.479976,44.549864,44.712270,44.711101,
22.272552,31.991556,42.705954,42.818402,43.190495,43.189561,
22.599356,32.400918,42.095684,42.650876,43.669514,43.669453,
22.342335,31.631299,43.782591,43.972570,44.379817,44.374023,
22.423246,31.881415,44.611188,44.550371,44.623798,44.623377,
22.353828,32.203455,42.668220,42.851075,42.930254,42.930461,
22.311593,31.703716,44.607798,44.673815,44.686221,44.685058,
22.340901,31.483869,43.827590,44.120991,44.206935,44.206987,
22.251826,31.282404,44.333967,44.473862,44.815882,44.836800,
22.600312,31.820380,42.193769,42.521716,43.237390,43.236433,
22.666223,32.084361,41.572653,41.587383,41.883019,41.884615,
22.311093,31.460735,42.414927,42.806731,43.834674,43.830152,
22.391531,31.812970,43.739175,43.839168,43.793702,43.791020,
22.314986,31.953691,43.294944,43.322409,43.378740,43.381940,
22.451143,31.611340,44.356670,45.258099,45.709686,45.706057,
22.564049,32.391743,42.629544,42.772030,42.623971,42.627082,
22.422423,31.918835,43.091990,43.061591,42.932971,42.933230,
22.470711,31.946699,43.866925,43.781049,43.758292,43.758558,
22.437938,31.982950,42.863834,42.801353,43.135454,43.134477,
22.503125,31.901067,43.563840,43.689066,43.792330,43.797176,
22.292109,31.765205,44.443258,44.976470,45.434899,45.437088,
22.280528,31.732969,43.887759,44.142827,44.370886,44.365482,
22.604670,31.721123,42.255733,42.355764,42.279286,42.281380,
22.509067,32.166778,42.451059,42.439871,42.606418,42.606322,
22.465624,32.159603,43.537889,44.040171,44.695068,44.699032,
22.477956,32.032288,41.958314,42.458328,42.893209,42.907250,
22.436747,31.639635,45.359926,45.238818,45.000303,45.021754,
22.299613,31.890232,42.987167,43.418943,44.168264,44.167593,
22.382781,31.501426,43.454775,43.928232,44.814944,44.815942,
22.455690,31.556229,45.098092,45.243972,45.521890,45.544881,
22.404986,31.574231,42.672021,43.054277,43.665666,43.665697,
22.391578,31.483002,42.075875,42.349275,43.477003,43.483317,
22.308960,31.348894,43.552061,43.786591,44.180322,44.186347,
22.488083,32.125395,42.270365,42.486991,42.684558,42.671960,
22.485497,32.042655,43.258950,43.617575,44.048179,44.038368,
22.409851,31.951289,43.110437,43.539734,44.082214,44.072628,
22.408130,31.818723,43.494969,44.376874,44.528018,44.527196,
22.441344,31.634169,43.412231,43.522650,43.835422,43.840971,
22.566675,31.926317,42.296692,42.703719,43.196790,43.200932,
22.119936,31.787456,44.570234,44.526000,44.358161,44.354730,
22.229243,31.685739,43.237613,43.688403,44.628213,44.629284,
22.246943,31.808247,43.305579,43.172649,43.098466,43.098453,
22.235355,31.523943,42.483197,42.851888,43.557887,43.557169,
22.354146,31.717885,42.818099,43.189905,43.893343,43.885712,
22.227988,31.439493,43.725389,43.920328,44.202546,44.216439,
22.338915,31.593812,42.394983,42.865045,43.574705,43.564887,
22.053673,31.555473,43.298392,43.558769,44.153786,44.175753,
22.656550,32.111028,43.339673,43.606013,44.286422,44.292843,
22.518266,31.923457,42.442240,43.118021,44.003166,43.999408,
22.134721,31.476814,44.576107,44.558324,45.025105,45.000032,
22.558066,32.180361,42.573502,42.702896,43.065352,43.069625,
22.274895,31.790511,43.275530,43.915505,44.384118,44.382961,
22.529777,31.910884,44.168539,44.361469,44.891277,44.871511,
22.455295,32.027987,42.444530,42.727110,43.194453,43.201483,
22.261406,31.519222,41.878133,42.150531,42.535691,42.529742,
22.480631,31.781952,44.506170,44.573500,45.139738,45.140212,
22.311445,31.839368,44.307775,44.816162,44.696661,44.695398,
22.275034,31.866518,43.334076,43.842311,44.037483,44.041558,
22.415239,32.041320,43.433066,43.528436,44.103940,44.104262,
22.295693,31.789156,42.873821,42.946960,43.275109,43.217623,
22.327240,31.471668,43.851545,44.709600,45.889346,45.785461,
22.291668,31.813857,44.549413,44.739379,45.134513,45.158065,
22.423783,32.054610,42.801868,42.812392,43.131211,43.131102,
22.512959,31.852419,44.895546,44.646170,44.468347,44.465214,
22.232562,31.877418,43.910023,44.035514,44.232454,44.231686,
22.385318,31.897135,42.421319,42.984337,42.973689,42.959705,
22.678122,32.148185,43.623337,43.577316,43.745007,43.744071,
22.219847,31.673322,45.012571,44.786963,44.689420,44.689731,
22.477412,31.416116,41.672850,41.969798,42.332312,42.329033,
22.354958,31.858704,43.450369,43.486168,43.774193,43.775136,
22.341221,31.963440,41.620190,42.112185,42.504841,42.505345,
22.600405,31.862430,43.418740,43.862867,44.189648,44.192017,
22.217113,31.910851,42.768937,43.607177,44.659364,44.668542,
22.401726,31.674763,43.148356,43.441643,44.147481,44.150632,
22.309004,31.832600,43.746709,43.594240,43.382313,43.381810,
22.309332,31.975426,43.358292,43.602342,44.036314,44.041858,
22.317674,31.527553,43.871598,43.664946,43.859405,43.871389,
22.258773,31.850228,43.066340,43.303210,43.841896,43.860622,
22.261200,32.256560,43.757744,43.887098,43.874218,43.856458,
22.500868,32.104945,44.258529,44.638898,45.914682,45.917177,
22.536159,31.611619,45.290878,45.149668,45.039441,45.040849,
22.676717,32.301510,43.645564,43.785220,44.080292,44.082248,
22.558963,31.805920,43.375084,43.430191,43.375084,43.378539,
22.364314,31.923595,42.914062,43.052481,43.792267,43.792393,
22.634947,32.063515,44.833069,44.844150,44.927923,45.032802,
22.451524,31.900334,43.250475,43.371746,43.618985,43.619712,
22.439052,31.933535,43.629396,44.182082,45.252553,45.250787,
22.101075,31.964664,43.486418,43.711214,43.809196,43.858411,
22.398263,31.971577,44.722715,44.940934,45.235584,45.227958,
22.423942,31.935621,42.455799,42.560996,42.626298,42.623067,
22.313487,32.093872,43.049541,43.371689,44.044750,44.042493,
22.534991,31.894323,44.042945,44.003381,44.204939,44.205217,
22.370193,32.153300,43.104656,43.331423,43.636848,43.654403,
22.246370,31.432176,43.932808,44.179891,44.612350,44.607798,
22.588035,31.876430,43.344794,43.642362,44.135547,44.138810,
22.521743,31.746320,43.060178,43.215012,43.257304,43.257959,
22.526697,32.309780,45.866421,45.577312,45.178401,45.185092,
22.180779,31.526499,43.843556,43.707019,43.801363,43.818582,
22.684492,32.186658,44.332323,44.869064,45.635790,45.631041,
22.418200,32.390267,44.381876,44.921555,44.705237,44.706951,
22.782864,32.141211,43.400942,43.667904,44.047777,44.031144,
22.446773,31.648961,43.813759,44.036648,44.532917,44.457908,
22.451488,32.183477,42.999176,43.003108,43.253790,43.253512,
22.499001,31.810761,42.595434,43.104414,43.659434,43.658868,
22.405332,32.159738,43.049009,43.607978,43.138791,43.135874,
22.381149,31.437392,41.601983,41.985307,42.507105,42.506213,
22.331755,31.847608,42.895685,43.019833,43.283226,43.283156,
22.234072,31.837888,43.131929,43.487050,44.075221,44.078657,
22.791251,32.127769,44.461992,44.615590,44.097589,44.097199,
22.155174,31.801719,43.378553,43.612971,43.786055,43.768306,
22.486456,32.396684,43.342588,44.025048,44.645095,44.642177,
22.491868,32.226888,43.818486,43.909293,43.876276,43.883810,
22.361409,31.943598,43.165447,43.291034,43.234906,43.178658,
22.477074,32.239514,44.078758,44.347141,44.719432,44.710126,
22.497674,31.461211,42.850072,43.165078,44.268182,44.259196,
22.358889,31.581131,44.828060,44.956850,45.648930,45.649027,
22.360437,31.848037,42.805624,43.203838,43.517538,43.517642,
22.264758,31.803155,42.958624,43.251854,43.825094,43.760249,
22.469193,32.082988,43.381724,43.850762,44.368417,44.366238,
22.545847,31.706745,43.952161,43.679801,43.674378,43.673212,
22.313009,31.798192,43.124293,43.142063,43.382815,43.383892,
22.530156,32.132732,43.703416,43.968658,44.426539,44.483008,
22.540643,32.405531,43.353954,44.190616,44.554637,44.554035,
22.580796,31.920701,43.997439,44.576334,45.543913,45.541363,
22.228077,31.827424,44.005286,44.379528,44.887682,44.889692,
22.291685,31.893006,43.849019,43.946861,44.131435,44.119460,
27.528300,36.958668,52.169121,52.179664,52.263281,52.263281,
27.832872,37.666814,50.977409,50.955024,50.981041,50.982362,
27.957144,37.432073,49.076927,49.290978,49.522970,49.522970,
27.787613,37.044539,48.692889,48.693718,48.691963,48.691963,
27.873300,37.269890,50.670286,50.683914,50.940682,50.940682,
27.538163,37.658898,48.724110,48.994458,49.339881,49.339881,
28.419404,38.131733,50.037433,49.795249,49.566098,49.566098,
27.692306,36.916496,49.104554,49.092242,49.072349,49.072349,
28.376764,37.810276,51.595842,51.615390,51.643289,51.643289,
27.560490,36.841604,50.342913,50.335148,50.327824,50.327824,
27.780878,37.894463,51.822469,51.835519,51.852744,51.852744,
27.513165,37.711860,51.438056,51.249634,50.759371,50.759371,
27.974199,37.274910,50.133991,50.204615,50.263227,50.263227,
27.468328,37.150350,49.119321,49.287734,49.472908,49.472908,
27.564019,36.563245,50.194613,50.282871,50.447395,50.447395,
27.834471,37.030989,48.970483,49.056627,49.205481,49.204604,
27.754181,37.300609,48.230427,48.246236,48.286944,48.286944,
28.039121,37.482265,52.596716,53.152112,54.599013,54.599013,
27.448421,36.714635,46.847683,46.916839,47.640426,47.640426,
27.322948,36.754328,52.424784,51.970918,51.831901,51.831901,
28.169765,38.428724,52.146490,52.225284,52.421446,52.421446,
27.801308,37.008748,52.351935,52.534274,52.617008,52.617008,
27.858352,36.844674,47.303019,47.336785,47.363307,47.363307,
28.014338,37.254639,51.151140,51.013201,51.188485,51.188485,
27.867391,37.098684,49.190692,49.668406,50.835524,50.835524,
27.858762,37.317652,48.781505,48.716847,48.640594,48.640594,
27.406697,36.775171,51.210717,51.222923,51.155264,51.155608,
27.635389,37.683014,49.497662,49.877218,50.396427,50.396427,
27.425648,37.136723,49.586476,50.108518,50.414655,50.414655,
28.093508,37.197939,52.990301,53.005147,53.020177,53.020177,
27.879284,36.717093,50.540254,51.185541,53.443477,53.443477,
27.277495,36.980565,47.812385,47.802523,47.794943,47.794943,
27.597138,37.071128,48.113787,48.297882,48.622182,48.622182,
27.572608,37.722282,49.650194,49.938037,50.736830,50.736830,
27.672987,37.002107,49.844041,49.848683,49.845694,49.845503,
27.934738,37.708986,50.684994,50.610504,50.602550,50.597708,
27.858760,36.727752,49.318485,49.757080,50.190137,50.190137,
27.546072,36.464494,49.937777,50.074070,50.293855,50.293855,
27.527091,36.924565,47.841145,47.827500,47.791931,47.791931,
28.003866,36.839856,46.668740,46.534092,46.386918,46.386889,
27.624164,36.704887,49.137271,49.134517,49.137325,49.137325,
27.851661,36.827177,51.278367,51.298754,51.135281,51.135281,
28.035681,37.324471,49.295233,49.216194,49.219440,49.219440,
27.945333,37.132111,47.875303,47.899159,47.885818,47.888410,
27.990415,37.998801,51.257460,51.185368,51.049709,51.049373,
27.602306,37.243306,52.097307,52.008523,51.789616,51.789616,
27.591350,36.747163,49.900722,49.950004,50.368440,50.368440,
27.840116,37.128355,51.004723,50.671823,50.996925,50.996925,
27.711362,36.862850,49.009904,49.540063,50.750670,50.743158,
28.358030,37.969279,49.359676,49.858493,50.803935,50.803935,
27.920995,36.675626,46.971374,46.979779,46.988234,46.988234,
27.585800,38.156606,49.867621,50.068712,50.203649,50.203649,
28.079458,37.131543,51.102208,51.106116,51.180696,51.180696,
27.423303,36.988781,49.121527,49.119859,49.116042,49.116042,
28.146592,37.253060,51.873181,51.355722,51.550980,51.550980,
27.249830,36.841254,46.548412,46.627299,46.752453,46.752328,
27.913739,37.398886,48.608771,48.607766,48.602319,48.602319,
27.174154,36.710972,48.895251,49.004191,49.162079,49.162079,
28.258632,37.011628,51.504991,51.507508,51.506296,51.506296,
27.574031,36.695144,48.419095,48.418454,48.422072,48.422072,
27.711902,37.278605,51.374487,51.370782,51.399239,51.399239,
27.935300,37.104136,49.370833,49.379448,49.415232,49.415232,
27.449674,37.359363,53.246383,53.254320,53.362848,53.362848,
27.518452,37.152203,50.454777,50.483255,50.632702,50.632702,
27.873529,36.872410,48.332478,48.331940,48.332523,48.332523,
27.959091,37.819206,51.610137,51.609278,51.655039,51.655425,
28.157218,37.678715,47.509447,48.350331,50.427866,50.427866,
27.715920,37.807002,51.225892,51.248668,51.322631,51.322631,
27.452412,36.967334,51.637618,51.636465,51.658416,51.658416,
28.042243,36.382874,46.597853,46.731512,46.896963,46.896995,
27.643770,36.694728,51.689704,51.727687,51.865582,51.865582,
27.720480,36.696911,45.803698,45.786510,45.761785,45.761785,
27.156600,37.273250,48.400593,48.328352,48.273952,48.273952,
27.513484,36.804757,47.377474,47.411754,47.467583,47.469973,
27.822017,37.675149,50.303594,50.307340,50.367436,50.367436,
27.478972,36.555545,46.291548,46.659052,47.145694,47.145694,
27.851132,36.971393,51.824574,51.953115,52.048990,52.048990,
28.034882,36.692685,52.034547,52.012710,52.076002,52.076002,
27.691781,37.157374,50.937656,50.991376,51.002399,51.002399,
27.301094,36.917529,48.370158,48.333825,48.330459,48.330459,
28.104090,36.743015,45.740881,45.837902,46.090905,46.090878,
27.392155,37.087612,47.840984,48.006188,48.163744,48.163744,
28.165875,37.900500,50.581333,51.091691,51.471950,51.471950,
27.987671,36.963145,49.218560,49.190474,49.223075,49.226602,
27.298253,37.000161,50.145830,50.214364,50.359270,50.359270,
27.653970,36.950343,47.133827,47.285282,47.180560,47.180560,
27.479348,36.848333,51.209324,51.259660,52.646475,52.646475,
27.397691,36.506884,50.739095,50.418788,50.142425,50.142425,
28.011847,37.683620,51.215246,51.218298,51.194813,51.194813,
27.603385,37.046154,49.567589,49.512594,49.405282,49.405282,
27.299370,36.747671,50.548618,50.290824,49.787776,49.787776,
27.663581,37.493822,50.282449,50.325977,50.393974,50.393974,
27.879921,37.453415,52.420410,52.480292,52.505322,52.505322,
27.704352,37.422877,49.428150,49.433756,49.420706,49.420706,
27.676189,36.626505,51.520391,51.587858,51.612046,51.612046,
27.334334,36.622892,51.067110,51.130492,51.156295,51.156295,
28.190773,37.356462,49.833630,49.782635,49.685653,49.685653,
27.518843,36.787630,48.208652,48.108797,47.931733,47.931733,
27.565644,36.692869,47.881730,47.868764,47.864854,47.864854,
27.790712,36.854785,47.522239,47.535553,47.545313,47.545912,
28.359752,37.534982,49.642724,49.709743,49.864938,49.864938,
27.271560,36.702932,54.478553,54.428585,54.350745,54.353617,
27.548803,37.448199,50.478177,50.619613,50.943465,50.943465,
27.194434,36.351301,49.167460,49.116848,49.233720,49.233720,
28.577001,37.303405,49.480092,49.486292,49.482313,49.482313,
27.485090,36.392202,49.291258,49.132358,49.148411,49.148411,
27.303987,37.080812,52.318548,52.373275,52.537464,52.537464,
27.999121,36.708795,49.488751,49.678122,49.807648,49.806639,
27.642270,36.771188,51.779680,52.122903,53.205671,53.232215,
27.702795,37.169034,49.933947,49.849447,49.725671,49.726660,
28.030623,36.685679,49.594569,48.814274,48.109095,48.109095,
27.854504,36.425116,44.840534,44.839409,44.838365,44.838365,
27.945181,36.954912,48.233014,48.368438,48.705830,48.705830,
27.572048,36.673102,51.942282,51.914960,51.864064,51.863659,
27.630094,36.817184,49.033625,49.505415,50.312293,50.312363,
27.148042,36.888771,49.352689,49.335864,49.228201,49.228201,
28.120778,36.661962,50.533544,50.533395,50.531906,50.531906,
27.318948,36.525519,48.528268,48.697622,48.881887,48.881887,
27.570988,35.979468,50.404953,50.630035,51.068542,51.067194,
27.683824,36.879033,50.470534,50.450975,50.433468,50.433468,
27.718609,37.410520,49.534733,49.445395,49.343900,49.343900,
27.792256,35.966539,50.598313,50.292938,50.284911,50.285192,
28.057623,36.624994,49.268931,49.506356,50.084335,50.084335,
27.769143,37.052526,51.374848,51.466959,51.562671,51.562671,
27.724007,36.171532,47.713552,47.724579,47.715070,47.715070,
27.256215,36.700154,47.812823,48.422072,49.179770,49.179770,
27.832216,37.024649,49.197916,49.143108,49.178679,49.178679,
28.180676,37.367308,51.850726,51.446872,51.072758,51.072758,
28.173858,37.033621,50.033315,50.322002,50.639872,50.639872,
27.648393,36.711068,49.904136,50.098330,50.521047,50.525804,
27.551642,36.029328,51.159048,51.265123,51.419746,51.419746,
27.211160,36.247243,49.030409,49.096628,49.160070,49.160070,
27.527824,36.700457,45.261328,45.269367,45.269899,45.269899,
27.672881,36.643618,50.147943,49.740416,49.311058,49.311058,
27.440933,36.484411,46.957161,47.646783,48.432483,48.432483,
27.660205,37.187787,50.340703,50.647131,50.987156,50.987156,
27.733960,36.568040,47.436328,47.443088,47.464054,47.463907,
27.900046,36.847392,48.179745,48.168711,48.147844,48.147844,
27.791582,37.099360,48.169272,48.214457,48.313984,48.313984,
27.633031,37.984703,51.014948,51.141275,51.405153,51.405153,
27.568290,37.332994,46.990243,46.863653,46.729154,46.729154,
27.761302,37.358588,52.641389,52.643931,52.763394,52.762896,
27.520607,37.019518,49.844486,49.846902,49.829954,49.829954,
27.839110,37.180432,49.897825,49.866280,49.822358,49.822358,
27.681612,37.523036,51.418924,51.534251,51.456351,51.456351,
27.278274,35.873658,49.334847,49.388825,49.379163,49.379163,
27.242795,36.643271,51.683584,51.696028,51.719848,51.719848,
28.417041,37.317528,51.112495,51.247877,51.273153,51.273153,
27.536680,37.576641,47.651537,47.676623,47.734461,47.736964,
27.260082,36.871881,52.238832,52.238942,52.209366,52.208928,
27.621001,36.240948,45.634801,46.296179,47.705349,47.705349,
27.560675,36.469169,47.457042,47.467288,47.629305,47.629305,
27.621460,37.792196,49.865385,49.937842,50.094558,50.094558,
27.218988,36.757746,49.083751,48.857307,48.663829,48.663829,
27.871402,37.053652,50.338993,49.341465,47.930260,47.930260,
27.715617,36.358476,48.310946,48.332793,48.345287,48.345287,
27.047645,37.021837,49.977903,49.933039,49.822611,49.821599,
27.631177,37.829638,50.298016,50.385326,50.563745,50.563745,
27.313982,36.821384,49.962592,49.916527,49.871585,49.871585,
27.636424,36.918653,47.890395,47.912950,47.966779,47.966779,
27.439140,36.655375,48.271960,48.456983,48.138607,48.138607,
27.980116,37.077143,49.166645,49.487404,49.963637,49.963637,
27.575884,37.318807,51.968637,52.068465,52.389006,52.389006,
27.771700,36.661672,46.922674,46.941756,46.983100,46.983100,
27.828957,37.061405,50.063628,50.331876,50.940437,50.940437,
27.523520,36.890451,50.578698,50.616499,50.664524,50.664524,
27.500511,36.776645,49.775684,50.104805,50.869677,50.869677,
28.049576,37.113366,46.617583,46.629936,46.705424,46.713330,
27.959242,36.593331,48.549823,48.486593,48.308848,48.308670,
27.868620,37.073028,47.611973,47.854108,48.618633,48.618633,
27.688162,36.297642,52.937374,52.965191,53.142185,53.142185,
27.558755,36.915220,47.245549,48.161456,50.756704,50.756704,
27.810217,36.425651,52.581528,52.699141,52.958546,52.958546,
27.927603,36.262034,49.782509,49.784202,49.781883,49.777875,
28.089314,37.589696,49.086206,49.163546,49.362918,49.362918,
28.018888,36.843081,49.857536,49.931028,50.082656,50.082656,
27.830323,37.657392,50.090789,50.166866,50.318031,50.318031,
27.434301,36.456509,48.433494,48.446927,48.551286,48.550531,
27.482285,37.029713,47.096834,47.094842,47.086211,47.086211,
27.618818,36.591414,46.857353,46.884020,46.914863,46.914863,
27.510126,36.715436,52.846086,52.790366,52.761154,52.761154,
27.965584,37.598574,49.560795,49.524033,49.432310,49.432310,
27.790767,36.875062,48.640401,49.719984,51.201498,51.201845,
27.387407,36.762182,50.370090,50.369157,50.368583,50.368583,
27.569944,36.005464,51.266534,51.251919,51.236827,51.236827,
27.706961,36.511826,50.989886,50.986246,50.828342,50.828342,
27.837444,37.580730,47.364527,47.358104,47.438410,47.438410,
27.696029,36.939958,50.629959,50.743002,50.938065,50.938065,
27.498215,36.938102,47.281616,47.320118,47.416185,47.416185,
27.893145,37.471571,48.124040,48.858776,49.709804,49.710790,
27.533105,36.515531,51.041244,51.317631,51.794294,51.794294,
27.948992,37.197853,50.502369,50.479354,50.492543,50.492543,
27.393323,36.696230,47.724072,47.840303,48.127677,48.127677,
27.612211,36.445068,50.267639,50.191101,50.127066,50.127066,
27.916614,36.603063,51.318256,51.499405,51.796286,51.796286,
27.936425,37.250153,52.231667,52.229245,52.172488,52.172488,
28.024887,37.759139,50.013907,50.081179,50.211665,50.211665,
27.700787,36.379899,49.631754,49.636175,49.619666,49.619666,
27.656788,36.986084,54.078000,54.120838,54.092176,54.049116,
28.056944,36.247577,48.077412,48.246016,48.638282,48.638282,
27.506241,36.715683,49.519607,49.595710,49.674453,49.674392,
27.340795,36.323383,48.318142,48.907170,49.889147,49.889147,
28.065805,37.137694,47.674077,48.349790,49.136460,49.136460,
27.826337,36.493896,49.347527,49.114483,48.686993,48.686993,
27.879176,36.996580,48.457260,48.290232,48.429408,48.429408,
27.352036,35.964949,51.340266,51.456812,51.314330,51.291564,
27.614235,37.213602,48.781754,48.769628,48.783297,48.783297,
27.938284,37.641237,52.772616,52.788738,52.824192,52.824192,
27.705678,36.720656,49.734834,49.786773,49.841753,49.841753,
27.169963,36.692254,49.439369,49.265425,49.088929,49.088929,
27.671810,36.719451,50.658539,50.682372,50.801478,50.801161,
27.531311,36.770427,47.842187,48.374506,48.557142,48.557142,
27.952610,36.861065,46.413059,46.521771,46.826279,46.826787,
27.941691,37.060591,48.557709,48.604803,48.603895,48.603895,
27.670212,37.528316,48.515377,48.498513,48.504625,48.504625,
27.561379,37.047676,49.490157,49.512005,49.542909,49.542909,
27.877517,37.063582,47.931978,47.927806,47.917434,47.917434,
27.612533,37.226360,49.892616,49.633692,49.381619,49.381619,
27.783726,37.084006,49.931547,49.981838,50.112303,50.112303,
27.856577,37.764743,48.900362,49.437400,49.884268,49.884268,
27.931737,37.086413,50.117918,49.894545,49.686940,49.686940,
27.687805,37.592515,51.664694,52.095278,52.584753,52.584753,
27.443450,36.302973,46.905775,46.921214,46.949582,46.949582,
28.069103,37.672142,50.286600,50.681524,51.512078,51.512451,
27.703191,36.837820,52.288315,52.304861,52.311699,52.311699,
28.022239,36.972227,48.373917,48.424500,48.362289,48.363012,
27.137931,37.444920,49.821094,49.836040,49.870690,49.870690,
28.159554,36.605825,49.150741,49.162459,49.216469,49.216469,
27.963137,37.204182,47.955079,48.256895,48.923079,48.923079,
28.136665,37.194098,49.581208,49.642117,49.834771,49.834771,
27.778928,36.782624,51.113176,51.221875,51.355542,51.355542,
27.492775,36.812147,49.632723,49.973775,50.498524,50.498524,
27.879182,37.136583,50.558422,50.568698,50.577870,50.577870,
27.663865,36.697958,48.905992,48.905736,48.832967,48.832967,
27.944990,36.896212,48.230558,48.561728,49.199450,49.199505,
27.395632,36.653198,47.026170,47.070208,47.159853,47.159990,
27.398793,36.981939,47.037746,46.997464,47.129641,47.129641,
27.485346,36.571620,48.501265,48.755507,49.089944,49.076288,
27.551945,36.724686,46.870346,47.205829,47.817564,47.817564,
28.050645,36.983679,48.839720,48.912962,49.042758,49.042758,
28.325177,37.666325,52.063906,52.179882,52.380905,52.380905,
28.252623,37.416189,49.863406,50.098195,49.942846,49.942846,
27.546886,36.835492,49.108362,49.378877,49.725299,49.725299,
27.620316,36.651357,49.369523,49.659686,50.105277,50.105277,
27.375310,36.633200,47.848725,47.826821,47.809997,47.807611,
27.625534,37.089530,47.436438,47.481874,47.570996,47.570996,
28.055552,36.753794,48.065959,48.061066,48.080544,48.080544,
28.189707,37.131230,51.304622,51.341971,51.404425,51.404425,
27.432659,37.022398,48.644209,48.666251,48.669354,48.669354,
27.759901,37.231940,48.975527,49.173120,49.128152,49.128152,
27.431385,36.716063,49.232119,49.329819,49.517602,49.517602,
27.173021,36.513459,47.329797,47.326806,47.319976,47.319976,
27.854111,37.160490,48.053064,48.053821,48.104409,48.104409,
27.416573,36.359197,50.260288,50.385758,50.631864,50.631864,
28.027316,37.076162,51.442278,52.246119,52.177706,52.178141,
27.625398,37.510027,47.524101,47.528574,47.532902,47.532902,
27.742067,37.247862,52.149515,51.783751,51.077314,51.098983,
27.260488,37.240628,51.307915,51.278721,50.954367,50.955680,
27.877068,37.508100,50.445642,50.360558,50.214848,50.214848,
27.218183,36.857008,51.432097,51.317809,51.303644,51.303999,
27.410441,36.723357,48.701968,48.019529,47.287469,47.287469,
27.830988,37.228841,47.562193,47.613000,47.681217,47.681217,
28.075082,38.165164,50.221360,50.517780,50.910922,50.910922,
27.951146,36.941906,50.654095,50.739485,50.950265,50.950183,
27.745129,36.587790,50.551759,50.595139,50.653405,50.653405,
27.982876,37.331522,49.249100,49.276230,49.598532,49.598532,
27.674396,36.883833,49.025510,49.451081,50.625468,50.625468,
27.158057,36.238659,50.383023,50.401844,50.391017,50.391017,
27.624421,37.540214,51.063658,51.110283,51.419015,51.420477,
27.552323,36.492327,51.648390,51.300176,50.983436,50.983436,
27.471466,37.619952,47.293718,47.287504,47.058881,47.058881,
27.372179,37.161114,49.814839,49.898533,50.051011,50.051011,
27.527130,37.243655,50.325054,50.372458,50.447979,50.447979,
27.570036,37.430498,49.812756,49.845503,49.892552,49.892552,
27.391145,37.387903,50.591513,50.616878,50.689856,50.689856,
27.884693,37.669872,50.066303,49.797826,49.257255,49.257033,
27.183820,37.192827,49.805190,49.828560,49.850529,49.850529,
27.586265,38.417781,50.095097,50.078026,49.968147,49.968147,
27.710751,36.840455,51.308628,50.941173,50.637430,50.637430,
27.418442,36.808445,50.187178,50.199646,50.182229,50.182229,
27.523586,37.319134,52.711793,52.812216,52.889696,52.889696,
27.941986,37.524753,52.114640,51.734655,51.091437,51.091437,
27.964443,37.386947,47.277074,47.287257,47.299126,47.299126,
27.560369,36.970009,50.591060,50.533097,50.364712,50.364712,
27.414146,36.989298,50.233788,50.222955,50.219212,50.219212,
27.533505,36.586716,50.879750,50.880718,50.701301,50.701301,
28.133355,36.984169,51.170247,50.589853,50.661530,50.662758,
27.965002,37.652002,47.308972,47.347181,47.379456,47.379456,
27.732638,37.507506,49.495080,49.600274,49.807018,49.806009,
27.359849,37.770014,48.006063,48.081646,48.361656,48.361656,
27.768472,37.222038,48.339035,48.338496,48.328083,48.328083,
27.745034,37.768718,50.353477,50.279216,50.207241,50.208623,
27.595575,36.659303,47.906883,47.925313,47.959072,47.959072,
27.604432,36.937620,50.988976,50.883705,50.716503,50.716503,
27.940152,36.467857,47.245060,47.390352,47.542057,47.542057,
27.569291,36.572906,47.740918,47.584008,47.148631,47.148631,
27.493379,36.381072,46.329524,46.353671,46.377924,46.377924,
27.740425,37.157630,53.737227,53.900389,54.170638,54.170638,
27.942509,37.416262,50.396644,50.767776,52.010302,52.010302,
27.679090,36.874158,48.097814,48.097134,48.089362,48.089362,
34.601137,43.705565,62.189143,62.189143,62.197876,62.197876,
34.249016,45.723200,59.813008,59.813008,59.813008,59.813008,
34.661024,44.349831,59.895831,60.021117,60.063695,60.063695,
33.850448,43.686016,59.109596,59.109596,59.109596,59.109596,
34.218955,44.192760,58.881174,58.922102,59.005134,59.005134,
33.800631,43.859901,58.926731,58.926216,58.925187,58.925187,
34.602481,45.111025,65.379821,65.416355,65.490358,65.490358,
34.688507,43.212803,58.430785,58.434459,58.432621,58.432621,
34.817658,43.368754,62.650112,62.650112,62.650112,62.650112,
33.785798,42.583869,60.262737,60.353263,60.540179,60.540179,
34.653349,41.670730,61.997134,61.997134,61.997134,61.997134,
34.089810,42.872544,56.505770,56.505770,56.505770,56.505770,
33.627979,43.601828,61.026782,60.976996,60.872656,60.872656,
33.769834,43.918265,56.608944,56.608944,56.608944,56.608944,
34.203514,43.910152,50.975924,50.975924,50.975924,50.975924,
33.832512,42.915674,58.496462,58.496462,58.496462,58.496462,
34.731740,44.265261,62.860065,62.860065,62.860065,62.860065,
34.190856,45.400654,56.373148,56.300589,56.089914,56.089914,
34.214707,43.502946,57.374882,57.374882,57.374882,57.374882,
34.700045,42.898869,55.572057,55.576099,55.580383,55.580383,
35.011502,46.908781,54.087277,54.087445,54.087783,54.087783,
33.909457,42.661454,55.026467,55.026467,55.029822,55.029822,
33.901877,43.871663,59.851038,59.851038,59.851038,59.851038,
34.232697,44.582442,58.143503,58.143503,58.143503,58.143503,
34.679919,44.192657,56.004012,56.004012,56.004012,56.004012,
34.427005,45.439323,58.429867,58.437216,58.451952,58.451952,
34.282644,43.839439,60.876685,61.088135,61.310409,61.310409,
33.091968,43.740858,55.059502,55.059502,55.059502,55.059502,
33.680767,44.974419,61.865582,61.881810,61.898099,61.898099,
34.856734,44.759852,62.900988,63.243045,63.614364,63.614364,
34.979370,43.630627,60.658923,60.658923,60.658923,60.658923,
34.063944,42.586664,56.159554,56.177003,56.194523,56.194523,
34.787938,43.324873,52.065920,52.065920,52.065920,52.065920,
34.897841,43.368153,62.102756,62.102756,62.101687,62.101687,
33.617919,41.887819,54.554787,54.555540,54.557797,54.557797,
34.518697,43.492067,54.113867,54.113867,54.113867,54.113867,
34.501233,44.628290,51.809158,51.808758,51.807959,51.807959,
34.604348,45.433150,56.505180,56.486364,56.467630,56.467630,
33.659670,43.425418,62.593482,62.593482,62.593482,62.593482,
34.740796,43.193917,51.981094,51.979327,51.972682,51.972682,
34.446659,44.214631,61.702653,61.702653,61.702653,61.702653,
33.976877,43.627862,56.377724,56.378010,56.378010,56.378010,
34.810308,43.558275,56.823266,56.824535,56.825803,56.825803,
33.998008,43.470318,59.318485,59.327505,59.336543,59.336543,
34.217711,43.150315,55.181158,55.181158,55.181158,55.181158,
36.172457,42.894017,63.335780,63.313116,63.313116,63.313116,
34.672590,42.738693,57.033717,57.033717,57.033717,57.033717,
35.222828,45.950915,60.558871,60.558871,60.558871,60.558871,
34.790009,44.554035,61.703628,58.903637,57.259793,57.259793,
34.984916,44.632078,59.326940,59.326940,59.326940,59.326940,
33.515940,41.912023,57.868401,57.868401,57.874859,57.874859,
33.491200,43.064445,57.054398,57.412480,57.802762,57.802762,
34.714664,44.649763,64.516596,64.516596,64.516596,64.516596,
34.171043,44.312681,55.441421,55.441191,55.442805,55.442805,
34.688198,43.548928,56.786646,56.787904,56.791679,56.791679,
34.431530,44.100687,64.986615,64.986615,64.986615,64.986615,
33.622550,42.339046,57.453338,57.453338,57.453338,57.453338,
35.277279,44.797649,58.325573,58.332748,58.336340,58.336340,
34.549986,44.991623,62.607871,62.607871,62.607871,62.607871,
34.065481,43.448707,59.581387,59.581387,59.581387,59.581387,
34.116965,42.610899,62.857520,62.858792,62.860065,62.860065,
34.412351,43.028359,61.746754,61.747739,61.748725,61.748725,
34.499094,42.685890,54.096066,54.095896,54.095389,54.095389,
35.256247,44.114937,60.351119,60.348263,60.342556,60.342556,
34.790470,43.487756,53.382184,53.381609,53.381035,53.381035,
34.769440,44.456308,59.701493,59.701493,59.701493,59.701493,
35.070748,43.835964,54.339457,54.339457,54.339457,54.339457,
34.250539,42.806793,62.313045,62.331038,62.367248,62.367248,
34.766120,42.770745,58.184513,58.184513,58.184513,58.184513,
33.808790,41.841777,60.188485,60.188485,60.188485,60.188485,
34.050082,42.181341,52.250652,52.250652,52.250652,52.250652,
34.781672,44.680740,54.901672,54.901672,54.901672,54.901672,
34.399131,42.675887,60.019793,60.019793,60.019793,60.019793,
34.797629,43.208098,59.139215,59.139215,59.139215,59.139215,
34.744283,42.374641,57.014791,57.014791,57.014791,57.014791,
34.161453,42.823889,63.294789,63.294789,63.205671,63.205671,
33.697434,44.454801,64.437178,64.437178,64.437178,64.437178,
34.804471,42.781982,57.102814,57.102814,57.102814,57.102814,
34.235292,43.232118,60.273950,60.274652,60.274652,60.274652,
34.757590,43.528347,52.634254,52.634254,52.634737,52.634737,
34.597412,44.514285,54.554411,54.551404,54.542395,54.542395,
34.768495,44.424367,62.609072,62.604269,62.594680,62.594680,
33.892440,43.452279,57.018437,57.017111,57.019763,57.019763,
34.469379,44.828841,59.333151,59.333151,59.333151,59.333151,
35.432066,43.360691,58.366086,58.366086,58.483433,58.483433,
34.543583,43.605605,56.838192,56.858600,56.899382,56.899382,
35.038030,42.970711,56.578273,56.896157,57.611593,57.611593,
34.830965,44.645248,59.443598,59.443598,59.443598,59.443598,
35.365828,45.587771,55.288696,55.292260,55.293151,55.293151,
33.666863,43.779035,63.846063,63.846063,63.846063,63.846063,
34.852141,42.575432,55.640085,55.640085,55.640085,55.640085,
35.239474,45.816125,58.442736,58.457491,58.457491,58.457491,
34.276783,43.868354,58.943228,59.077513,59.359222,59.359222,
34.062182,42.370124,57.688292,57.686744,57.685198,57.685198,
34.008097,42.233022,60.124286,60.124286,60.124286,60.124286,
33.272008,41.788950,53.526076,53.535583,53.554659,53.554659,
33.419105,43.161175,56.427216,56.427216,56.427216,56.427216,
34.549471,43.651470,59.898404,59.898404,59.898404,59.898404,
34.181449,42.755447,51.250161,51.250161,51.250161,51.250161,
34.124925,44.394453,60.013840,60.189862,60.762119,60.762119,
33.983193,43.120913,57.347253,57.324421,57.255238,57.255238,
33.433934,42.514457,59.192497,59.123035,58.987356,58.987356,
34.785448,43.905648,52.131397,52.131397,52.131397,52.131397,
34.500128,43.825491,56.647437,56.647437,56.647437,56.647437,
34.727007,41.993473,52.054802,52.054802,52.054802,52.054802,
35.878677,44.004077,58.835082,58.835082,58.835082,58.835082,
34.218404,42.648208,56.119469,56.115158,56.102249,56.102249,
34.579750,44.430978,52.583080,52.583558,52.584514,52.584514,
34.793447,44.515627,56.134593,56.134593,56.134593,56.134593,
35.264465,43.400712,61.392243,61.392243,61.392243,61.392243,
34.155717,43.047175,52.268388,52.268388,52.268388,52.268388,
33.538741,43.677896,57.057074,56.726084,56.131348,56.131348,
34.526858,42.896070,55.494092,55.497828,55.505311,55.505311,
35.558028,43.580170,59.521377,59.516659,59.514302,59.514302,
34.637090,43.269497,63.472839,62.183693,61.190911,61.190911,
33.895596,42.181635,54.642350,54.639281,54.642350,54.642350,
35.027664,43.902993,52.266944,52.266944,52.266944,52.266944,
35.003948,43.451492,57.009824,56.096077,55.829571,55.829571,
34.562127,43.083713,60.773913,60.773913,60.774700,60.774700,
35.621177,43.449013,54.808579,54.808579,54.808579,54.808579,
33.877796,41.832916,60.692792,60.695884,60.695884,60.695884,
34.187974,43.003437,55.552375,55.548591,55.540561,55.540561,
35.739964,43.394532,59.366618,59.366618,59.366618,59.366618,
35.045119,43.993935,56.527334,56.527334,56.527334,56.527334,
34.012773,43.475507,55.951044,56.017685,56.085632,56.085632,
34.227766,42.779957,54.666979,54.666979,54.666979,54.666979,
35.155637,43.683862,60.466205,60.466205,60.466205,60.466205,
33.658025,43.107310,59.390599,59.246441,58.971730,58.971730,
35.513811,45.221245,60.809488,60.784160,60.758979,60.758979,
34.533645,42.979860,52.227924,52.256187,52.313270,52.313270,
34.768831,43.850953,63.183674,63.183674,63.183674,63.183674,
34.831285,43.793687,56.406718,56.405566,56.400961,56.400961,
34.915754,43.094165,56.551389,56.551389,56.551389,56.551389,
34.641145,43.404404,56.251955,56.251955,56.251955,56.251955,
34.211393,43.184511,53.599096,53.599096,53.599096,53.599096,
34.346015,42.649627,55.765983,55.765983,55.766729,55.766729,
33.711732,42.113922,64.119647,64.119647,64.119647,64.119647,
33.504846,41.315258,62.238501,61.234463,59.733595,59.733595,
34.221522,44.576712,60.823800,60.823800,60.820616,60.820616,
33.335709,42.755621,59.838959,59.838959,59.838959,59.838959,
34.583490,42.574955,53.714544,53.754396,53.794618,53.794618,
33.780296,43.618727,51.872979,51.872979,51.872979,51.872979,
34.150571,42.563861,52.791243,52.791243,52.791243,52.791243,
34.397015,45.201515,62.388892,62.384326,62.375210,62.375210,
33.608881,44.688392,52.884957,52.884957,52.884957,52.884957,
33.751429,42.855956,57.673229,57.785714,57.888207,57.888207,
34.415974,42.480467,54.920860,54.924134,54.930691,54.930691,
33.909914,43.488947,56.494880,56.570788,56.726704,56.726704,
33.757494,42.563028,57.615016,57.615396,57.615396,57.615396,
34.005215,45.252023,52.326758,52.341192,52.362932,52.362932,
34.331882,43.431381,58.622230,58.620311,58.616477,58.616477,
34.790688,44.874506,58.485756,58.515611,58.575944,58.575944,
34.711818,44.304419,51.510025,51.510025,51.510025,51.510025,
34.042783,43.656727,54.695049,54.695243,54.695243,54.695243,
35.323808,43.050924,59.868900,59.868900,59.868900,59.868900,
33.884219,43.023440,60.451560,60.451560,60.451560,60.451560,
34.191563,44.061738,61.231837,61.231837,61.288194,61.288194,
33.468305,41.717803,50.529151,50.529151,50.529151,50.529151,
35.196420,42.898663,63.306058,59.631936,56.324264,56.324264,
33.735633,41.312138,59.193591,59.202355,59.219936,59.219936,
34.211612,44.449457,63.230551,63.230551,63.230551,63.230551,
34.421848,43.346317,59.835786,59.831348,59.825015,59.825015,
35.319359,43.178494,53.469908,53.430249,53.358849,53.358849,
33.930953,44.614713,54.737398,54.942188,55.384144,55.384144,
34.796939,42.888940,59.200162,59.235377,59.235377,59.235377,
33.600328,41.541555,52.782232,52.782232,52.774238,52.774238,
34.634634,43.646921,53.700620,53.700620,53.700620,53.700620,
33.953727,43.036743,63.878126,63.878126,63.878126,63.878126,
33.617592,42.837695,54.415818,54.415818,54.415818,54.415818,
35.547135,44.290330,64.618433,64.618433,64.618433,64.618433,
34.207063,44.662331,59.877218,59.888119,59.908714,59.908714,
34.451748,43.365192,59.520197,59.520197,59.520197,59.520197,
34.957727,44.984331,64.695437,64.695437,64.695437,64.695437,
35.393061,43.788939,61.383175,61.383175,61.383175,61.383175,
32.762740,41.485999,59.014050,59.014050,59.014050,59.014050,
34.497431,42.209257,58.185381,58.185381,58.185381,58.185381,
36.453891,44.244430,57.555320,57.555320,57.555320,57.555320,
33.984200,42.589199,59.150036,59.150036,59.150036,59.150036,
34.161685,42.258946,60.041688,60.041688,60.043019,60.043019,
35.507704,43.912033,58.473686,58.481575,58.497394,58.497394,
34.739164,42.470006,54.271810,54.271810,54.271810,54.271810,
34.116447,43.529268,54.782740,54.782740,54.782740,54.782740,
34.144276,43.134233,60.893648,60.893648,60.893648,60.893648,
33.600497,44.121093,63.623459,63.623459,63.611336,63.611336,
34.071891,42.894876,61.199587,61.199587,61.199587,61.199587,
34.569436,43.764683,57.932183,57.930546,57.930546,57.930546,
33.624395,44.247723,58.487616,58.035719,57.252437,57.252437,
35.031648,43.527249,56.651702,56.651702,56.651702,56.651702,
34.871551,42.291698,54.549713,54.548962,54.546709,54.546709,
34.200353,42.445918,56.854766,56.854766,56.874931,56.874931,
33.498883,42.520704,55.816980,55.817232,55.817735,55.817735,
35.272621,44.566914,57.614635,57.608553,57.620726,57.620726,
34.037641,42.648487,52.114747,52.128492,52.163046,52.163046,
34.395675,42.478344,52.689585,52.689585,52.689585,52.689585,
33.556198,42.109433,56.068812,56.068812,56.069078,56.069078,
34.696954,43.562942,54.675671,54.676444,54.677992,54.677992,
34.867057,43.681370,54.812968,54.812968,54.812968,54.812968,
34.344775,42.823561,56.258631,56.258631,56.258631,56.258631,
34.310403,44.804037,55.846248,55.846248,55.813964,55.813964,
34.435714,44.123766,54.065046,54.065046,54.065046,54.065046,
34.558412,44.031661,59.167406,59.308922,59.455205,59.455205,
34.178310,44.001924,62.706261,62.706261,62.706261,62.706261,
34.981087,45.031270,54.017265,54.017265,54.017265,54.017265,
34.492495,43.110234,57.140507,58.834075,61.617684,61.617684,
33.846459,43.827193,59.851675,59.851675,59.851675,59.851675,
34.114124,41.905612,55.226356,55.226136,55.225697,55.225697,
35.637341,42.656739,58.054621,58.054621,58.057990,58.057990,
34.390542,45.423515,60.592721,60.592721,60.592721,60.592721,
34.153027,42.260331,55.414292,55.399649,55.370509,55.370509,
34.164261,41.722688,59.711962,59.711962,59.711962,59.711962,
34.811607,43.754537,55.685955,55.686931,55.687907,55.687907,
34.578596,43.249333,54.442855,54.442855,54.442855,54.442855,
34.714671,43.757369,58.720722,58.720722,58.720722,58.720722,
35.000292,45.320586,58.452875,58.452875,58.452875,58.452875,
34.339658,44.392406,60.662758,60.661991,60.661224,60.661224,
34.289308,43.456760,59.319611,59.319611,59.319611,59.319611,
35.303733,44.160701,60.585176,60.585176,60.585176,60.585176,
34.617784,44.147464,60.089847,59.920989,59.450559,59.450559,
33.160766,43.387009,57.924005,57.917475,57.891449,57.891449,
34.192148,44.901183,60.376911,60.564870,60.966284,60.966284,
34.438602,43.378812,59.725547,59.725547,59.725547,59.725547,
34.498403,44.075726,59.103697,59.103697,59.103697,59.103697,
34.770649,42.358859,57.909325,57.902816,57.909325,57.909325,
34.525939,45.695946,58.003150,58.009811,58.023164,58.023164,
33.842712,43.317654,59.511946,59.514302,59.519017,59.519017,
35.236699,45.783714,55.376412,56.730426,61.396785,61.396785,
33.981052,43.191512,50.967766,50.884270,50.721946,50.721946,
35.323745,45.183005,55.829319,55.829319,55.831337,55.831337,
34.718317,45.474155,54.423838,54.423838,54.423838,54.423838,
35.287099,44.103567,57.666294,57.666294,57.666294,57.666294,
34.338223,43.793008,54.542020,54.542207,54.542582,54.542582,
35.179430,43.885889,59.103161,59.103161,59.103161,59.103161,
34.301291,42.400327,53.264646,53.264646,53.264646,53.264646,
34.031351,41.851564,56.195072,56.265875,56.411040,56.411040,
34.324183,42.418892,54.006645,54.006645,54.006645,54.006645,
34.602768,43.061178,55.996144,55.996144,55.996144,55.996144,
34.379486,43.573114,60.510438,60.509697,60.508216,60.508216,
34.761759,43.505042,57.862356,57.862356,57.862356,57.862356,
33.332501,42.570369,57.982400,57.982400,57.982400,57.982400,
34.966887,43.672107,55.890523,55.890523,55.890523,55.890523,
35.231110,42.123225,58.271695,58.271695,58.271695,58.271695,
33.506474,43.426361,55.304533,55.304533,55.304086,55.304086,
35.328459,45.425215,55.695970,55.695970,55.695970,55.695970,
34.216563,43.087615,56.061623,56.061623,56.061091,56.061091,
34.122070,42.852193,53.094501,53.094501,53.100954,53.100954,
34.662464,43.868498,59.505474,59.524328,59.524328,59.524328,
34.368536,43.512876,58.532965,58.532965,58.532965,58.532965,
34.526236,42.821668,59.486116,59.486116,59.411836,59.375167,
33.969318,43.995075,59.324120,59.335412,59.369466,59.369466,
33.228188,42.616659,54.769878,54.769088,54.769088,54.769088,
34.737600,43.507657,56.268943,56.267827,56.267827,56.267827,
34.365525,42.971364,52.480292,52.480292,52.480292,52.480292,
34.474770,43.152384,58.177579,58.177579,58.177579,58.177579,
35.396317,43.513867,58.262411,58.262853,58.263736,58.263736,
34.489649,45.037087,62.089945,62.158711,62.299600,62.299600,
33.802267,43.999044,62.804418,62.804418,62.804418,62.804418,
33.422291,43.859196,60.061022,60.103995,60.191238,60.191238,
34.066711,43.066954,60.017146,60.017808,60.017146,60.017146,
34.194041,44.124481,60.993528,60.980298,60.953957,60.953957,
33.707267,44.650474,56.324264,56.323982,56.323699,56.323699,
34.082400,43.709464,54.918610,54.919428,54.921064,54.921064,
33.708789,42.114522,52.507903,52.507903,52.508021,52.508021,
33.775103,42.902839,61.860523,61.860523,61.860523,61.860523,
33.966255,42.668415,52.896365,52.896365,52.896365,52.896365,
33.516943,42.613880,58.114811,58.114811,58.114811,58.114811,
34.444576,42.941120,56.813766,56.793568,56.773463,56.773463,
33.645364,43.091681,59.036684,57.282286,55.069017,55.069017,
34.435796,43.944932,52.435736,52.435736,52.435736,52.435736,
33.304249,41.875890,56.080018,56.080018,56.080018,56.080018,
35.456919,43.595265,56.739746,56.719888,56.680443,56.680443,
33.858889,42.543625,51.997030,52.024245,52.106928,52.106928,
33.611085,43.213907,58.737932,58.737932,58.737932,58.737932,
35.323451,43.961500,57.357279,57.267863,57.177497,57.177497,
34.512734,46.189534,64.411631,64.904321,64.904321,64.904321,
33.809398,42.905668,58.952536,57.225922,55.993786,55.993786,
34.757738,43.316933,52.896878,52.896878,52.896878,52.896878,
34.991742,44.591743,60.447176,60.447176,60.447176,60.447176,
34.565988,44.482656,58.439055,58.439055,58.439055,58.439055,
34.971846,44.101093,60.045016,60.055680,60.087830,60.087830,
34.505806,43.321134,53.291695,53.291695,53.291695,53.291695,
33.793051,43.609082,59.199067,59.199067,59.199067,59.199067,
34.622946,42.637009,60.314134,60.314134,60.314134,60.314134,
34.687613,41.580960,58.179311,58.151674,58.096921,58.096921,
34.298737,43.141819,59.124650,59.264757,59.875297,59.875297,
34.871434,43.557378,58.625589,58.625589,58.625589,58.625589,
33.901610,43.167414,57.562831,57.562831,57.562831,57.562831,
34.364711,42.897199,54.032078,54.031411,54.024749,54.024749,
35.597858,44.591516,53.469469,53.469469,53.469469,53.469469,
34.722791,42.557077,50.956584,50.956748,50.956830,50.956912,
34.473288,43.020480,56.477572,56.478744,56.482259,56.482259,
35.789815,43.395439,60.162418,60.162418,60.162418,60.162418,
34.194726,41.410520,58.363825,58.366086,58.365634,58.365634,
34.111034,43.033893,55.766729,55.766729,55.766729,55.766729,
34.781179,44.050991,57.479808,57.479808,57.479808,57.479808,
33.651658,42.084096,53.321885,53.330954,53.340043,53.340043,
34.832101,44.914012,61.364192,61.364192,61.364192,61.364192,
34.779717,44.035714,62.139261,62.139261,62.139261,62.139261,
33.761942,43.018632,57.131648,57.130287,57.127566,57.127566,
35.031173,43.960418,61.803266,61.803266,61.803266,61.803266,
34.281749,43.948316,62.212107,62.142496,62.006536,62.006536,
