0.039370,0.051000,0.059209,0.064216,0.072584,0.079476,0.083933,0.084549,18.411815
0.039305,0.050966,0.059218,0.064215,0.072585,0.079475,0.083933,0.084549,18.417337
0.044237,0.054077,0.060151,0.065220,0.072985,0.079658,0.083993,0.084539,17.998514
0.044274,0.054095,0.060262,0.065310,0.072986,0.079658,0.083993,0.084539,17.995074
0.045216,0.054193,0.059309,0.063904,0.072441,0.079478,0.083818,0.084554,17.934638
0.045155,0.054174,0.059285,0.063884,0.072439,0.079478,0.083818,0.084554,17.939226
0.046260,0.056164,0.062432,0.066269,0.073763,0.080170,0.083952,0.084553,17.815558
0.046254,0.056155,0.062433,0.066320,0.073766,0.080172,0.083952,0.084553,17.816012
0.045985,0.057661,0.063019,0.066923,0.073696,0.080244,0.084058,0.084555,17.805915
0.045988,0.057667,0.063105,0.067006,0.073694,0.080245,0.084058,0.084555,17.805197
0.045990,0.057743,0.064436,0.068166,0.074040,0.080788,0.084069,0.084554,17.796956
0.046064,0.057771,0.064394,0.068115,0.074043,0.080789,0.084069,0.084554,17.791864
0.044955,0.056857,0.064262,0.067356,0.073384,0.080431,0.084083,0.084554,17.882309
0.045001,0.056870,0.064205,0.067362,0.073388,0.080433,0.084083,0.084554,17.879251
0.042127,0.054103,0.063246,0.067098,0.073046,0.080104,0.083997,0.084548,18.130251
0.042178,0.054104,0.063187,0.067047,0.073055,0.080102,0.083997,0.084548,18.126880
0.035681,0.049365,0.061782,0.065643,0.072303,0.079487,0.083831,0.084555,18.719737
0.035684,0.049357,0.061769,0.065656,0.072303,0.079489,0.083832,0.084555,18.719729
0.026312,0.040600,0.056792,0.062451,0.070381,0.078719,0.083881,0.084549,19.820282
0.026214,0.040575,0.056794,0.062471,0.070384,0.078721,0.083881,0.084549,19.831198
0.017441,0.030178,0.049827,0.059450,0.068693,0.077901,0.083415,0.084549,21.303346
0.017642,0.030245,0.049897,0.059477,0.068695,0.077903,0.083415,0.084549,21.270639
0.009359,0.016145,0.033235,0.049505,0.062849,0.074698,0.082836,0.084534,23.788069
0.009276,0.016113,0.033251,0.049466,0.062846,0.074706,0.082836,0.084534,23.812105
0.006309,0.010389,0.019483,0.032530,0.051654,0.070338,0.081902,0.084502,25.601121
0.006338,0.010375,0.019402,0.032430,0.051677,0.070327,0.081902,0.084502,25.593693
0.006099,0.010299,0.020470,0.035294,0.055929,0.073371,0.082644,0.084517,25.644393
0.006084,0.010311,0.020458,0.035252,0.055941,0.073370,0.082644,0.084517,25.649585
0.004654,0.007794,0.015838,0.026806,0.045994,0.068042,0.081838,0.084520,26.804978
0.004636,0.007776,0.015716,0.026813,0.045997,0.068043,0.081838,0.084520,26.820766
0.008755,0.015672,0.031546,0.050496,0.064777,0.075897,0.083044,0.084549,24.003854
0.008700,0.015649,0.031601,0.050518,0.064773,0.075899,0.083044,0.084549,24.019601
0.010953,0.020055,0.039687,0.057190,0.067940,0.077405,0.083289,0.084554,23.040455
0.010913,0.020053,0.039498,0.057050,0.067947,0.077407,0.083289,0.084554,23.052397
0.013201,0.025331,0.047443,0.061833,0.070674,0.078772,0.083663,0.084546,22.212895
0.013201,0.025321,0.047364,0.061762,0.070683,0.078776,0.083663,0.084546,22.214456
0.016004,0.030158,0.052212,0.064423,0.072170,0.079869,0.083979,0.084548,21.484252
0.016100,0.030146,0.052396,0.064430,0.072178,0.079871,0.083980,0.084548,21.468207
0.016244,0.030140,0.052054,0.063642,0.072276,0.080037,0.083814,0.084548,21.451468
0.016220,0.030104,0.052026,0.063582,0.072282,0.080038,0.083814,0.084548,21.456855
0.014903,0.027819,0.049886,0.063662,0.071909,0.079830,0.084074,0.084540,21.778057
0.014821,0.027781,0.049805,0.063574,0.071912,0.079830,0.084074,0.084540,21.794132
0.018027,0.031872,0.054355,0.065116,0.072523,0.079800,0.083794,0.084552,21.101579
0.017996,0.031857,0.054349,0.065070,0.072514,0.079802,0.083794,0.084552,21.106693
0.026546,0.039526,0.054345,0.062106,0.070157,0.078026,0.083436,0.084546,19.840715
0.026525,0.039524,0.054334,0.062113,0.070163,0.078025,0.083436,0.084546,19.843094
0.034442,0.047339,0.059494,0.066393,0.072452,0.079528,0.083790,0.084555,18.875425
0.034401,0.047339,0.059496,0.066474,0.072449,0.079528,0.083790,0.084555,18.878730
0.037854,0.050082,0.061169,0.066794,0.072660,0.079756,0.083834,0.084552,18.533606
0.037832,0.050079,0.061241,0.066813,0.072655,0.079762,0.083834,0.084552,18.535066
0.039858,0.051579,0.060925,0.066052,0.072442,0.079454,0.083819,0.084554,18.353907
0.039855,0.051584,0.061015,0.066062,0.072429,0.079455,0.083819,0.084554,18.353629
0.040694,0.052156,0.060868,0.066219,0.072565,0.079739,0.083779,0.084554,18.281121
0.040683,0.052152,0.060888,0.066264,0.072568,0.079741,0.083779,0.084554,18.281847
0.042123,0.053578,0.062261,0.066800,0.073292,0.079870,0.083814,0.084551,18.144561
0.042154,0.053580,0.062239,0.066755,0.073290,0.079872,0.083814,0.084551,18.142412
0.043096,0.054126,0.061185,0.065806,0.072751,0.079841,0.083831,0.084542,18.071950
0.043112,0.054129,0.061221,0.065805,0.072750,0.079837,0.083831,0.084542,18.070634
0.043373,0.054315,0.061221,0.065435,0.072151,0.079521,0.083935,0.084552,18.049708
0.043423,0.054328,0.061260,0.065469,0.072150,0.079522,0.083935,0.084552,18.045755
0.044085,0.055334,0.061364,0.066195,0.072964,0.079573,0.083777,0.084552,17.981034
0.044089,0.055338,0.061330,0.066165,0.072963,0.079572,0.083777,0.084552,17.980875
0.044075,0.055546,0.061981,0.066987,0.073645,0.079868,0.083888,0.084555,17.974385
0.044061,0.055556,0.061977,0.066999,0.073642,0.079867,0.083888,0.084555,17.975193
0.042344,0.054158,0.061219,0.066165,0.072886,0.079653,0.083777,0.084555,18.123970
0.042378,0.054172,0.061239,0.066145,0.072885,0.079653,0.083778,0.084555,18.121210
0.041680,0.053753,0.061275,0.065977,0.073294,0.079599,0.083895,0.084548,18.178494
0.041666,0.053747,0.061279,0.066004,0.073295,0.079600,0.083895,0.084548,18.179580
0.040958,0.052943,0.060925,0.066282,0.072815,0.079422,0.083901,0.084553,18.246898
0.040963,0.052930,0.060882,0.066244,0.072815,0.079421,0.083901,0.084553,18.247063
0.039543,0.051822,0.060480,0.066797,0.073073,0.079573,0.083910,0.084552,18.374050
0.039515,0.051815,0.060455,0.066808,0.073072,0.079572,0.083911,0.084552,18.376344
0.037487,0.050063,0.059972,0.065621,0.073466,0.079463,0.083954,0.084540,18.569857
0.037508,0.050070,0.060028,0.065593,0.073466,0.079462,0.083954,0.084540,18.567839
0.035106,0.047772,0.058472,0.064389,0.072480,0.079017,0.083882,0.084551,18.818572
0.035074,0.047760,0.058443,0.064368,0.072480,0.079019,0.083882,0.084551,18.821667
0.027821,0.041610,0.056216,0.063283,0.071945,0.078917,0.083773,0.084546,19.640844
0.027755,0.041587,0.056251,0.063332,0.071947,0.078916,0.083774,0.084546,19.647762
0.015269,0.025137,0.044466,0.056984,0.068346,0.077626,0.083427,0.084548,21.905783
0.015302,0.025132,0.044422,0.056959,0.068345,0.077627,0.083427,0.084548,21.900809
0.015200,0.025145,0.043963,0.056111,0.068185,0.077692,0.083638,0.084547,21.924807
0.015036,0.025169,0.044009,0.056140,0.068184,0.077691,0.083638,0.084547,21.951259
0.016518,0.027132,0.046196,0.057759,0.069587,0.077819,0.083559,0.084553,21.598934
0.016543,0.027127,0.046204,0.057743,0.069587,0.077819,0.083559,0.084553,21.595113
0.039771,0.053179,0.062590,0.067892,0.074831,0.080217,0.084049,0.084555,18.319907
0.039727,0.053165,0.062597,0.067924,0.074829,0.080217,0.084049,0.084555,18.323353
0.045419,0.057502,0.064118,0.069115,0.076235,0.080827,0.084095,0.084554,17.838502
0.045487,0.057516,0.064071,0.069085,0.076235,0.080827,0.084095,0.084554,17.834000
0.048460,0.060484,0.066350,0.071251,0.078193,0.081472,0.084084,0.084554,17.582303
0.048501,0.060508,0.066293,0.071215,0.078192,0.081472,0.084084,0.084554,17.579572
0.018291,0.024480,0.028985,0.031783,0.036543,0.040536,0.043153,0.043516,21.686660
0.018257,0.024462,0.028990,0.031783,0.036543,0.040535,0.043153,0.043516,21.692808
0.020852,0.026156,0.029509,0.032349,0.036773,0.040642,0.043188,0.043510,21.224482
0.020872,0.026166,0.029570,0.032400,0.036774,0.040642,0.043188,0.043510,21.220602
0.021372,0.026219,0.029040,0.031608,0.036460,0.040537,0.043085,0.043519,21.153417
0.021340,0.026209,0.029027,0.031597,0.036459,0.040537,0.043085,0.043519,21.158558
0.021929,0.027302,0.030782,0.032942,0.037221,0.040942,0.043164,0.043519,21.018470
0.021926,0.027297,0.030783,0.032971,0.037223,0.040943,0.043164,0.043519,21.018978
0.021782,0.028127,0.031111,0.033312,0.037183,0.040985,0.043227,0.043520,21.006614
0.021784,0.028130,0.031159,0.033359,0.037182,0.040986,0.043227,0.043520,21.005783
0.021785,0.028173,0.031907,0.034017,0.037381,0.041303,0.043233,0.043519,20.996122
0.021824,0.028188,0.031884,0.033989,0.037383,0.041304,0.043233,0.043519,20.990442
0.021234,0.027683,0.031810,0.033557,0.037003,0.041094,0.043241,0.043520,21.091954
0.021258,0.027690,0.031777,0.033561,0.037005,0.041096,0.043241,0.043520,21.088553
0.019736,0.026171,0.031238,0.033411,0.036808,0.040903,0.043190,0.043516,21.370066
0.019764,0.026171,0.031205,0.033382,0.036814,0.040902,0.043190,0.043516,21.366344
0.016380,0.023596,0.030418,0.032588,0.036381,0.040543,0.043093,0.043520,22.027398
0.016381,0.023592,0.030411,0.032595,0.036381,0.040544,0.043093,0.043520,22.027402
0.011653,0.018934,0.027647,0.030792,0.035280,0.040094,0.043122,0.043516,23.248345
0.011604,0.018921,0.027649,0.030804,0.035282,0.040095,0.043122,0.043516,23.260252
0.007375,0.013580,0.023845,0.029119,0.034317,0.039618,0.042847,0.043517,24.880368
0.007469,0.013614,0.023883,0.029133,0.034318,0.039619,0.042847,0.043517,24.845068
0.003702,0.006769,0.015128,0.023672,0.031015,0.037761,0.042506,0.043508,27.610304
0.003665,0.006754,0.015136,0.023650,0.031014,0.037765,0.042506,0.043508,27.635765
0.002395,0.004155,0.008340,0.014769,0.024835,0.035255,0.041957,0.043489,29.621507
0.002407,0.004148,0.008302,0.014718,0.024847,0.035249,0.041957,0.043489,29.614152
0.002307,0.004115,0.008811,0.016181,0.027172,0.036995,0.042393,0.043497,29.657288
0.002301,0.004120,0.008805,0.016159,0.027179,0.036995,0.042393,0.043497,29.662779
0.001713,0.003024,0.006627,0.011897,0.021787,0.033947,0.041919,0.043500,30.935331
0.001705,0.003017,0.006570,0.011901,0.021789,0.033948,0.041919,0.043500,30.952626
0.003439,0.006550,0.014270,0.024207,0.032099,0.038454,0.042629,0.043516,27.842679
0.003415,0.006539,0.014298,0.024219,0.032097,0.038455,0.042629,0.043516,27.859137
0.004404,0.008612,0.018457,0.027867,0.033889,0.039329,0.042773,0.043520,26.779934
0.004387,0.008612,0.018358,0.027790,0.033893,0.039330,0.042773,0.043520,26.793101
0.005415,0.011169,0.022563,0.030447,0.035447,0.040125,0.042993,0.043515,25.864764
0.005415,0.011164,0.022520,0.030407,0.035453,0.040127,0.042993,0.043515,25.866666
0.006704,0.013570,0.025139,0.031900,0.036305,0.040766,0.043180,0.043516,25.066170
0.006748,0.013564,0.025239,0.031904,0.036309,0.040767,0.043180,0.043516,25.048875
0.006815,0.013561,0.025052,0.031461,0.036366,0.040864,0.043083,0.043516,25.032124
0.006804,0.013543,0.025037,0.031427,0.036369,0.040864,0.043083,0.043516,25.038039
0.006194,0.012400,0.023877,0.031472,0.036155,0.040743,0.043236,0.043511,25.390051
0.006157,0.012381,0.023833,0.031423,0.036157,0.040743,0.043236,0.043511,25.407401
0.007651,0.014435,0.026308,0.032291,0.036508,0.040726,0.043070,0.043518,24.650065
0.007636,0.014427,0.026305,0.032264,0.036502,0.040727,0.043071,0.043518,24.655595
0.011769,0.018373,0.026303,0.030600,0.035152,0.039691,0.042860,0.043515,23.274461
0.011758,0.018371,0.026297,0.030603,0.035155,0.039690,0.042860,0.043515,23.277065
0.015744,0.022506,0.029143,0.033012,0.036466,0.040566,0.043069,0.043520,22.202125
0.015723,0.022507,0.029144,0.033058,0.036465,0.040566,0.043069,0.043520,22.205752
0.017503,0.023983,0.030076,0.033239,0.036586,0.040700,0.043094,0.043518,21.821306
0.017491,0.023982,0.030116,0.033250,0.036584,0.040703,0.043095,0.043518,21.822892
0.018546,0.024795,0.029940,0.032819,0.036461,0.040523,0.043085,0.043520,21.621193
0.018544,0.024797,0.029990,0.032824,0.036453,0.040524,0.043085,0.043520,21.620849
0.018983,0.025108,0.029908,0.032913,0.036531,0.040690,0.043062,0.043520,21.539973
0.018978,0.025106,0.029919,0.032939,0.036533,0.040691,0.043062,0.043520,21.540771
0.019734,0.025883,0.030686,0.033242,0.036950,0.040766,0.043083,0.043518,21.386695
0.019751,0.025884,0.030674,0.033217,0.036949,0.040768,0.043082,0.043518,21.384316
0.020248,0.026183,0.030085,0.032680,0.036639,0.040749,0.043093,0.043513,21.305963
0.020256,0.026184,0.030105,0.032679,0.036638,0.040747,0.043093,0.043513,21.304487
0.020394,0.026286,0.030105,0.032471,0.036294,0.040563,0.043154,0.043518,21.281113
0.020421,0.026293,0.030126,0.032490,0.036294,0.040563,0.043154,0.043518,21.276690
0.020772,0.026845,0.030185,0.032900,0.036761,0.040593,0.043061,0.043519,21.203826
0.020774,0.026848,0.030166,0.032883,0.036761,0.040592,0.043061,0.043519,21.203656
0.020766,0.026962,0.030530,0.033348,0.037153,0.040765,0.043126,0.043520,21.196032
0.020759,0.026967,0.030527,0.033355,0.037151,0.040765,0.043126,0.043520,21.196925
0.019851,0.026201,0.030104,0.032883,0.036716,0.040639,0.043061,0.043520,21.363761
0.019869,0.026208,0.030115,0.032872,0.036716,0.040639,0.043061,0.043520,21.360678
0.019501,0.025979,0.030135,0.032777,0.036951,0.040608,0.043131,0.043516,21.424645
0.019494,0.025976,0.030137,0.032792,0.036951,0.040608,0.043131,0.043516,21.425852
0.019122,0.025537,0.029940,0.032949,0.036676,0.040505,0.043134,0.043519,21.501335
0.019124,0.025529,0.029916,0.032928,0.036675,0.040504,0.043134,0.043519,21.501546
0.018381,0.024926,0.029692,0.033240,0.036824,0.040593,0.043140,0.043518,21.643372
0.018367,0.024923,0.029678,0.033247,0.036823,0.040592,0.043140,0.043518,21.645928
0.017312,0.023973,0.029409,0.032576,0.037050,0.040528,0.043165,0.043511,21.862012
0.017323,0.023977,0.029440,0.032560,0.037050,0.040528,0.043165,0.043511,21.859755
0.016084,0.022739,0.028576,0.031881,0.036483,0.040268,0.043123,0.043518,22.139787
0.016068,0.022733,0.028560,0.031869,0.036483,0.040269,0.043123,0.043518,22.143227
0.012401,0.019465,0.027330,0.031259,0.036176,0.040210,0.043059,0.043515,23.051351
0.012368,0.019452,0.027349,0.031286,0.036177,0.040209,0.043059,0.043515,23.058899
0.006363,0.011074,0.020974,0.027754,0.034120,0.039458,0.042855,0.043516,25.548665
0.006379,0.011071,0.020950,0.027740,0.034119,0.039458,0.042855,0.043516,25.543451
0.006332,0.011078,0.020707,0.027272,0.034028,0.039496,0.042979,0.043515,25.570328
0.006256,0.011090,0.020731,0.027288,0.034027,0.039496,0.042979,0.043515,25.598430
0.006943,0.012059,0.021895,0.028181,0.034826,0.039570,0.042932,0.043519,25.211365
0.006955,0.012056,0.021899,0.028172,0.034826,0.039570,0.042932,0.043519,25.207280
0.018500,0.025665,0.030871,0.033862,0.037837,0.040969,0.043221,0.043520,21.581248
0.018478,0.025658,0.030874,0.033880,0.037837,0.040969,0.043222,0.043520,21.585069
0.021481,0.028040,0.031728,0.034557,0.038650,0.041326,0.043248,0.043520,21.042538
0.021517,0.028047,0.031702,0.034541,0.038650,0.041326,0.043248,0.043520,21.037528
0.023108,0.029694,0.032988,0.035778,0.039787,0.041704,0.043242,0.043519,20.754091
0.023131,0.029707,0.032955,0.035757,0.039787,0.041704,0.043242,0.043519,20.751042
0.006787,0.009275,0.011123,0.012285,0.014283,0.015982,0.017105,0.017261,25.956640
0.006773,0.009268,0.011125,0.012284,0.014284,0.015981,0.017105,0.017261,25.963181
0.007809,0.009959,0.011340,0.012521,0.014381,0.016027,0.017120,0.017258,25.463493
0.007817,0.009963,0.011365,0.012542,0.014381,0.016027,0.017120,0.017258,25.459328
0.008018,0.009985,0.011146,0.012211,0.014248,0.015982,0.017075,0.017262,25.387931
0.008005,0.009981,0.011140,0.012207,0.014248,0.015982,0.017075,0.017262,25.393423
0.008242,0.010429,0.011868,0.012768,0.014571,0.016155,0.017109,0.017262,25.242670
0.008241,0.010427,0.011868,0.012781,0.014571,0.016156,0.017109,0.017262,25.243212
0.008183,0.010769,0.012005,0.012923,0.014554,0.016174,0.017136,0.017263,25.229256
0.008183,0.010770,0.012025,0.012943,0.014554,0.016174,0.017136,0.017263,25.228349
0.008184,0.010788,0.012336,0.013219,0.014638,0.016310,0.017139,0.017262,25.217719
0.008200,0.010794,0.012326,0.013207,0.014639,0.016311,0.017139,0.017262,25.211667
0.007962,0.010586,0.012296,0.013026,0.014478,0.016221,0.017143,0.017262,25.320243
0.007972,0.010589,0.012282,0.013028,0.014479,0.016221,0.017143,0.017262,25.316628
0.007362,0.009965,0.012058,0.012965,0.014396,0.016139,0.017121,0.017261,25.617587
0.007373,0.009965,0.012044,0.012953,0.014398,0.016138,0.017121,0.017261,25.613650
0.006031,0.008916,0.011717,0.012620,0.014215,0.015984,0.017079,0.017263,26.317673
0.006032,0.008914,0.011714,0.012624,0.014215,0.015985,0.017079,0.017263,26.317686
0.004194,0.007042,0.010571,0.011872,0.013750,0.015793,0.017091,0.017261,27.613850
0.004175,0.007037,0.010572,0.011877,0.013751,0.015793,0.017091,0.017261,27.626351
0.002578,0.004937,0.009017,0.011178,0.013345,0.015590,0.016973,0.017261,29.337568
0.002613,0.004950,0.009033,0.011184,0.013346,0.015590,0.016973,0.017261,29.300754
0.001240,0.002353,0.005540,0.008947,0.011965,0.014799,0.016826,0.017257,32.218672
0.001227,0.002348,0.005543,0.008938,0.011964,0.014801,0.016826,0.017257,32.244895
0.000782,0.001402,0.002938,0.005400,0.009420,0.013740,0.016590,0.017249,34.355690
0.000786,0.001400,0.002923,0.005380,0.009425,0.013737,0.016590,0.017249,34.348480
0.000752,0.001388,0.003114,0.005953,0.010376,0.014475,0.016778,0.017253,34.384949
0.000750,0.001389,0.003112,0.005944,0.010379,0.014475,0.016778,0.017253,34.390606
0.000548,0.001001,0.002301,0.004288,0.008185,0.013190,0.016574,0.017254,35.736761
0.000546,0.000999,0.002280,0.004289,0.008185,0.013190,0.016574,0.017254,35.754977
0.001147,0.002272,0.005205,0.009164,0.012416,0.015094,0.016879,0.017261,32.460599
0.001139,0.002268,0.005216,0.009169,0.012415,0.015094,0.016879,0.017261,32.477390
0.001491,0.003040,0.006852,0.010662,0.013165,0.015467,0.016941,0.017262,31.335822
0.001485,0.003040,0.006813,0.010630,0.013167,0.015467,0.016941,0.017262,31.349769
0.001857,0.004009,0.008498,0.011728,0.013821,0.015806,0.017036,0.017260,30.365834
0.001857,0.004007,0.008481,0.011712,0.013823,0.015807,0.017036,0.017260,30.367976
0.002329,0.004933,0.009543,0.012333,0.014183,0.016080,0.017116,0.017261,29.524445
0.002346,0.004931,0.009584,0.012335,0.014185,0.016080,0.017116,0.017261,29.506412
0.002370,0.004930,0.009508,0.012150,0.014209,0.016122,0.017074,0.017261,29.489901
0.002366,0.004923,0.009502,0.012136,0.014210,0.016122,0.017074,0.017261,29.496140
0.002142,0.004481,0.009030,0.012155,0.014119,0.016070,0.017140,0.017259,29.866941
0.002128,0.004474,0.009012,0.012134,0.014120,0.016070,0.017140,0.017259,29.885040
0.002680,0.005270,0.010022,0.012496,0.014269,0.016063,0.017069,0.017262,29.088320
0.002675,0.005267,0.010020,0.012485,0.014266,0.016063,0.017069,0.017262,29.094094
0.004238,0.006819,0.010019,0.011792,0.013696,0.015621,0.016978,0.017260,27.644001
0.004234,0.006819,0.010017,0.011794,0.013698,0.015620,0.016978,0.017260,27.646742
0.005781,0.008475,0.011188,0.012798,0.014251,0.015995,0.017068,0.017263,26.504565
0.005773,0.008475,0.011189,0.012817,0.014251,0.015995,0.017068,0.017263,26.508386
0.006474,0.009073,0.011574,0.012893,0.014302,0.016052,0.017079,0.017262,26.099200
0.006469,0.009072,0.011591,0.012897,0.014301,0.016053,0.017079,0.017262,26.100859
0.006888,0.009403,0.011518,0.012717,0.014249,0.015976,0.017076,0.017262,25.886272
0.006887,0.009404,0.011539,0.012719,0.014246,0.015976,0.017075,0.017262,25.885881
0.007062,0.009531,0.011505,0.012757,0.014279,0.016047,0.017065,0.017262,25.799732
0.007060,0.009530,0.011509,0.012767,0.014279,0.016048,0.017065,0.017262,25.800574
0.007361,0.009848,0.011828,0.012894,0.014456,0.016080,0.017074,0.017262,25.635777
0.007368,0.009848,0.011823,0.012884,0.014455,0.016081,0.017074,0.017262,25.633256
0.007567,0.009970,0.011578,0.012659,0.014324,0.016073,0.017079,0.017259,25.549975
0.007570,0.009971,0.011587,0.012659,0.014324,0.016072,0.017079,0.017259,25.548397
0.007625,0.010013,0.011587,0.012571,0.014178,0.015993,0.017105,0.017262,25.523478
0.007636,0.010015,0.011596,0.012579,0.014178,0.015993,0.017105,0.017262,25.518757
0.007777,0.010242,0.011620,0.012751,0.014376,0.016006,0.017065,0.017262,25.440663
0.007777,0.010243,0.011612,0.012744,0.014376,0.016006,0.017065,0.017262,25.440489
0.007774,0.010289,0.011763,0.012939,0.014542,0.016080,0.017093,0.017263,25.432090
0.007771,0.010292,0.011762,0.012941,0.014541,0.016079,0.017093,0.017263,25.433036
0.007408,0.009977,0.011586,0.012744,0.014357,0.016026,0.017065,0.017263,25.611379
0.007415,0.009980,0.011591,0.012739,0.014357,0.016026,0.017065,0.017263,25.608093
0.007268,0.009887,0.011599,0.012699,0.014456,0.016012,0.017095,0.017261,25.676281
0.007265,0.009885,0.011600,0.012706,0.014456,0.016013,0.017095,0.017261,25.677563
0.007117,0.009706,0.011518,0.012772,0.014340,0.015968,0.017096,0.017262,25.758247
0.007118,0.009703,0.011508,0.012763,0.014339,0.015968,0.017096,0.017262,25.758492
0.006822,0.009457,0.011415,0.012894,0.014402,0.016006,0.017099,0.017262,25.909695
0.006817,0.009455,0.011410,0.012896,0.014402,0.016006,0.017099,0.017262,25.912415
0.006399,0.009069,0.011298,0.012615,0.014498,0.015978,0.017110,0.017259,26.142767
0.006403,0.009071,0.011311,0.012609,0.014498,0.015978,0.017110,0.017259,26.140358
0.005915,0.008569,0.010954,0.012325,0.014258,0.015867,0.017092,0.017262,26.438930
0.005909,0.008566,0.010947,0.012320,0.014258,0.015867,0.017092,0.017262,26.442588
0.004481,0.007254,0.010441,0.012066,0.014128,0.015842,0.017064,0.017260,27.406157
0.004469,0.007249,0.010449,0.012078,0.014129,0.015842,0.017064,0.017260,27.414081
0.002204,0.003972,0.007858,0.010615,0.013262,0.015521,0.016976,0.017261,30.047194
0.002209,0.003971,0.007848,0.010609,0.013262,0.015521,0.016976,0.017261,30.041866
0.002192,0.003974,0.007751,0.010417,0.013224,0.015538,0.017030,0.017261,30.070626
0.002164,0.003978,0.007760,0.010424,0.013224,0.015537,0.017030,0.017261,30.099622
0.002418,0.004350,0.008228,0.010791,0.013559,0.015569,0.017010,0.017262,29.691154
0.002422,0.004349,0.008230,0.010787,0.013559,0.015569,0.017010,0.017262,29.686920
0.006870,0.009758,0.011905,0.013154,0.014832,0.016167,0.017134,0.017263,25.842281
0.006861,0.009755,0.011906,0.013162,0.014832,0.016167,0.017134,0.017263,25.846335
0.008061,0.010733,0.012262,0.013446,0.015177,0.016320,0.017146,0.017262,25.267209
0.008076,0.010736,0.012251,0.013439,0.015177,0.016320,0.017146,0.017262,25.261881
0.008718,0.011416,0.012788,0.013960,0.015662,0.016482,0.017143,0.017262,24.958048
0.008727,0.011422,0.012774,0.013951,0.015662,0.016482,0.017143,0.017262,24.954799
0.001932,0.002666,0.003217,0.003565,0.004166,0.004681,0.005023,0.005070,31.395975
0.001928,0.002664,0.003217,0.003565,0.004166,0.004681,0.005023,0.005070,31.402696
0.002233,0.002870,0.003281,0.003635,0.004196,0.004695,0.005027,0.005070,30.888555
0.002235,0.002871,0.003289,0.003642,0.004196,0.004695,0.005027,0.005070,30.884258
0.002294,0.002877,0.003223,0.003543,0.004156,0.004681,0.005014,0.005071,30.810937
0.002290,0.002876,0.003222,0.003541,0.004156,0.004681,0.005014,0.005071,30.816591
0.002360,0.003010,0.003440,0.003710,0.004253,0.004734,0.005024,0.005071,30.660852
0.002360,0.003009,0.003440,0.003714,0.004253,0.004734,0.005024,0.005071,30.661411
0.002343,0.003111,0.003481,0.003756,0.004248,0.004739,0.005032,0.005071,30.646678
0.002343,0.003111,0.003487,0.003762,0.004248,0.004739,0.005032,0.005071,30.645736
0.002343,0.003116,0.003580,0.003846,0.004274,0.004781,0.005033,0.005071,30.634639
0.002348,0.003118,0.003577,0.003842,0.004274,0.004781,0.005033,0.005071,30.628417
0.002278,0.003056,0.003568,0.003787,0.004225,0.004754,0.005034,0.005071,30.740260
0.002281,0.003057,0.003564,0.003788,0.004226,0.004754,0.005034,0.005071,30.736549
0.002101,0.002871,0.003496,0.003769,0.004200,0.004729,0.005027,0.005070,31.046498
0.002104,0.002871,0.003492,0.003765,0.004201,0.004729,0.005027,0.005070,31.042465
0.001711,0.002560,0.003394,0.003665,0.004146,0.004682,0.005015,0.005071,31.766226
0.001711,0.002559,0.003393,0.003666,0.004146,0.004682,0.005015,0.005071,31.766244
0.001177,0.002007,0.003052,0.003441,0.004006,0.004624,0.005019,0.005070,33.096808
0.001172,0.002006,0.003052,0.003442,0.004006,0.004624,0.005019,0.005070,33.109573
0.000714,0.001392,0.002590,0.003233,0.003883,0.004562,0.004982,0.005070,34.862108
0.000724,0.001396,0.002594,0.003235,0.003884,0.004562,0.004982,0.005070,34.824630
0.000337,0.000650,0.001568,0.002569,0.003469,0.004322,0.004938,0.005069,37.811838
0.000333,0.000649,0.001569,0.002566,0.003468,0.004323,0.004938,0.005069,37.838377
0.000210,0.000382,0.000816,0.001527,0.002709,0.004002,0.004866,0.005067,40.006995
0.000211,0.000381,0.000812,0.001521,0.002711,0.004002,0.004866,0.005067,39.999877
0.000202,0.000378,0.000867,0.001688,0.002994,0.004224,0.004923,0.005068,40.032746
0.000201,0.000379,0.000866,0.001686,0.002995,0.004224,0.004923,0.005068,40.038474
0.000146,0.000270,0.000635,0.001204,0.002344,0.003837,0.004861,0.005068,41.418430
0.000145,0.000270,0.000629,0.001205,0.002344,0.003837,0.004861,0.005068,41.437062
0.000311,0.000627,0.001470,0.002633,0.003604,0.004412,0.004954,0.005070,38.057910
0.000309,0.000626,0.001473,0.002635,0.003604,0.004412,0.004954,0.005070,38.074822
0.000407,0.000846,0.001951,0.003079,0.003829,0.004525,0.004973,0.005071,36.904756
0.000405,0.000846,0.001940,0.003069,0.003830,0.004525,0.004973,0.005071,36.919064
0.000510,0.001124,0.002436,0.003398,0.004027,0.004628,0.005002,0.005070,35.909665
0.000510,0.001123,0.002431,0.003393,0.004027,0.004628,0.005002,0.005070,35.911923
0.000643,0.001391,0.002746,0.003579,0.004136,0.004711,0.005026,0.005070,35.048937
0.000648,0.001391,0.002758,0.003580,0.004137,0.004711,0.005026,0.005070,35.030577
0.000655,0.001390,0.002736,0.003524,0.004144,0.004724,0.005013,0.005070,35.014242
0.000654,0.001388,0.002734,0.003520,0.004144,0.004724,0.005013,0.005070,35.020628
0.000590,0.001260,0.002594,0.003526,0.004117,0.004708,0.005033,0.005070,35.399900
0.000586,0.001258,0.002588,0.003519,0.004117,0.004708,0.005033,0.005070,35.418331
0.000743,0.001489,0.002888,0.003628,0.004162,0.004706,0.005012,0.005071,34.603880
0.000742,0.001488,0.002888,0.003625,0.004161,0.004706,0.005012,0.005071,34.609762
0.001190,0.001942,0.002887,0.003417,0.003989,0.004571,0.004984,0.005070,33.128937
0.001189,0.001941,0.002887,0.003417,0.003990,0.004571,0.004984,0.005070,33.131738
0.001638,0.002429,0.003236,0.003719,0.004157,0.004685,0.005012,0.005071,31.958753
0.001636,0.002429,0.003236,0.003724,0.004157,0.004685,0.005012,0.005071,31.962661
0.001841,0.002606,0.003352,0.003747,0.004172,0.004702,0.005015,0.005071,31.542120
0.001839,0.002606,0.003357,0.003749,0.004172,0.004703,0.005015,0.005071,31.543809
0.001962,0.002704,0.003335,0.003694,0.004156,0.004679,0.005014,0.005071,31.323318
0.001962,0.002705,0.003341,0.003695,0.004155,0.004679,0.005014,0.005071,31.322903
0.002013,0.002742,0.003331,0.003706,0.004165,0.004701,0.005011,0.005071,31.234333
0.002012,0.002742,0.003332,0.003710,0.004165,0.004701,0.005011,0.005071,31.235194
0.002101,0.002836,0.003428,0.003748,0.004219,0.004711,0.005013,0.005070,31.065433
0.002103,0.002837,0.003426,0.003744,0.004218,0.004711,0.005013,0.005070,31.062848
0.002161,0.002873,0.003353,0.003677,0.004179,0.004709,0.005015,0.005070,30.977316
0.002162,0.002873,0.003355,0.003677,0.004179,0.004708,0.005015,0.005070,30.975691
0.002179,0.002885,0.003355,0.003651,0.004135,0.004684,0.005023,0.005071,30.950061
0.002182,0.002886,0.003358,0.003653,0.004135,0.004684,0.005023,0.005071,30.945202
0.002223,0.002954,0.003365,0.003705,0.004194,0.004688,0.005010,0.005071,30.864681
0.002223,0.002954,0.003363,0.003703,0.004194,0.004688,0.005010,0.005071,30.864504
0.002223,0.002968,0.003408,0.003761,0.004245,0.004711,0.005019,0.005071,30.855733
0.002222,0.002969,0.003408,0.003762,0.004244,0.004711,0.005019,0.005071,30.856702
0.002115,0.002875,0.003355,0.003703,0.004189,0.004694,0.005011,0.005071,31.040367
0.002117,0.002876,0.003357,0.003701,0.004189,0.004694,0.005011,0.005071,31.036987
0.002074,0.002848,0.003359,0.003689,0.004219,0.004690,0.005020,0.005070,31.107116
0.002073,0.002848,0.003359,0.003691,0.004219,0.004690,0.005020,0.005070,31.108434
0.002029,0.002794,0.003335,0.003711,0.004183,0.004677,0.005020,0.005071,31.191522
0.002029,0.002793,0.003332,0.003708,0.004183,0.004677,0.005020,0.005071,31.191783
0.001943,0.002720,0.003304,0.003747,0.004202,0.004688,0.005021,0.005071,31.347301
0.001941,0.002720,0.003302,0.003748,0.004202,0.004688,0.005021,0.005071,31.350096
0.001818,0.002605,0.003269,0.003664,0.004231,0.004680,0.005024,0.005070,31.587015
0.001820,0.002606,0.003273,0.003662,0.004231,0.004680,0.005024,0.005070,31.584536
0.001677,0.002457,0.003166,0.003577,0.004159,0.004646,0.005019,0.005070,31.891648
0.001675,0.002456,0.003164,0.003575,0.004159,0.004646,0.005019,0.005070,31.895406
0.001260,0.002069,0.003013,0.003499,0.004120,0.004639,0.005010,0.005070,32.884295
0.001257,0.002068,0.003015,0.003502,0.004120,0.004639,0.005010,0.005070,32.892385
0.000608,0.001113,0.002247,0.003065,0.003858,0.004541,0.004983,0.005070,35.590691
0.000609,0.001113,0.002244,0.003063,0.003858,0.004541,0.004983,0.005070,35.585321
0.000604,0.001114,0.002216,0.003006,0.003847,0.004546,0.005000,0.005070,35.614968
0.000597,0.001115,0.002218,0.003008,0.003847,0.004546,0.005000,0.005070,35.644335
0.000668,0.001222,0.002356,0.003118,0.003948,0.004556,0.004994,0.005071,35.226152
0.000670,0.001222,0.002357,0.003116,0.003948,0.004556,0.004994,0.005071,35.221855
0.001956,0.002810,0.003451,0.003826,0.004332,0.004737,0.005032,0.005071,31.277385
0.001954,0.002809,0.003451,0.003828,0.004332,0.004737,0.005032,0.005071,31.281546
0.002307,0.003100,0.003558,0.003914,0.004437,0.004784,0.005035,0.005071,30.685542
0.002311,0.003101,0.003554,0.003912,0.004437,0.004784,0.005035,0.005071,30.680069
0.002501,0.003304,0.003716,0.004069,0.004584,0.004833,0.005034,0.005071,30.366759
0.002504,0.003306,0.003712,0.004066,0.004584,0.004833,0.005034,0.005071,30.363418
0.000390,0.000540,0.000652,0.000724,0.000847,0.000953,0.001024,0.001033,38.342859
0.000389,0.000539,0.000652,0.000724,0.000847,0.000953,0.001024,0.001033,38.349640
0.000451,0.000581,0.000666,0.000738,0.000853,0.000956,0.001025,0.001033,37.830730
0.000451,0.000581,0.000667,0.000739,0.000853,0.000956,0.001025,0.001033,37.826389
0.000464,0.000583,0.000654,0.000719,0.000845,0.000953,0.001022,0.001034,37.752436
0.000463,0.000582,0.000653,0.000719,0.000845,0.000953,0.001022,0.001034,37.758144
0.000477,0.000610,0.000698,0.000753,0.000865,0.000964,0.001024,0.001034,37.600750
0.000477,0.000610,0.000698,0.000754,0.000865,0.000964,0.001024,0.001034,37.601314
0.000474,0.000631,0.000706,0.000763,0.000864,0.000965,0.001026,0.001034,37.586319
0.000474,0.000631,0.000708,0.000764,0.000864,0.000965,0.001026,0.001034,37.585364
0.000474,0.000632,0.000727,0.000781,0.000869,0.000974,0.001026,0.001034,37.574111
0.000475,0.000632,0.000726,0.000781,0.000869,0.000974,0.001026,0.001034,37.567832
0.000460,0.000619,0.000724,0.000769,0.000859,0.000968,0.001026,0.001034,37.680757
0.000461,0.000620,0.000723,0.000769,0.000859,0.000968,0.001026,0.001034,37.677013
0.000424,0.000582,0.000710,0.000766,0.000854,0.000963,0.001025,0.001033,37.989933
0.000425,0.000582,0.000709,0.000765,0.000854,0.000963,0.001025,0.001033,37.985868
0.000345,0.000518,0.000689,0.000744,0.000843,0.000953,0.001022,0.001034,38.716133
0.000345,0.000518,0.000688,0.000744,0.000843,0.000953,0.001022,0.001034,38.716153
0.000236,0.000405,0.000618,0.000698,0.000814,0.000941,0.001023,0.001033,40.058032
0.000235,0.000405,0.000619,0.000698,0.000814,0.000941,0.001023,0.001033,40.070883
0.000143,0.000280,0.000524,0.000656,0.000789,0.000929,0.001015,0.001033,41.836962
0.000145,0.000281,0.000525,0.000656,0.000789,0.000929,0.001015,0.001033,41.799269
0.000067,0.000130,0.000316,0.000520,0.000704,0.000879,0.001006,0.001033,44.809195
0.000066,0.000130,0.000316,0.000519,0.000704,0.000879,0.001006,0.001033,44.835832
0.000042,0.000076,0.000163,0.000307,0.000548,0.000814,0.000991,0.001033,47.023562
0.000042,0.000076,0.000163,0.000306,0.000549,0.000813,0.000991,0.001033,47.016479
0.000040,0.000075,0.000174,0.000340,0.000607,0.000859,0.001003,0.001033,47.048084
0.000040,0.000075,0.000173,0.000340,0.000607,0.000859,0.001003,0.001033,47.053834
0.000029,0.000054,0.000127,0.000242,0.000474,0.000779,0.000990,0.001033,48.444930
0.000029,0.000053,0.000126,0.000242,0.000474,0.000779,0.000990,0.001033,48.463698
0.000062,0.000125,0.000296,0.000533,0.000732,0.000898,0.001009,0.001033,45.056598
0.000061,0.000125,0.000296,0.000533,0.000732,0.000898,0.001009,0.001033,45.073546
0.000081,0.000169,0.000394,0.000624,0.000778,0.000921,0.001013,0.001034,43.894108
0.000081,0.000169,0.000391,0.000622,0.000778,0.000921,0.001013,0.001034,43.908535
0.000102,0.000226,0.000493,0.000689,0.000819,0.000942,0.001019,0.001033,42.890754
0.000102,0.000225,0.000491,0.000688,0.000819,0.000942,0.001019,0.001033,42.893052
0.000128,0.000280,0.000556,0.000727,0.000841,0.000959,0.001024,0.001033,42.023697
0.000129,0.000280,0.000558,0.000727,0.000841,0.000959,0.001024,0.001033,42.005232
0.000131,0.000280,0.000554,0.000715,0.000843,0.000962,0.001022,0.001033,41.988965
0.000131,0.000279,0.000553,0.000714,0.000843,0.000962,0.001022,0.001033,41.995399
0.000118,0.000253,0.000525,0.000716,0.000837,0.000959,0.001026,0.001033,42.377440
0.000117,0.000253,0.000524,0.000714,0.000837,0.000959,0.001026,0.001033,42.395978
0.000149,0.000300,0.000585,0.000737,0.000846,0.000958,0.001021,0.001034,41.575734
0.000148,0.000299,0.000585,0.000736,0.000846,0.000958,0.001021,0.001034,41.581651
0.000239,0.000392,0.000585,0.000693,0.000811,0.000931,0.001016,0.001033,40.090830
0.000239,0.000392,0.000585,0.000693,0.000811,0.000931,0.001016,0.001033,40.093652
0.000330,0.000491,0.000656,0.000755,0.000845,0.000954,0.001021,0.001034,38.910525
0.000329,0.000491,0.000656,0.000756,0.000845,0.000954,0.001021,0.001034,38.914461
0.000371,0.000527,0.000680,0.000761,0.000848,0.000958,0.001022,0.001034,38.490178
0.000371,0.000527,0.000681,0.000761,0.000848,0.000958,0.001022,0.001034,38.491878
0.000396,0.000547,0.000676,0.000750,0.000845,0.000953,0.001022,0.001034,38.269443
0.000396,0.000547,0.000678,0.000750,0.000845,0.000953,0.001022,0.001034,38.269020
0.000406,0.000555,0.000676,0.000753,0.000847,0.000957,0.001021,0.001034,38.179652
0.000406,0.000555,0.000676,0.000753,0.000847,0.000957,0.001021,0.001034,38.180520
0.000424,0.000574,0.000695,0.000761,0.000858,0.000959,0.001022,0.001034,38.009118
0.000425,0.000574,0.000695,0.000761,0.000858,0.000959,0.001022,0.001034,38.006511
0.000436,0.000582,0.000680,0.000747,0.000850,0.000959,0.001022,0.001033,37.920239
0.000437,0.000582,0.000681,0.000747,0.000850,0.000959,0.001022,0.001033,37.918598
0.000440,0.000584,0.000681,0.000741,0.000841,0.000954,0.001024,0.001034,37.892734
0.000441,0.000585,0.000681,0.000742,0.000841,0.000954,0.001024,0.001034,37.887830
0.000449,0.000598,0.000683,0.000752,0.000853,0.000955,0.001021,0.001034,37.806505
0.000449,0.000598,0.000682,0.000752,0.000853,0.000955,0.001021,0.001034,37.806328
0.000449,0.000601,0.000691,0.000764,0.000863,0.000959,0.001023,0.001034,37.797432
0.000449,0.000601,0.000691,0.000764,0.000863,0.000959,0.001023,0.001034,37.798409
0.000427,0.000582,0.000681,0.000752,0.000852,0.000956,0.001021,0.001034,37.983832
0.000427,0.000582,0.000681,0.000752,0.000852,0.000956,0.001021,0.001034,37.980421
0.000419,0.000577,0.000681,0.000749,0.000858,0.000955,0.001023,0.001033,38.051190
0.000418,0.000577,0.000681,0.000750,0.000858,0.000955,0.001023,0.001033,38.052519
0.000410,0.000566,0.000676,0.000754,0.000851,0.000952,0.001023,0.001034,38.136402
0.000410,0.000566,0.000676,0.000753,0.000851,0.000952,0.001023,0.001034,38.136668
0.000392,0.000551,0.000670,0.000761,0.000855,0.000955,0.001023,0.001034,38.293609
0.000392,0.000551,0.000670,0.000761,0.000855,0.000955,0.001023,0.001034,38.296429
0.000367,0.000527,0.000663,0.000744,0.000861,0.000953,0.001024,0.001033,38.535513
0.000367,0.000527,0.000664,0.000744,0.000861,0.000953,0.001024,0.001033,38.533011
0.000338,0.000497,0.000642,0.000726,0.000846,0.000946,0.001023,0.001034,38.842941
0.000337,0.000497,0.000641,0.000726,0.000846,0.000946,0.001023,0.001034,38.846732
0.000253,0.000418,0.000611,0.000710,0.000838,0.000944,0.001021,0.001033,39.843944
0.000252,0.000417,0.000611,0.000711,0.000838,0.000944,0.001021,0.001033,39.852088
0.000121,0.000223,0.000454,0.000621,0.000784,0.000924,0.001016,0.001033,42.571787
0.000122,0.000223,0.000453,0.000621,0.000784,0.000924,0.001016,0.001033,42.566405
0.000121,0.000224,0.000448,0.000609,0.000782,0.000925,0.001019,0.001033,42.596347
0.000119,0.000224,0.000448,0.000609,0.000782,0.000925,0.001019,0.001033,42.625833
0.000134,0.000246,0.000476,0.000632,0.000802,0.000927,0.001018,0.001034,42.204464
0.000134,0.000245,0.000476,0.000632,0.000802,0.000927,0.001018,0.001034,42.200147
0.000395,0.000569,0.000700,0.000777,0.000881,0.000965,0.001025,0.001034,38.222858
0.000394,0.000569,0.000700,0.000778,0.000881,0.000965,0.001025,0.001034,38.227054
0.000466,0.000628,0.000722,0.000795,0.000903,0.000974,0.001026,0.001034,37.625479
0.000467,0.000629,0.000721,0.000795,0.000903,0.000974,0.001026,0.001034,37.619959
0.000506,0.000670,0.000755,0.000827,0.000933,0.000985,0.001026,0.001034,37.303511
0.000506,0.000671,0.000754,0.000827,0.000933,0.000985,0.001026,0.001034,37.300140
