0.044909,0.055619,0.062928,0.067302,0.074493,0.080315,0.084038,0.084550,17.911685
0.044848,0.055589,0.062936,0.067302,0.074493,0.080314,0.084038,0.084550,17.916302
0.049448,0.058380,0.063756,0.068173,0.074834,0.080467,0.084088,0.084541,17.567376
0.049483,0.058396,0.063853,0.068251,0.074835,0.080468,0.084088,0.084541,17.564532
0.050351,0.058484,0.063016,0.067031,0.074370,0.080317,0.083942,0.084554,17.513814
0.050295,0.058467,0.062995,0.067014,0.074369,0.080317,0.083942,0.084554,17.517634
0.051310,0.060238,0.065750,0.069080,0.075495,0.080897,0.084053,0.084553,17.415812
0.051305,0.060230,0.065752,0.069124,0.075497,0.080898,0.084054,0.084553,17.416191
0.051058,0.061563,0.066262,0.069644,0.075438,0.080959,0.084142,0.084555,17.408595
0.051060,0.061568,0.066337,0.069715,0.075436,0.080960,0.084142,0.084555,17.408016
0.051063,0.061636,0.067494,0.070714,0.075730,0.081414,0.084151,0.084554,17.401467
0.051130,0.061661,0.067457,0.070670,0.075732,0.081415,0.084151,0.084554,17.397206
0.050112,0.060852,0.067343,0.070017,0.075173,0.081115,0.084163,0.084554,17.472430
0.050154,0.060864,0.067293,0.070022,0.075176,0.081117,0.084163,0.084554,17.469862
0.047491,0.058404,0.066459,0.069795,0.074885,0.080841,0.084091,0.084549,17.678557
0.047539,0.058404,0.066408,0.069751,0.074893,0.080840,0.084091,0.084549,17.675710
0.041404,0.054141,0.065183,0.068539,0.074254,0.080324,0.083953,0.084555,18.170637
0.041406,0.054134,0.065172,0.068550,0.074253,0.080326,0.083954,0.084555,18.170620
0.032195,0.046065,0.060795,0.065767,0.072614,0.079679,0.083995,0.084550,19.091224
0.032096,0.046041,0.060797,0.065784,0.072616,0.079681,0.083994,0.084550,19.100517
0.022923,0.036054,0.054559,0.063140,0.071167,0.078992,0.083607,0.084550,20.338291
0.023141,0.036121,0.054623,0.063163,0.071169,0.078993,0.083606,0.084550,20.310162
0.013702,0.021506,0.039045,0.054268,0.066114,0.076287,0.083125,0.084538,22.421514
0.013601,0.021471,0.039061,0.054232,0.066111,0.076294,0.083125,0.084538,22.442612
0.009887,0.014938,0.025119,0.038359,0.056209,0.072576,0.082345,0.084511,23.916678
0.009924,0.014921,0.025033,0.038262,0.056229,0.072567,0.082345,0.084511,23.909598
0.009613,0.014831,0.026166,0.041033,0.060030,0.075161,0.082964,0.084523,23.964391
0.009594,0.014844,0.026153,0.040992,0.060040,0.075161,0.082964,0.084523,23.968974
0.007685,0.011776,0.021168,0.032693,0.051067,0.070607,0.082291,0.084526,24.929408
0.007660,0.011754,0.021033,0.032701,0.051069,0.070609,0.082292,0.084526,24.942589
0.012966,0.020984,0.037399,0.055164,0.067789,0.077302,0.083297,0.084550,22.606621
0.012898,0.020958,0.037453,0.055184,0.067785,0.077303,0.083297,0.084550,22.620664
0.015605,0.025726,0.045207,0.061147,0.070520,0.078574,0.083502,0.084554,21.804447
0.015558,0.025725,0.045030,0.061023,0.070526,0.078575,0.083502,0.084554,21.814457
0.018209,0.031201,0.052393,0.065227,0.072863,0.079724,0.083813,0.084548,21.116431
0.018209,0.031190,0.052321,0.065166,0.072871,0.079727,0.083813,0.084548,21.117570
0.021351,0.036035,0.056710,0.067482,0.074140,0.080645,0.084077,0.084549,20.502392
0.021457,0.036023,0.056875,0.067488,0.074146,0.080646,0.084077,0.084549,20.488534
0.021615,0.036017,0.056568,0.066804,0.074231,0.080785,0.083939,0.084549,20.472948
0.021589,0.035981,0.056543,0.066751,0.074236,0.080786,0.083939,0.084549,20.477485
0.020129,0.033711,0.054613,0.066821,0.073917,0.080612,0.084155,0.084543,20.748188
0.020038,0.033673,0.054539,0.066745,0.073920,0.080612,0.084155,0.084543,20.762021
0.023558,0.037717,0.058629,0.068083,0.074441,0.080587,0.083922,0.084553,20.176166
0.023524,0.037703,0.058623,0.068043,0.074433,0.080588,0.083922,0.084553,20.180559
0.032432,0.045056,0.058619,0.065466,0.072421,0.079097,0.083624,0.084547,19.105246
0.032410,0.045054,0.058610,0.065472,0.072427,0.079096,0.083624,0.084547,19.107264
0.040212,0.052297,0.063179,0.069187,0.074380,0.080358,0.083919,0.084555,18.299426
0.040173,0.052298,0.063180,0.069257,0.074378,0.080358,0.083919,0.084555,18.302228
0.043476,0.054790,0.064647,0.069533,0.074557,0.080550,0.083956,0.084552,18.014216
0.043454,0.054788,0.064710,0.069549,0.074553,0.080554,0.083956,0.084552,18.015468
0.045368,0.056141,0.064434,0.068892,0.074372,0.080296,0.083943,0.084554,17.864043
0.045365,0.056146,0.064513,0.068900,0.074360,0.080297,0.083943,0.084554,17.863838
0.046153,0.056660,0.064384,0.069036,0.074476,0.080536,0.083910,0.084554,17.803305
0.046143,0.056656,0.064401,0.069075,0.074479,0.080537,0.083910,0.084554,17.803920
0.047488,0.057934,0.065602,0.069538,0.075094,0.080645,0.083939,0.084552,17.689991
0.047517,0.057936,0.065582,0.069499,0.075093,0.080647,0.083939,0.084552,17.688181
0.048393,0.058424,0.064661,0.068680,0.074635,0.080621,0.083953,0.084545,17.629112
0.048408,0.058426,0.064693,0.068679,0.074633,0.080618,0.083953,0.084545,17.628019
0.048649,0.058593,0.064693,0.068359,0.074124,0.080353,0.084039,0.084553,17.610554
0.048696,0.058604,0.064727,0.068388,0.074123,0.080354,0.084039,0.084553,17.607260
0.049309,0.059500,0.064818,0.069016,0.074816,0.080396,0.083908,0.084553,17.553671
0.049312,0.059504,0.064788,0.068990,0.074815,0.080395,0.083908,0.084553,17.553531
0.049299,0.059689,0.065357,0.069699,0.075395,0.080644,0.084000,0.084555,17.548398
0.049286,0.059698,0.065353,0.069709,0.075392,0.080643,0.084000,0.084555,17.549081
0.047693,0.058453,0.064691,0.068990,0.074750,0.080463,0.083908,0.084555,17.672774
0.047726,0.058465,0.064709,0.068973,0.074748,0.080463,0.083909,0.084555,17.670470
0.047075,0.058091,0.064740,0.068827,0.075096,0.080418,0.084007,0.084549,17.718280
0.047062,0.058085,0.064744,0.068851,0.075097,0.080419,0.084007,0.084549,17.719190
0.046400,0.057366,0.064434,0.069091,0.074689,0.080270,0.084011,0.084553,17.775107
0.046405,0.057354,0.064396,0.069058,0.074689,0.080269,0.084011,0.084553,17.775222
0.045072,0.056359,0.064044,0.069535,0.074908,0.080396,0.084019,0.084553,17.881092
0.045046,0.056354,0.064022,0.069545,0.074908,0.080395,0.084019,0.084553,17.883011
0.043127,0.054773,0.063598,0.068520,0.075242,0.080304,0.084055,0.084543,18.044250
0.043147,0.054779,0.063648,0.068495,0.075242,0.080303,0.084055,0.084543,18.042572
0.040852,0.052693,0.062279,0.067453,0.074404,0.079930,0.083996,0.084552,18.251229
0.040821,0.052682,0.062253,0.067434,0.074404,0.079931,0.083996,0.084552,18.253816
0.033713,0.047010,0.060284,0.066492,0.073948,0.079845,0.083905,0.084548,18.939587
0.033647,0.046988,0.060315,0.066534,0.073950,0.079845,0.083905,0.084548,18.945475
0.020537,0.031003,0.049660,0.060965,0.070869,0.078760,0.083617,0.084549,20.838034
0.020575,0.030997,0.049619,0.060943,0.070868,0.078761,0.083617,0.084549,20.833613
0.020461,0.031011,0.049196,0.060191,0.070730,0.078816,0.083793,0.084548,20.853383
0.020278,0.031036,0.049238,0.060217,0.070729,0.078815,0.083793,0.084548,20.876553
0.021916,0.033022,0.051252,0.061650,0.071933,0.078922,0.083727,0.084554,20.580601
0.021944,0.033017,0.051259,0.061636,0.071933,0.078922,0.083727,0.084554,20.577278
0.045286,0.057577,0.065888,0.070478,0.076400,0.080936,0.084135,0.084555,17.837272
0.045245,0.057564,0.065894,0.070506,0.076399,0.080936,0.084135,0.084555,17.840166
0.050538,0.061423,0.067218,0.071529,0.077587,0.081447,0.084173,0.084554,17.436185
0.050601,0.061435,0.067176,0.071503,0.077587,0.081447,0.084173,0.084554,17.432408
0.053319,0.064047,0.069150,0.073356,0.079237,0.081986,0.084164,0.084554,17.223607
0.053357,0.064069,0.069101,0.073325,0.079237,0.081986,0.084164,0.084554,17.221321
0.019740,0.025748,0.030035,0.032669,0.037105,0.040788,0.043185,0.043517,21.398278
0.019707,0.025730,0.030040,0.032669,0.037105,0.040787,0.043185,0.043517,21.403923
0.022245,0.027351,0.030530,0.033200,0.037318,0.040885,0.043217,0.043511,20.974894
0.022264,0.027360,0.030588,0.033247,0.037319,0.040885,0.043217,0.043511,20.971357
0.022750,0.027411,0.030088,0.032505,0.037028,0.040789,0.043123,0.043519,20.909535
0.022719,0.027401,0.030075,0.032494,0.037027,0.040789,0.043123,0.043519,20.914242
0.023290,0.028441,0.031729,0.033754,0.037733,0.041160,0.043195,0.043519,20.786831
0.023287,0.028436,0.031730,0.033781,0.037734,0.041161,0.043195,0.043519,20.787297
0.023148,0.029224,0.032039,0.034100,0.037697,0.041200,0.043252,0.043520,20.776582
0.023149,0.029227,0.032084,0.034144,0.037696,0.041201,0.043252,0.043520,20.775836
0.023151,0.029267,0.032786,0.034758,0.037881,0.041492,0.043258,0.043519,20.767230
0.023189,0.029282,0.032764,0.034731,0.037882,0.041493,0.043258,0.043519,20.762012
0.022616,0.028803,0.032694,0.034329,0.037531,0.041300,0.043266,0.043520,20.854899
0.022639,0.028810,0.032664,0.034332,0.037533,0.041301,0.043266,0.043520,20.851769
0.021157,0.027364,0.032158,0.034193,0.037350,0.041125,0.043219,0.043516,21.109336
0.021184,0.027365,0.032127,0.034166,0.037356,0.041124,0.043219,0.043516,21.105898
0.017851,0.024899,0.031387,0.033423,0.036955,0.040794,0.043130,0.043520,21.712280
0.017852,0.024895,0.031381,0.033430,0.036955,0.040795,0.043130,0.043520,21.712276
0.013087,0.020372,0.028769,0.031739,0.035933,0.040382,0.043157,0.043517,22.833786
0.013038,0.020359,0.028770,0.031750,0.035935,0.040383,0.043156,0.043517,22.844843
0.008624,0.015047,0.025138,0.030162,0.035038,0.039944,0.042905,0.043517,24.337975
0.008724,0.015081,0.025175,0.030176,0.035038,0.039945,0.042905,0.043517,24.304986
0.004600,0.007976,0.016602,0.024972,0.031949,0.038231,0.042594,0.043509,26.850189
0.004558,0.007960,0.016610,0.024951,0.031947,0.038235,0.042594,0.043509,26.874305
0.003092,0.005110,0.009647,0.016243,0.026088,0.035910,0.042091,0.043491,28.681812
0.003106,0.005103,0.009607,0.016192,0.026100,0.035905,0.042091,0.043491,28.674426
0.002988,0.005066,0.010143,0.017653,0.028318,0.037524,0.042490,0.043499,28.723707
0.002981,0.005071,0.010137,0.017632,0.028324,0.037523,0.042490,0.043499,28.728916
0.002277,0.003825,0.007822,0.013337,0.023153,0.034692,0.042056,0.043501,29.893279
0.002268,0.003816,0.007762,0.013341,0.023154,0.034693,0.042056,0.043501,29.909163
0.004300,0.007740,0.015742,0.025486,0.032966,0.038872,0.042705,0.043517,27.067208
0.004273,0.007728,0.015770,0.025497,0.032963,0.038873,0.042705,0.043517,27.082971
0.005390,0.009934,0.019903,0.028977,0.034638,0.039678,0.042837,0.043520,26.093364
0.005370,0.009933,0.019806,0.028904,0.034642,0.039679,0.042837,0.043520,26.105453
0.006507,0.012591,0.023903,0.031414,0.036088,0.040410,0.043039,0.043515,25.255410
0.006507,0.012586,0.023862,0.031377,0.036093,0.040412,0.043039,0.043515,25.257031
0.007906,0.015037,0.026379,0.032779,0.036884,0.040999,0.043210,0.043516,24.518241
0.007953,0.015030,0.026474,0.032783,0.036888,0.041000,0.043210,0.043516,24.502053
0.008025,0.015028,0.026296,0.032367,0.036941,0.041089,0.043121,0.043516,24.485474
0.008014,0.015009,0.026282,0.032335,0.036944,0.041089,0.043121,0.043516,24.490929
0.007356,0.013850,0.025169,0.032378,0.036745,0.040978,0.043261,0.043512,24.815930
0.007315,0.013831,0.025127,0.032331,0.036747,0.040978,0.043261,0.043512,24.832144
0.008918,0.015908,0.027496,0.033145,0.037072,0.040962,0.043109,0.043518,24.131514
0.008902,0.015900,0.027493,0.033120,0.037067,0.040963,0.043109,0.043518,24.136677
0.013206,0.019820,0.027490,0.031558,0.035814,0.040011,0.042917,0.043515,22.855491
0.013195,0.019819,0.027485,0.031562,0.035817,0.040010,0.042917,0.043515,22.857904
0.017218,0.023848,0.030185,0.033820,0.037034,0.040815,0.043108,0.043520,21.871691
0.017197,0.023849,0.030186,0.033862,0.037033,0.040816,0.043108,0.043520,21.875050
0.018963,0.025271,0.031065,0.034032,0.037145,0.040938,0.043131,0.043518,21.522452
0.018951,0.025269,0.031103,0.034042,0.037142,0.040941,0.043131,0.043518,21.523931
0.019991,0.026049,0.030936,0.033639,0.037029,0.040776,0.043123,0.043520,21.338760
0.019989,0.026052,0.030984,0.033644,0.037022,0.040776,0.043123,0.043520,21.338464
0.020420,0.026350,0.030907,0.033727,0.037094,0.040929,0.043102,0.043520,21.264277
0.020415,0.026347,0.030917,0.033751,0.037096,0.040930,0.043102,0.043520,21.265016
0.021155,0.027090,0.031640,0.034035,0.037482,0.040999,0.043120,0.043518,21.124202
0.021171,0.027091,0.031628,0.034011,0.037481,0.041000,0.043120,0.043518,21.122008
0.021657,0.027376,0.031073,0.033509,0.037194,0.040983,0.043130,0.043513,21.049951
0.021665,0.027378,0.031092,0.033509,0.037193,0.040982,0.043130,0.043513,21.048602
0.021799,0.027475,0.031092,0.033313,0.036874,0.040812,0.043186,0.043518,21.027165
0.021825,0.027481,0.031113,0.033331,0.036874,0.040813,0.043185,0.043518,21.023113
0.022167,0.028007,0.031168,0.033715,0.037307,0.040840,0.043100,0.043519,20.956613
0.022169,0.028009,0.031149,0.033699,0.037306,0.040839,0.043100,0.043519,20.956453
0.022161,0.028118,0.031492,0.034134,0.037670,0.040998,0.043160,0.043520,20.949677
0.022154,0.028123,0.031490,0.034140,0.037668,0.040998,0.043160,0.043520,20.950502
0.021269,0.027393,0.031091,0.033699,0.037265,0.040882,0.043101,0.043520,21.103139
0.021287,0.027400,0.031102,0.033688,0.037265,0.040883,0.043101,0.043520,21.100311
0.020927,0.027182,0.031120,0.033599,0.037482,0.040854,0.043164,0.043516,21.158975
0.020920,0.027178,0.031123,0.033614,0.037483,0.040854,0.043164,0.043516,21.160085
0.020556,0.026760,0.030937,0.033761,0.037228,0.040759,0.043167,0.043519,21.229110
0.020558,0.026752,0.030914,0.033741,0.037227,0.040758,0.043167,0.043519,21.229288
0.019829,0.026175,0.030703,0.034033,0.037365,0.040840,0.043172,0.043519,21.359277
0.019815,0.026172,0.030690,0.034039,0.037364,0.040839,0.043173,0.043519,21.361624
0.018775,0.025261,0.030436,0.033411,0.037574,0.040781,0.043196,0.043512,21.559610
0.018785,0.025265,0.030465,0.033397,0.037574,0.040780,0.043196,0.043512,21.557544
0.017557,0.024073,0.029649,0.032761,0.037049,0.040542,0.043157,0.043518,21.813935
0.017541,0.024067,0.029634,0.032750,0.037049,0.040542,0.043157,0.043518,21.817094
0.013851,0.020891,0.028468,0.032178,0.036764,0.040488,0.043099,0.043515,22.651677
0.013818,0.020880,0.028486,0.032203,0.036765,0.040487,0.043099,0.043515,22.658686
0.007538,0.012493,0.022363,0.028870,0.034853,0.039796,0.042912,0.043516,24.949067
0.007555,0.012491,0.022340,0.028856,0.034853,0.039797,0.042912,0.043516,24.944086
0.007504,0.012497,0.022104,0.028413,0.034768,0.039832,0.043026,0.043516,24.968499
0.007422,0.012510,0.022127,0.028428,0.034767,0.039831,0.043026,0.043516,24.995072
0.008162,0.013502,0.023257,0.029275,0.035511,0.039900,0.042983,0.043519,24.638541
0.008175,0.013500,0.023261,0.029267,0.035511,0.039900,0.042983,0.043519,24.634696
0.019946,0.026882,0.031813,0.034613,0.038302,0.041185,0.043247,0.043520,21.303332
0.019923,0.026875,0.031816,0.034630,0.038301,0.041185,0.043247,0.043520,21.306851
0.022855,0.029141,0.032618,0.035261,0.039052,0.041513,0.043272,0.043520,20.809827
0.022890,0.029148,0.032593,0.035245,0.039052,0.041513,0.043272,0.043520,20.805218
0.024429,0.030705,0.033797,0.036395,0.040100,0.041859,0.043266,0.043519,20.546283
0.024451,0.030718,0.033767,0.036376,0.040100,0.041860,0.043266,0.043519,20.543482
0.007010,0.009477,0.011293,0.012430,0.014377,0.016024,0.017110,0.017261,25.834545
0.006997,0.009470,0.011295,0.012430,0.014377,0.016024,0.017110,0.017261,25.840878
0.008027,0.010151,0.011506,0.012661,0.014472,0.016068,0.017125,0.017259,25.357538
0.008034,0.010155,0.011531,0.012681,0.014472,0.016068,0.017125,0.017259,25.353518
0.008234,0.010176,0.011316,0.012359,0.014343,0.016025,0.017082,0.017262,25.284321
0.008221,0.010172,0.011310,0.012354,0.014343,0.016025,0.017082,0.017262,25.289632
0.008456,0.010613,0.012023,0.012902,0.014656,0.016192,0.017114,0.017262,25.144270
0.008455,0.010611,0.012023,0.012914,0.014657,0.016193,0.017115,0.017262,25.144795
0.008397,0.010946,0.012156,0.013053,0.014640,0.016210,0.017141,0.017263,25.131597
0.008398,0.010948,0.012176,0.013073,0.014640,0.016211,0.017141,0.017263,25.130727
0.008398,0.010965,0.012481,0.013342,0.014722,0.016342,0.017143,0.017262,25.120567
0.008414,0.010971,0.012471,0.013330,0.014723,0.016343,0.017143,0.017262,25.114706
0.008179,0.010767,0.012441,0.013154,0.014566,0.016256,0.017147,0.017262,25.219675
0.008188,0.010770,0.012428,0.013155,0.014567,0.016256,0.017147,0.017262,25.216171
0.007583,0.010157,0.012208,0.013094,0.014486,0.016176,0.017126,0.017261,25.507122
0.007594,0.010157,0.012195,0.013082,0.014489,0.016176,0.017126,0.017261,25.503300
0.006255,0.009122,0.011875,0.012758,0.014311,0.016027,0.017085,0.017263,26.184690
0.006256,0.009121,0.011872,0.012761,0.014311,0.016027,0.017085,0.017263,26.184698
0.004405,0.007265,0.010752,0.012027,0.013859,0.015841,0.017097,0.017261,27.439972
0.004386,0.007259,0.010753,0.012031,0.013860,0.015842,0.017097,0.017261,27.452137
0.002754,0.005156,0.009222,0.011348,0.013465,0.015645,0.016983,0.017261,29.111844
0.002790,0.005170,0.009238,0.011354,0.013465,0.015645,0.016983,0.017261,29.075919
0.001359,0.002522,0.005763,0.009153,0.012118,0.014878,0.016841,0.017258,31.904580
0.001345,0.002516,0.005766,0.009144,0.012117,0.014880,0.016841,0.017258,31.930331
0.000871,0.001529,0.003124,0.005622,0.009620,0.013849,0.016613,0.017250,33.966464
0.000875,0.001527,0.003109,0.005602,0.009624,0.013846,0.016613,0.017250,33.959175
0.000838,0.001514,0.003305,0.006177,0.010560,0.014563,0.016794,0.017253,33.999407
0.000836,0.001516,0.003303,0.006168,0.010563,0.014563,0.016794,0.017253,34.004962
0.000618,0.001105,0.002467,0.004500,0.008399,0.013313,0.016598,0.017254,35.306417
0.000615,0.001102,0.002446,0.004501,0.008400,0.013313,0.016598,0.017254,35.324065
0.001260,0.002438,0.005426,0.009367,0.012559,0.015164,0.016892,0.017261,32.140682
0.001251,0.002434,0.005437,0.009372,0.012558,0.015165,0.016892,0.017261,32.157258
0.001624,0.003229,0.007075,0.010841,0.013289,0.015525,0.016952,0.017262,31.052429
0.001617,0.003228,0.007036,0.010810,0.013291,0.015526,0.016952,0.017262,31.065926
0.002006,0.004217,0.008709,0.011886,0.013928,0.015854,0.017044,0.017260,30.114234
0.002006,0.004215,0.008692,0.011870,0.013930,0.015855,0.017044,0.017260,30.116245
0.002497,0.005152,0.009741,0.012477,0.014280,0.016119,0.017121,0.017261,29.297561
0.002514,0.005150,0.009782,0.012479,0.014281,0.016120,0.017121,0.017261,29.279957
0.002539,0.005149,0.009707,0.012299,0.014305,0.016160,0.017081,0.017261,29.263377
0.002535,0.005142,0.009701,0.012285,0.014306,0.016160,0.017081,0.017261,29.269430
0.002302,0.004696,0.009235,0.012303,0.014218,0.016110,0.017144,0.017259,29.629387
0.002288,0.004688,0.009218,0.012283,0.014219,0.016110,0.017144,0.017259,29.647048
0.002859,0.005491,0.010212,0.012637,0.014363,0.016103,0.017076,0.017262,28.873009
0.002854,0.005488,0.010211,0.012626,0.014361,0.016103,0.017076,0.017262,28.878641
0.004450,0.007042,0.010210,0.011948,0.013806,0.015675,0.016988,0.017260,27.468051
0.004446,0.007042,0.010207,0.011950,0.013808,0.015674,0.016988,0.017260,27.470715
0.006005,0.008686,0.011358,0.012931,0.014346,0.016037,0.017075,0.017263,26.365151
0.005997,0.008687,0.011358,0.012950,0.014345,0.016037,0.017075,0.017263,26.368865
0.006698,0.009278,0.011736,0.013024,0.014395,0.016092,0.017086,0.017262,25.972856
0.006693,0.009277,0.011752,0.013028,0.014394,0.016093,0.017086,0.017262,25.974474
0.007111,0.009603,0.011680,0.012852,0.014344,0.016019,0.017082,0.017262,25.766706
0.007110,0.009604,0.011701,0.012854,0.014341,0.016019,0.017082,0.017262,25.766338
0.007284,0.009729,0.011668,0.012891,0.014373,0.016088,0.017072,0.017262,25.682958
0.007282,0.009728,0.011672,0.012901,0.014373,0.016088,0.017072,0.017262,25.683777
0.007582,0.010041,0.011984,0.013025,0.014545,0.016120,0.017081,0.017262,25.524536
0.007589,0.010041,0.011979,0.013015,0.014544,0.016120,0.017081,0.017262,25.522090
0.007786,0.010162,0.011739,0.012796,0.014417,0.016113,0.017085,0.017260,25.441394
0.007790,0.010162,0.011748,0.012795,0.014416,0.016112,0.017085,0.017260,25.439869
0.007844,0.010203,0.011748,0.012710,0.014275,0.016035,0.017110,0.017262,25.415753
0.007855,0.010206,0.011756,0.012718,0.014275,0.016035,0.017110,0.017262,25.411186
0.007995,0.010428,0.011780,0.012885,0.014467,0.016048,0.017072,0.017262,25.335772
0.007995,0.010429,0.011772,0.012878,0.014467,0.016048,0.017072,0.017262,25.335600
0.007992,0.010475,0.011920,0.013068,0.014628,0.016119,0.017099,0.017263,25.327580
0.007989,0.010478,0.011919,0.013071,0.014627,0.016119,0.017099,0.017263,25.328498
0.007628,0.010169,0.011747,0.012878,0.014449,0.016067,0.017072,0.017263,25.500907
0.007636,0.010172,0.011752,0.012874,0.014448,0.016067,0.017072,0.017263,25.497726
0.007490,0.010079,0.011760,0.012835,0.014545,0.016054,0.017101,0.017261,25.563715
0.007487,0.010078,0.011761,0.012841,0.014545,0.016054,0.017101,0.017261,25.564958
0.007339,0.009902,0.011681,0.012905,0.014432,0.016011,0.017102,0.017262,25.642942
0.007340,0.009899,0.011671,0.012897,0.014432,0.016011,0.017102,0.017262,25.643170
0.007046,0.009656,0.011580,0.013024,0.014493,0.016048,0.017104,0.017262,25.789460
0.007040,0.009655,0.011574,0.013027,0.014493,0.016047,0.017104,0.017262,25.792094
0.006623,0.009274,0.011465,0.012753,0.014586,0.016021,0.017115,0.017259,26.014929
0.006627,0.009275,0.011478,0.012746,0.014586,0.016021,0.017115,0.017259,26.012600
0.006139,0.008779,0.011128,0.012470,0.014353,0.015913,0.017097,0.017262,26.301337
0.006132,0.008777,0.011121,0.012465,0.014353,0.015914,0.017097,0.017262,26.304879
0.004696,0.007475,0.010624,0.012217,0.014227,0.015889,0.017071,0.017261,27.238261
0.004683,0.007470,0.010632,0.012228,0.014227,0.015889,0.017071,0.017261,27.245972
0.002367,0.004180,0.008075,0.010795,0.013384,0.015578,0.016986,0.017261,29.797806
0.002373,0.004179,0.008066,0.010790,0.013384,0.015579,0.016986,0.017261,29.792553
0.002355,0.004182,0.007969,0.010601,0.013346,0.015594,0.017038,0.017261,29.820254
0.002326,0.004186,0.007979,0.010607,0.013346,0.015594,0.017038,0.017261,29.848702
0.002588,0.004563,0.008442,0.010968,0.013673,0.015625,0.017018,0.017262,29.452625
0.002593,0.004562,0.008444,0.010965,0.013673,0.015625,0.017018,0.017262,29.448481
0.007093,0.009953,0.012059,0.013278,0.014910,0.016204,0.017138,0.017263,25.724729
0.007084,0.009950,0.012060,0.013286,0.014910,0.016204,0.017139,0.017263,25.728660
0.008277,0.010911,0.012408,0.013563,0.015245,0.016352,0.017150,0.017262,25.168475
0.008291,0.010914,0.012397,0.013556,0.015245,0.016352,0.017150,0.017262,25.163312
0.008927,0.011581,0.012921,0.014063,0.015715,0.016508,0.017147,0.017262,24.869783
0.008936,0.011586,0.012908,0.014055,0.015715,0.016508,0.017147,0.017262,24.866637
0.001951,0.002684,0.003231,0.003577,0.004175,0.004685,0.005023,0.005070,31.359075
0.001947,0.002682,0.003232,0.003577,0.004175,0.004685,0.005023,0.005070,31.365734
0.002251,0.002886,0.003296,0.003648,0.004204,0.004698,0.005028,0.005070,30.856492
0.002254,0.002887,0.003303,0.003654,0.004204,0.004698,0.005028,0.005070,30.852239
0.002313,0.002894,0.003238,0.003556,0.004164,0.004685,0.005014,0.005071,30.779572
0.002309,0.002893,0.003237,0.003554,0.004164,0.004685,0.005014,0.005071,30.785173
0.002379,0.003026,0.003453,0.003722,0.004261,0.004737,0.005024,0.005071,30.631066
0.002379,0.003025,0.003453,0.003725,0.004261,0.004737,0.005024,0.005071,30.631619
0.002361,0.003126,0.003494,0.003768,0.004256,0.004743,0.005033,0.005071,30.617125
0.002362,0.003127,0.003500,0.003774,0.004256,0.004743,0.005033,0.005071,30.616193
0.002362,0.003132,0.003593,0.003856,0.004281,0.004784,0.005033,0.005071,30.605242
0.002366,0.003134,0.003590,0.003853,0.004281,0.004784,0.005033,0.005071,30.599077
0.002296,0.003072,0.003581,0.003799,0.004233,0.004757,0.005035,0.005071,30.709837
0.002299,0.003073,0.003577,0.003799,0.004233,0.004757,0.005035,0.005071,30.706158
0.002120,0.002888,0.003510,0.003780,0.004208,0.004732,0.005028,0.005070,31.013102
0.002123,0.002888,0.003506,0.003777,0.004209,0.004732,0.005028,0.005070,31.009103
0.001730,0.002578,0.003408,0.003677,0.004154,0.004686,0.005015,0.005071,31.726097
0.001730,0.002577,0.003407,0.003678,0.004154,0.004686,0.005015,0.005071,31.726114
0.001195,0.002026,0.003068,0.003454,0.004015,0.004628,0.005019,0.005070,33.044491
0.001189,0.002025,0.003068,0.003456,0.004015,0.004628,0.005019,0.005070,33.057158
0.000728,0.001411,0.002608,0.003248,0.003894,0.004567,0.004983,0.005070,34.794444
0.000738,0.001415,0.002612,0.003250,0.003894,0.004567,0.004983,0.005070,34.757222
0.000346,0.000664,0.001586,0.002587,0.003482,0.004329,0.004939,0.005069,37.718010
0.000343,0.000662,0.001587,0.002584,0.003482,0.004330,0.004939,0.005069,37.744419
0.000217,0.000392,0.000832,0.001546,0.002727,0.004012,0.004868,0.005067,39.890581
0.000218,0.000392,0.000828,0.001540,0.002728,0.004011,0.004868,0.005067,39.883431
0.000208,0.000388,0.000883,0.001707,0.003010,0.004232,0.004924,0.005068,39.917612
0.000208,0.000389,0.000882,0.001705,0.003011,0.004232,0.004925,0.005068,39.923311
0.000151,0.000279,0.000649,0.001222,0.002362,0.003847,0.004863,0.005068,41.289915
0.000150,0.000278,0.000643,0.001222,0.002362,0.003848,0.004863,0.005068,41.308379
0.000320,0.000641,0.001489,0.002651,0.003617,0.004418,0.004955,0.005070,37.962420
0.000317,0.000640,0.001492,0.002652,0.003616,0.004418,0.004955,0.005070,37.979279
0.000418,0.000861,0.001970,0.003095,0.003840,0.004530,0.004974,0.005071,36.820145
0.000416,0.000861,0.001959,0.003085,0.003841,0.004530,0.004974,0.005071,36.834318
0.000522,0.001141,0.002454,0.003412,0.004036,0.004632,0.005002,0.005070,35.834534
0.000522,0.001141,0.002449,0.003407,0.004037,0.004632,0.005002,0.005070,35.836751
0.000657,0.001410,0.002763,0.003592,0.004145,0.004714,0.005027,0.005070,34.981092
0.000662,0.001409,0.002775,0.003592,0.004145,0.004714,0.005027,0.005070,34.962857
0.000669,0.001409,0.002753,0.003537,0.004152,0.004727,0.005014,0.005070,34.946481
0.000668,0.001407,0.002751,0.003533,0.004153,0.004727,0.005014,0.005070,34.952812
0.000603,0.001278,0.002611,0.003539,0.004126,0.004711,0.005034,0.005070,35.328891
0.000599,0.001276,0.002606,0.003532,0.004126,0.004711,0.005034,0.005070,35.347195
0.000758,0.001508,0.002905,0.003640,0.004170,0.004709,0.005012,0.005071,34.539412
0.000756,0.001507,0.002904,0.003637,0.004170,0.004709,0.005012,0.005071,34.545253
0.001208,0.001961,0.002904,0.003431,0.003999,0.004576,0.004985,0.005070,33.075964
0.001207,0.001960,0.002903,0.003431,0.003999,0.004576,0.004985,0.005070,33.078743
0.001657,0.002448,0.003251,0.003730,0.004165,0.004689,0.005012,0.005071,31.916689
0.001655,0.002448,0.003251,0.003736,0.004165,0.004689,0.005012,0.005071,31.920565
0.001860,0.002624,0.003366,0.003759,0.004180,0.004706,0.005015,0.005071,31.503962
0.001858,0.002624,0.003371,0.003760,0.004180,0.004706,0.005015,0.005071,31.505640
0.001981,0.002722,0.003349,0.003706,0.004164,0.004683,0.005014,0.005071,31.287184
0.001981,0.002722,0.003355,0.003707,0.004163,0.004683,0.005014,0.005071,31.286776
0.002032,0.002759,0.003345,0.003718,0.004173,0.004705,0.005011,0.005071,31.199034
0.002031,0.002759,0.003346,0.003721,0.004174,0.004705,0.005011,0.005071,31.199888
0.002120,0.002853,0.003441,0.003759,0.004226,0.004714,0.005014,0.005070,31.031798
0.002122,0.002853,0.003440,0.003756,0.004226,0.004715,0.005014,0.005070,31.029235
0.002180,0.002890,0.003367,0.003689,0.004187,0.004712,0.005015,0.005070,30.944473
0.002181,0.002890,0.003369,0.003689,0.004187,0.004712,0.005015,0.005070,30.942863
0.002197,0.002902,0.003369,0.003663,0.004143,0.004688,0.005023,0.005071,30.917474
0.002201,0.002903,0.003372,0.003665,0.004143,0.004688,0.005023,0.005071,30.912661
0.002242,0.002970,0.003379,0.003716,0.004202,0.004692,0.005011,0.005071,30.832947
0.002242,0.002970,0.003377,0.003714,0.004202,0.004692,0.005011,0.005071,30.832772
0.002241,0.002984,0.003422,0.003773,0.004252,0.004714,0.005020,0.005071,30.824118
0.002240,0.002985,0.003422,0.003773,0.004252,0.004714,0.005020,0.005071,30.825079
0.002133,0.002892,0.003369,0.003714,0.004197,0.004698,0.005011,0.005071,31.006961
0.002136,0.002893,0.003371,0.003713,0.004197,0.004698,0.005011,0.005071,31.003613
0.002092,0.002865,0.003373,0.003701,0.004227,0.004694,0.005020,0.005070,31.073084
0.002092,0.002864,0.003373,0.003703,0.004227,0.004694,0.005020,0.005070,31.074389
0.002048,0.002811,0.003349,0.003723,0.004192,0.004681,0.005021,0.005071,31.156666
0.002048,0.002810,0.003346,0.003720,0.004192,0.004681,0.005021,0.005071,31.156922
0.001962,0.002738,0.003318,0.003759,0.004210,0.004692,0.005021,0.005071,31.310970
0.001960,0.002737,0.003317,0.003760,0.004210,0.004692,0.005021,0.005071,31.313739
0.001838,0.002623,0.003284,0.003676,0.004239,0.004684,0.005025,0.005070,31.548407
0.001839,0.002623,0.003287,0.003674,0.004239,0.004684,0.005025,0.005070,31.545952
0.001696,0.002475,0.003181,0.003589,0.004167,0.004650,0.005019,0.005070,31.850117
0.001694,0.002475,0.003179,0.003588,0.004167,0.004650,0.005019,0.005070,31.853840
0.001278,0.002088,0.003029,0.003512,0.004128,0.004643,0.005011,0.005070,32.833740
0.001275,0.002087,0.003031,0.003516,0.004128,0.004643,0.005011,0.005070,32.841768
0.000621,0.001131,0.002266,0.003081,0.003869,0.004546,0.004984,0.005070,35.515953
0.000623,0.001130,0.002263,0.003079,0.003869,0.004546,0.004984,0.005070,35.510603
0.000618,0.001131,0.002234,0.003022,0.003858,0.004551,0.005000,0.005070,35.539927
0.000610,0.001132,0.002237,0.003024,0.003858,0.004551,0.005000,0.005070,35.569143
0.000682,0.001240,0.002375,0.003133,0.003958,0.004561,0.004994,0.005071,35.154629
0.000684,0.001240,0.002375,0.003132,0.003958,0.004561,0.004994,0.005071,35.150358
0.001975,0.002827,0.003464,0.003837,0.004339,0.004741,0.005032,0.005071,31.241874
0.001973,0.002826,0.003465,0.003839,0.004339,0.004741,0.005032,0.005071,31.245998
0.002326,0.003116,0.003570,0.003924,0.004443,0.004787,0.005035,0.005071,30.655672
0.002330,0.003117,0.003567,0.003922,0.004443,0.004787,0.005035,0.005071,30.650248
0.002519,0.003319,0.003727,0.004078,0.004589,0.004835,0.005035,0.005071,30.340043
0.002522,0.003320,0.003723,0.004075,0.004589,0.004835,0.005035,0.005071,30.336732
0.000391,0.000540,0.000653,0.000724,0.000848,0.000953,0.001024,0.001033,38.335269
0.000390,0.000540,0.000653,0.000724,0.000848,0.000953,0.001024,0.001033,38.342036
0.000452,0.000582,0.000666,0.000739,0.000854,0.000956,0.001025,0.001033,37.824132
0.000452,0.000582,0.000668,0.000740,0.000854,0.000956,0.001025,0.001033,37.819800
0.000464,0.000583,0.000654,0.000720,0.000845,0.000953,0.001022,0.001034,37.745981
0.000464,0.000583,0.000654,0.000719,0.000845,0.000953,0.001022,0.001034,37.751678
0.000478,0.000610,0.000699,0.000754,0.000865,0.000964,0.001024,0.001034,37.594620
0.000478,0.000610,0.000699,0.000755,0.000865,0.000964,0.001024,0.001034,37.595182
0.000474,0.000631,0.000707,0.000763,0.000864,0.000965,0.001026,0.001034,37.580237
0.000474,0.000631,0.000708,0.000765,0.000864,0.000965,0.001026,0.001034,37.579284
0.000474,0.000632,0.000727,0.000782,0.000870,0.000974,0.001026,0.001034,37.568061
0.000475,0.000633,0.000727,0.000781,0.000870,0.000974,0.001026,0.001034,37.561794
0.000461,0.000620,0.000725,0.000770,0.000860,0.000968,0.001026,0.001034,37.674496
0.000462,0.000620,0.000724,0.000770,0.000860,0.000968,0.001026,0.001034,37.670759
0.000425,0.000582,0.000710,0.000766,0.000855,0.000963,0.001025,0.001033,37.983063
0.000426,0.000582,0.000709,0.000765,0.000855,0.000963,0.001025,0.001033,37.979004
0.000346,0.000519,0.000689,0.000745,0.000843,0.000954,0.001022,0.001034,38.707883
0.000346,0.000518,0.000689,0.000745,0.000843,0.000954,0.001022,0.001034,38.707902
0.000237,0.000406,0.000619,0.000699,0.000815,0.000942,0.001023,0.001033,40.047286
0.000236,0.000406,0.000619,0.000699,0.000815,0.000942,0.001023,0.001033,40.060117
0.000143,0.000281,0.000525,0.000656,0.000790,0.000929,0.001015,0.001033,41.823080
0.000145,0.000282,0.000526,0.000657,0.000790,0.000929,0.001015,0.001033,41.785439
0.000067,0.000130,0.000316,0.000520,0.000704,0.000880,0.001006,0.001033,44.789969
0.000067,0.000130,0.000317,0.000520,0.000704,0.000880,0.001006,0.001033,44.816581
0.000042,0.000076,0.000164,0.000308,0.000549,0.000814,0.000991,0.001033,46.999698
0.000042,0.000076,0.000163,0.000307,0.000549,0.000814,0.000991,0.001033,46.992608
0.000040,0.000076,0.000174,0.000341,0.000607,0.000859,0.001003,0.001033,47.024495
0.000040,0.000076,0.000174,0.000340,0.000607,0.000859,0.001003,0.001033,47.030239
0.000029,0.000054,0.000127,0.000243,0.000474,0.000780,0.000990,0.001033,48.418599
0.000029,0.000054,0.000126,0.000243,0.000474,0.000780,0.000990,0.001033,48.437333
0.000062,0.000126,0.000297,0.000534,0.000732,0.000898,0.001009,0.001033,45.037037
0.000062,0.000126,0.000297,0.000534,0.000732,0.000898,0.001009,0.001033,45.053975
0.000081,0.000170,0.000394,0.000625,0.000778,0.000921,0.001013,0.001034,43.876774
0.000081,0.000170,0.000392,0.000623,0.000779,0.000921,0.001013,0.001034,43.891173
0.000102,0.000226,0.000493,0.000690,0.000819,0.000942,0.001019,0.001033,42.875361
0.000102,0.000226,0.000492,0.000689,0.000819,0.000942,0.001019,0.001033,42.877650
0.000129,0.000281,0.000557,0.000727,0.000841,0.000959,0.001024,0.001033,42.009791
0.000130,0.000280,0.000559,0.000727,0.000841,0.000960,0.001024,0.001033,41.991350
0.000131,0.000280,0.000554,0.000716,0.000843,0.000962,0.001022,0.001033,41.975073
0.000131,0.000280,0.000554,0.000715,0.000843,0.000962,0.001022,0.001033,41.981497
0.000118,0.000254,0.000525,0.000716,0.000837,0.000959,0.001026,0.001033,42.362886
0.000118,0.000254,0.000524,0.000715,0.000837,0.000959,0.001026,0.001033,42.381399
0.000149,0.000300,0.000586,0.000737,0.000847,0.000958,0.001021,0.001034,41.562513
0.000149,0.000300,0.000586,0.000736,0.000847,0.000958,0.001021,0.001034,41.568422
0.000240,0.000392,0.000586,0.000694,0.000811,0.000931,0.001016,0.001033,40.079947
0.000239,0.000392,0.000585,0.000694,0.000811,0.000931,0.001016,0.001033,40.082764
0.000331,0.000492,0.000657,0.000756,0.000846,0.000954,0.001021,0.001034,38.901877
0.000330,0.000492,0.000657,0.000757,0.000846,0.000954,0.001021,0.001034,38.905806
0.000372,0.000528,0.000681,0.000762,0.000849,0.000958,0.001022,0.001034,38.482331
0.000372,0.000528,0.000682,0.000762,0.000849,0.000958,0.001022,0.001034,38.484028
0.000397,0.000548,0.000677,0.000751,0.000845,0.000953,0.001022,0.001034,38.262010
0.000397,0.000548,0.000678,0.000751,0.000845,0.000953,0.001022,0.001034,38.261589
0.000407,0.000556,0.000676,0.000753,0.000847,0.000957,0.001021,0.001034,38.172390
0.000407,0.000556,0.000677,0.000754,0.000847,0.000957,0.001021,0.001034,38.173256
0.000425,0.000575,0.000696,0.000762,0.000858,0.000959,0.001022,0.001034,38.002198
0.000425,0.000575,0.000696,0.000761,0.000858,0.000960,0.001022,0.001034,37.999596
0.000437,0.000583,0.000681,0.000747,0.000850,0.000959,0.001022,0.001033,37.913481
0.000437,0.000583,0.000681,0.000747,0.000850,0.000959,0.001022,0.001033,37.911844
0.000441,0.000585,0.000681,0.000742,0.000841,0.000954,0.001024,0.001034,37.886029
0.000441,0.000585,0.000682,0.000742,0.000841,0.000954,0.001024,0.001034,37.881134
0.000450,0.000599,0.000683,0.000753,0.000853,0.000955,0.001021,0.001034,37.799975
0.000450,0.000599,0.000683,0.000752,0.000853,0.000955,0.001021,0.001034,37.799798
0.000450,0.000602,0.000692,0.000764,0.000864,0.000959,0.001023,0.001034,37.790926
0.000450,0.000602,0.000692,0.000765,0.000864,0.000959,0.001023,0.001034,37.791901
0.000428,0.000583,0.000681,0.000752,0.000852,0.000956,0.001021,0.001034,37.976959
0.000428,0.000583,0.000682,0.000752,0.000852,0.000956,0.001021,0.001034,37.973554
0.000419,0.000577,0.000682,0.000750,0.000858,0.000955,0.001023,0.001033,38.044189
0.000419,0.000577,0.000682,0.000750,0.000858,0.000955,0.001023,0.001033,38.045515
0.000410,0.000566,0.000677,0.000754,0.000851,0.000953,0.001023,0.001034,38.129231
0.000410,0.000566,0.000676,0.000754,0.000851,0.000952,0.001023,0.001034,38.129497
0.000393,0.000551,0.000671,0.000762,0.000855,0.000955,0.001023,0.001034,38.286136
0.000392,0.000551,0.000670,0.000762,0.000855,0.000955,0.001023,0.001034,38.288951
0.000367,0.000528,0.000664,0.000744,0.000861,0.000953,0.001024,0.001033,38.527573
0.000368,0.000528,0.000664,0.000744,0.000861,0.000953,0.001024,0.001033,38.525076
0.000339,0.000498,0.000643,0.000727,0.000846,0.000946,0.001023,0.001034,38.834401
0.000338,0.000497,0.000642,0.000726,0.000846,0.000946,0.001023,0.001034,38.838185
0.000254,0.000418,0.000611,0.000711,0.000838,0.000945,0.001021,0.001033,39.833557
0.000253,0.000418,0.000612,0.000711,0.000838,0.000945,0.001021,0.001033,39.841688
0.000122,0.000224,0.000455,0.000622,0.000784,0.000925,0.001016,0.001033,42.556456
0.000122,0.000224,0.000454,0.000621,0.000784,0.000925,0.001016,0.001033,42.551078
0.000121,0.000224,0.000448,0.000610,0.000782,0.000926,0.001019,0.001033,42.580954
0.000120,0.000224,0.000449,0.000610,0.000782,0.000926,0.001019,0.001033,42.610409
0.000134,0.000246,0.000477,0.000633,0.000803,0.000928,0.001018,0.001034,42.189789
0.000134,0.000246,0.000477,0.000632,0.000803,0.000928,0.001018,0.001034,42.185477
0.000395,0.000570,0.000701,0.000778,0.000882,0.000965,0.001025,0.001034,38.215555
0.000395,0.000569,0.000701,0.000778,0.000882,0.000965,0.001025,0.001034,38.219743
0.000467,0.000629,0.000723,0.000796,0.000903,0.000974,0.001026,0.001034,37.619333
0.000468,0.000629,0.000722,0.000795,0.000903,0.000974,0.001026,0.001034,37.613822
0.000507,0.000671,0.000755,0.000828,0.000933,0.000985,0.001026,0.001034,37.298013
0.000507,0.000671,0.000754,0.000827,0.000933,0.000985,0.001026,0.001034,37.294648
