0.633362,0.613641,0.587512,0.558141,0.515947,0.463330,0.346676,0.233974,11.391088
0.992393,0.909521,0.800375,0.721438,0.634607,0.527661,0.371855,0.240755,20.633994
1.261077,1.062020,0.885635,0.765457,0.662935,0.539565,0.374238,0.240931,25.448488
0.629234,0.611507,0.578242,0.554034,0.520434,0.456193,0.339669,0.232898,11.301740
0.978754,0.890518,0.789748,0.722928,0.634260,0.527675,0.368530,0.243185,20.165650
1.242549,1.056392,0.883729,0.777146,0.661297,0.543005,0.369899,0.243566,24.379190
0.641483,0.610330,0.580171,0.550349,0.517044,0.453500,0.346555,0.232844,11.386370
0.985555,0.891454,0.800374,0.716266,0.635623,0.520445,0.372467,0.240205,20.456973
1.255419,1.041525,0.895250,0.767483,0.665839,0.534638,0.373818,0.240067,24.483220
0.631377,0.611691,0.586300,0.555176,0.515771,0.460785,0.345913,0.239922,11.431303
0.997963,0.899376,0.799664,0.713315,0.629239,0.531805,0.373100,0.249776,20.555342
1.290976,1.044182,0.883303,0.760813,0.660583,0.545770,0.375173,0.250447,24.707476
0.632776,0.611296,0.587052,0.556564,0.521422,0.458504,0.337636,0.244098,11.137279
0.976517,0.883338,0.811726,0.714707,0.638253,0.525834,0.359529,0.252439,20.353609
1.261883,1.034797,0.898160,0.765553,0.670293,0.539703,0.362773,0.252898,24.802767
0.638191,0.615245,0.585567,0.553936,0.511225,0.465276,0.347385,0.246538,11.461390
0.983102,0.901252,0.806911,0.714233,0.627521,0.533839,0.374472,0.256168,20.218880
1.243383,1.050557,0.903166,0.770536,0.659402,0.545792,0.376712,0.256219,24.816932
0.629932,0.608642,0.577774,0.559738,0.518061,0.462490,0.338134,0.250791,11.303702
0.990926,0.887285,0.794145,0.718814,0.635896,0.532385,0.366688,0.257799,20.157414
1.248449,1.051314,0.880819,0.766742,0.665836,0.544816,0.370226,0.258146,24.234159
0.634775,0.611058,0.588596,0.553753,0.517052,0.465489,0.342308,0.245649,11.372844
0.981013,0.887897,0.801882,0.717925,0.634136,0.540154,0.366220,0.257147,20.217396
1.254510,1.049729,0.887258,0.771397,0.665255,0.551014,0.369804,0.258254,24.831552
0.631922,0.619183,0.583125,0.551313,0.511251,0.450373,0.346036,0.247132,11.336885
0.985805,0.892415,0.790053,0.706055,0.632546,0.520152,0.372290,0.254918,20.283035
1.261986,1.047668,0.875220,0.753408,0.657839,0.531199,0.373424,0.255531,24.341104
0.633562,0.621126,0.585847,0.554423,0.517558,0.454103,0.342674,0.248403,11.359071
0.995229,0.900262,0.800025,0.711110,0.626997,0.526872,0.368922,0.260485,20.243346
1.265805,1.037773,0.899965,0.759212,0.657551,0.537513,0.370399,0.260360,24.122691
0.632538,0.610475,0.587790,0.553701,0.518929,0.469832,0.375172,0.266145,11.243083
0.976235,0.890206,0.795146,0.714761,0.630079,0.545715,0.405816,0.275554,19.888368
1.231732,1.046878,0.879501,0.766256,0.661614,0.560223,0.410906,0.276832,24.126850
0.637578,0.613450,0.591312,0.548963,0.523265,0.462886,0.368233,0.266753,11.289167
0.979074,0.886026,0.795139,0.709092,0.643419,0.536426,0.399438,0.279031,20.173281
1.243751,1.039253,0.880546,0.764186,0.669503,0.549971,0.402743,0.280105,24.193567
0.636391,0.613195,0.581729,0.550216,0.517634,0.460176,0.359751,0.271480,11.230909
0.984717,0.891449,0.791304,0.711062,0.632079,0.536807,0.391811,0.281416,20.011129
1.268167,1.037799,0.884298,0.767109,0.659764,0.550710,0.395273,0.281708,24.522716
0.633886,0.607613,0.586066,0.547240,0.520227,0.465621,0.359558,0.271458,11.191924
0.976231,0.886629,0.798149,0.709102,0.634674,0.536216,0.391540,0.283604,20.107293
1.245056,1.027788,0.897101,0.760694,0.661841,0.549564,0.396122,0.284768,24.282360
0.635185,0.606338,0.585764,0.556557,0.508718,0.465191,0.358376,0.266531,11.265008
0.997635,0.890458,0.799338,0.721479,0.618855,0.542722,0.388926,0.274376,20.378439
1.270461,1.042560,0.895594,0.770317,0.650199,0.553392,0.393386,0.276077,24.871865
0.642218,0.616885,0.592850,0.553198,0.516974,0.462402,0.364611,0.267240,11.397839
1.002163,0.906125,0.813065,0.718372,0.629534,0.534082,0.394485,0.280384,20.740853
1.259894,1.070685,0.904302,0.773269,0.654715,0.546571,0.397931,0.281582,25.120295
0.640138,0.602215,0.588443,0.557809,0.508946,0.466029,0.359223,0.267738,11.290051
0.986595,0.876390,0.797893,0.723148,0.621607,0.537762,0.389190,0.278127,20.155003
1.246171,1.047140,0.889355,0.773893,0.649070,0.550519,0.391224,0.279760,24.385792
0.636469,0.601806,0.586316,0.555633,0.508034,0.457930,0.354584,0.263928,11.211732
0.995919,0.878061,0.798451,0.711495,0.620936,0.529742,0.384298,0.276794,20.263835
1.269453,1.040952,0.890364,0.757948,0.642038,0.541076,0.386423,0.277116,24.466534
0.632724,0.606112,0.585856,0.551596,0.512276,0.454320,0.358019,0.267244,11.248895
0.975324,0.883572,0.799784,0.713057,0.625861,0.523794,0.386252,0.277827,19.937171
1.229691,1.039352,0.889979,0.760493,0.654383,0.536981,0.388538,0.278506,24.170836
0.636365,0.608623,0.586526,0.546226,0.509193,0.457305,0.353866,0.271974,11.278255
0.971773,0.895548,0.792886,0.705068,0.616777,0.525035,0.383671,0.279832,20.048077
1.220167,1.044725,0.881867,0.758686,0.644304,0.534928,0.386391,0.280269,24.026519
0.796946,0.765400,0.730943,0.674919,0.638049,0.562238,0.417554,0.277492,15.503185
1.281499,1.125091,1.003025,0.867225,0.762701,0.634130,0.440886,0.284089,26.937379
1.522518,1.219355,1.045828,0.901234,0.779777,0.637832,0.443361,0.284303,30.179012
0.797071,0.766718,0.725978,0.683487,0.637008,0.563179,0.415675,0.276883,15.717582
1.321901,1.142470,0.988344,0.883137,0.765805,0.629394,0.439132,0.283355,27.436825
1.551365,1.231057,1.027239,0.907561,0.780327,0.636340,0.440657,0.283429,30.653556
0.797554,0.769664,0.725409,0.690062,0.629863,0.559477,0.416167,0.279033,15.876839
1.337995,1.116072,0.992294,0.873895,0.758284,0.632484,0.438258,0.286782,27.201620
1.531279,1.203497,1.034986,0.898908,0.774726,0.638991,0.438865,0.286758,30.275201
0.791729,0.758844,0.719243,0.687419,0.640476,0.562187,0.416865,0.285311,15.686580
1.328030,1.126742,0.991728,0.875571,0.766202,0.632035,0.439271,0.290254,27.706970
1.593498,1.211146,1.039414,0.903228,0.779840,0.635985,0.440044,0.289765,31.205838
0.793562,0.775506,0.726451,0.681431,0.636724,0.566555,0.418769,0.294253,15.632060
1.307906,1.145564,0.996173,0.873545,0.768012,0.633572,0.441342,0.298673,27.660941
1.549844,1.255943,1.037825,0.903495,0.785230,0.636766,0.442180,0.298830,30.355162
0.789046,0.768302,0.721248,0.687809,0.637700,0.565674,0.417777,0.292018,15.856046
1.320594,1.139898,0.989442,0.879313,0.766620,0.632542,0.441831,0.297625,27.595681
1.559791,1.216249,1.034910,0.908673,0.780094,0.636863,0.443718,0.297742,29.824723
0.801797,0.759076,0.718884,0.689200,0.635605,0.559126,0.414207,0.297738,15.625523
1.305920,1.130412,0.991455,0.883006,0.753555,0.622625,0.437731,0.305910,26.685190
1.517770,1.249368,1.050262,0.908389,0.768489,0.630046,0.438969,0.306972,29.333439
0.789620,0.764284,0.723210,0.688280,0.634308,0.560000,0.415488,0.296241,15.348841
1.308870,1.137064,0.982387,0.875820,0.767050,0.630197,0.437836,0.300830,27.029037
1.563659,1.242224,1.033954,0.895483,0.780710,0.639639,0.438085,0.301950,29.935320
0.811853,0.762359,0.729550,0.676054,0.630548,0.565797,0.417685,0.294159,15.819917
1.358759,1.125821,0.987303,0.855107,0.754703,0.640493,0.443013,0.302355,27.764310
1.554238,1.205850,1.036901,0.885945,0.765614,0.646335,0.443174,0.303481,30.228490
0.806118,0.763568,0.731845,0.683113,0.635947,0.556885,0.407018,0.297657,15.501036
1.301663,1.115961,1.004365,0.861472,0.758107,0.631467,0.435093,0.305661,26.921123
1.512387,1.228156,1.049424,0.889099,0.772123,0.637903,0.435336,0.306749,29.796739
0.796230,0.767961,0.730722,0.688909,0.646499,0.571937,0.453658,0.311217,15.580946
1.315728,1.127132,0.980889,0.877635,0.771565,0.646721,0.488555,0.319188,26.534053
1.542999,1.217020,1.027815,0.903072,0.789276,0.652287,0.488974,0.320028,29.111515
0.788447,0.760386,0.718470,0.691618,0.641413,0.567664,0.445447,0.320975,15.317613
1.292416,1.119808,0.968333,0.874638,0.765662,0.645430,0.470902,0.330650,26.257103
1.506263,1.238710,1.022945,0.899715,0.774102,0.652579,0.472860,0.330719,30.141980
0.794254,0.762653,0.719706,0.680751,0.632488,0.557277,0.439415,0.317234,15.288194
1.307248,1.115601,0.980175,0.871877,0.758338,0.632534,0.466672,0.325993,26.140708
1.526966,1.202328,1.023296,0.900916,0.771493,0.637820,0.467931,0.326792,28.954398
0.774315,0.755579,0.725232,0.683213,0.625413,0.565248,0.436951,0.325724,15.074166
1.269197,1.114946,0.980684,0.874299,0.749556,0.636190,0.459406,0.339553,26.285692
1.497262,1.209917,1.033815,0.897472,0.763562,0.644132,0.461194,0.339883,29.619371
0.816463,0.771246,0.731596,0.698529,0.633551,0.571007,0.439557,0.318664,15.794468
1.335637,1.146384,0.989671,0.874059,0.754843,0.644565,0.463574,0.330994,26.504056
1.525593,1.241242,1.024292,0.903164,0.768786,0.650487,0.465229,0.331148,29.568991
0.791529,0.754126,0.727959,0.691859,0.627234,0.568647,0.433800,0.323575,15.416394
1.297618,1.137447,0.987025,0.880968,0.752177,0.641214,0.459305,0.333836,27.381101
1.547102,1.240304,1.038795,0.905478,0.764910,0.650169,0.460507,0.334249,30.216643
0.800706,0.756728,0.721736,0.694995,0.625308,0.563226,0.438961,0.321229,15.527937
1.316421,1.130316,0.981017,0.876694,0.753935,0.632951,0.464967,0.333059,26.385073
1.518990,1.227272,1.023793,0.900736,0.764929,0.641619,0.466157,0.333347,28.613915
0.785383,0.763547,0.744859,0.684284,0.624396,0.560552,0.431573,0.313033,15.388115
1.265476,1.154539,0.999728,0.872378,0.745341,0.629703,0.456835,0.320096,26.622656
1.503424,1.249191,1.051029,0.899667,0.760824,0.634953,0.458479,0.320983,30.090380
0.810982,0.762748,0.729359,0.681390,0.628638,0.552602,0.429139,0.322670,15.698355
1.340855,1.131453,0.988581,0.864193,0.750408,0.622020,0.453550,0.332818,27.182232
1.539415,1.226126,1.040284,0.889557,0.762514,0.627031,0.455817,0.333087,30.257854
0.804671,0.765565,0.735653,0.677806,0.626263,0.563323,0.429861,0.317306,15.736652
1.315112,1.136597,0.988255,0.863092,0.741971,0.627059,0.456229,0.331250,26.994723
1.526404,1.238200,1.027604,0.890071,0.758237,0.632331,0.458300,0.331724,30.473596
1.008380,0.961536,0.898099,0.830523,0.754253,0.657568,0.469307,0.309551,21.132192
1.651784,1.294419,1.102780,0.977721,0.839361,0.705494,0.485954,0.314504,32.906614
1.695654,1.315255,1.111883,0.982577,0.842932,0.706957,0.486547,0.314033,34.240843
1.017304,0.945020,0.890667,0.835314,0.755111,0.645946,0.472440,0.309463,20.842946
1.582369,1.286781,1.115857,0.971655,0.851702,0.692485,0.488849,0.312566,32.603950
1.671683,1.318942,1.119286,0.974658,0.854631,0.694896,0.489247,0.312428,34.624931
1.028580,0.960069,0.904656,0.829053,0.754019,0.648532,0.471869,0.317071,20.963388
1.595190,1.303988,1.107293,0.972035,0.842599,0.698023,0.484930,0.320625,31.844950
1.668710,1.332249,1.122392,0.975585,0.844991,0.700125,0.484628,0.321032,34.987960
1.001111,0.963480,0.902542,0.835066,0.756486,0.650157,0.466533,0.317054,20.752544
1.614607,1.310462,1.109084,0.966294,0.841554,0.696270,0.480459,0.322389,32.557164
1.689066,1.328239,1.115538,0.972783,0.844343,0.698653,0.481346,0.322766,34.014947
0.990806,0.974864,0.898538,0.832044,0.764112,0.650964,0.467757,0.322457,20.469754
1.554080,1.297967,1.126444,0.968531,0.852761,0.693198,0.482123,0.327077,33.542959
1.682241,1.323728,1.132437,0.977917,0.855007,0.694057,0.482310,0.327485,35.152437
1.002570,0.969553,0.899903,0.835872,0.756988,0.657017,0.474408,0.325663,21.050697
1.594533,1.329255,1.121526,0.975998,0.841730,0.701116,0.488194,0.329959,33.300664
1.663187,1.344505,1.120329,0.979193,0.847285,0.702146,0.487431,0.330195,35.240976
0.983606,0.964391,0.894751,0.828275,0.757838,0.655368,0.471151,0.329658,20.077380
1.575413,1.326676,1.117228,0.970999,0.842956,0.691786,0.483704,0.335677,32.534225
1.692988,1.339740,1.124928,0.977165,0.844500,0.693987,0.483981,0.335982,34.150802
1.008895,0.938997,0.879347,0.835339,0.756553,0.653193,0.470122,0.332466,20.750447
1.626337,1.295650,1.108439,0.964567,0.847813,0.697007,0.484114,0.336217,33.798093
1.706906,1.330213,1.125077,0.967334,0.851331,0.698744,0.485161,0.335962,35.785482
0.997401,0.960583,0.899959,0.836159,0.746594,0.648965,0.465162,0.326146,20.309772
1.577906,1.301138,1.106242,0.968402,0.835408,0.692809,0.481845,0.330962,32.042525
1.690280,1.330927,1.115590,0.971193,0.839060,0.693480,0.481595,0.331196,33.883604
1.004761,0.962355,0.898380,0.819177,0.761675,0.652680,0.470993,0.331752,20.725555
1.588793,1.309839,1.114027,0.961826,0.838506,0.702694,0.483317,0.337439,32.668301
1.664023,1.329072,1.122516,0.967718,0.838976,0.702397,0.483199,0.337483,34.494369
0.990460,0.953155,0.896932,0.837747,0.761383,0.672969,0.510823,0.353010,20.473453
1.565836,1.307505,1.096172,0.975211,0.850963,0.718023,0.532757,0.357735,32.685787
1.651912,1.333073,1.104639,0.981099,0.856615,0.720371,0.533025,0.358211,34.384689
1.009872,0.964762,0.885768,0.833800,0.757386,0.665563,0.505011,0.359040,20.888605
1.568464,1.321092,1.088015,0.964823,0.851069,0.714521,0.523288,0.364038,33.388188
1.641341,1.331095,1.096501,0.970229,0.853080,0.717851,0.522930,0.363787,35.229255
1.009083,0.947822,0.891266,0.844054,0.764080,0.656854,0.498023,0.363691,20.921747
1.605857,1.321633,1.102853,0.970915,0.845617,0.705902,0.516672,0.368047,33.288457
1.672316,1.341006,1.103027,0.976314,0.846988,0.707616,0.516833,0.368227,34.793914
1.006337,0.962589,0.902814,0.833816,0.749424,0.658696,0.495327,0.369858,20.806791
1.577666,1.303778,1.098611,0.963034,0.836624,0.707080,0.514752,0.375183,33.021260
1.653934,1.335240,1.104026,0.971696,0.840090,0.708723,0.514627,0.375220,34.287801
1.008819,0.954918,0.893070,0.835145,0.765582,0.658094,0.497966,0.364002,20.800995
1.596584,1.326355,1.098746,0.969240,0.839655,0.707675,0.514360,0.371039,33.061494
1.680852,1.343685,1.110692,0.973157,0.843878,0.708080,0.515013,0.370434,34.719576
0.993898,0.948056,0.890983,0.828777,0.751721,0.661149,0.496070,0.365555,20.709063
1.603726,1.302388,1.111876,0.965726,0.835809,0.709339,0.510959,0.371644,32.200470
1.679999,1.323933,1.116627,0.969415,0.840681,0.710965,0.511256,0.372055,33.807936
1.026217,0.965382,0.888161,0.822938,0.757421,0.663772,0.493216,0.355613,20.901230
1.589006,1.299511,1.101436,0.958928,0.836550,0.709850,0.508450,0.362454,32.922607
1.668246,1.326793,1.107655,0.962183,0.841120,0.711060,0.508768,0.362227,33.871569
1.030503,0.961894,0.897902,0.827753,0.750532,0.654462,0.488564,0.351300,20.633497
1.585794,1.306387,1.112159,0.966552,0.837049,0.700073,0.507868,0.355419,32.866223
1.649754,1.326471,1.123635,0.969319,0.837450,0.698551,0.508340,0.354719,33.003954
1.018666,0.966046,0.892533,0.837893,0.758906,0.654859,0.491009,0.354159,20.761522
1.615547,1.318769,1.113574,0.968406,0.841086,0.703116,0.505684,0.359734,34.873726
1.704144,1.345531,1.123381,0.971443,0.841611,0.703888,0.505802,0.359919,35.687137
1.015709,0.949781,0.890334,0.828509,0.753368,0.656510,0.484994,0.359092,21.423348
1.602182,1.307128,1.097407,0.961619,0.831159,0.694458,0.496571,0.361453,32.513482
1.651955,1.321345,1.109244,0.967746,0.835341,0.694404,0.496813,0.361849,35.249863
1.293628,1.171838,1.062416,0.953060,0.845831,0.714700,0.504946,0.326697,27.646625
1.739049,1.373239,1.158840,1.013227,0.877686,0.733102,0.509303,0.327208,40.647874
1.757027,1.371602,1.159467,1.015310,0.877170,0.732472,0.509119,0.327331,40.046352
1.279375,1.169592,1.046734,0.957957,0.844415,0.705340,0.505515,0.328132,26.601460
1.741736,1.363872,1.157471,1.012433,0.880844,0.726852,0.510672,0.329090,40.875023
1.748923,1.364551,1.156288,1.012138,0.881745,0.727254,0.510684,0.329010,41.191414
1.293073,1.166261,1.059595,0.952998,0.832004,0.709535,0.496018,0.332518,27.159406
1.745243,1.365478,1.154674,1.013837,0.870627,0.724797,0.503429,0.334951,40.393167
1.754647,1.370790,1.155958,1.013983,0.870832,0.725663,0.503447,0.334872,40.616384
1.273622,1.143317,1.061764,0.946895,0.843724,0.712676,0.498886,0.335342,27.438110
1.751472,1.377173,1.155001,1.007929,0.880991,0.727624,0.503116,0.335731,40.153305
1.758713,1.378752,1.154266,1.008781,0.880980,0.727489,0.502868,0.335772,41.772512
1.284507,1.199728,1.063486,0.945179,0.852938,0.710267,0.496468,0.339474,26.744204
1.745511,1.385775,1.159123,1.013407,0.884488,0.725756,0.502357,0.339648,36.933181
1.747816,1.391318,1.158207,1.013248,0.884322,0.725924,0.502515,0.339489,37.430080
1.272897,1.174639,1.054260,0.955522,0.853983,0.719657,0.502707,0.342669,26.613742
1.698323,1.367124,1.158252,1.015602,0.887224,0.734670,0.507395,0.344833,39.276265
1.714200,1.367508,1.158274,1.015706,0.887216,0.734399,0.507467,0.344833,42.175968
1.281766,1.176789,1.067650,0.946940,0.847575,0.711242,0.501096,0.347621,27.428155
1.759756,1.386765,1.160257,1.005317,0.880836,0.727818,0.506390,0.349828,42.706945
1.767306,1.390914,1.161591,1.005085,0.881234,0.728141,0.506470,0.349819,42.403193
1.288558,1.185038,1.068615,0.955903,0.849266,0.714868,0.500263,0.349759,28.281493
1.736203,1.390649,1.169131,1.005586,0.885069,0.725789,0.504312,0.350577,40.714280
1.742890,1.391461,1.168111,1.005713,0.885443,0.726319,0.504040,0.350611,40.715208
1.298585,1.157821,1.041409,0.948267,0.839100,0.708323,0.498931,0.344595,27.154294
1.731694,1.367762,1.143355,1.002312,0.874030,0.725594,0.503128,0.344957,38.167511
1.737719,1.369836,1.143555,1.002740,0.874452,0.725393,0.503221,0.344989,36.877315
1.288120,1.178069,1.055712,0.952404,0.847180,0.712862,0.499666,0.347740,27.269281
1.719918,1.375037,1.149911,1.001359,0.874333,0.727589,0.503906,0.348947,38.160607
1.731764,1.375421,1.149140,1.001626,0.873991,0.727362,0.504057,0.349005,38.792527
1.255548,1.165778,1.048751,0.953941,0.852512,0.731558,0.549508,0.368966,26.800427
1.715391,1.360841,1.136918,1.011664,0.885969,0.752791,0.555464,0.371963,38.842874
1.725686,1.360880,1.139454,1.012534,0.886113,0.753117,0.555527,0.372049,38.451000
1.288526,1.172156,1.050120,0.950320,0.841725,0.727004,0.539300,0.378233,27.523630
1.710950,1.371418,1.139503,1.006131,0.880630,0.744869,0.544123,0.379937,39.611869
1.722373,1.378469,1.139210,1.005880,0.881191,0.744522,0.544244,0.379872,39.692277
1.261997,1.177001,1.054353,0.956735,0.849985,0.715090,0.531239,0.378448,26.127815
1.734180,1.378433,1.139041,1.010798,0.876652,0.731311,0.536514,0.379994,38.584347
1.742224,1.379325,1.139937,1.012441,0.876013,0.732237,0.536407,0.379924,41.277892
1.278989,1.145672,1.041593,0.953930,0.828657,0.717810,0.529208,0.387036,27.191840
1.702109,1.385653,1.141731,1.003831,0.877962,0.735986,0.533354,0.387738,38.453679
1.708853,1.386839,1.142156,1.005109,0.877853,0.736340,0.533094,0.387562,38.575710
1.286698,1.175580,1.038418,0.946394,0.843504,0.725010,0.529519,0.383882,28.069251
1.752988,1.391681,1.145727,1.000880,0.874767,0.740265,0.534233,0.385558,41.896708
1.768196,1.393310,1.146803,1.002212,0.874601,0.740213,0.534186,0.385690,41.832124
1.322480,1.164748,1.052195,0.949695,0.841985,0.720106,0.526865,0.384045,27.307697
1.730874,1.388469,1.151903,1.010946,0.876135,0.739793,0.534196,0.386698,38.019855
1.744182,1.391733,1.152479,1.011980,0.876145,0.739663,0.534468,0.386839,37.535917
1.293226,1.176229,1.053029,0.945311,0.836510,0.719331,0.521789,0.376556,27.631176
1.719159,1.365523,1.144798,0.998727,0.869476,0.735623,0.529728,0.377927,38.657481
1.727546,1.369626,1.144799,1.000041,0.869423,0.735608,0.529960,0.378143,38.139825
1.311629,1.180871,1.068332,0.940331,0.834721,0.716931,0.523736,0.366230,27.914577
1.738287,1.379603,1.160379,1.007545,0.867680,0.729120,0.528012,0.367796,40.001158
1.745496,1.382845,1.161897,1.007616,0.867660,0.728818,0.527989,0.367829,42.219656
1.271538,1.181370,1.051123,0.943428,0.831825,0.705899,0.520477,0.374583,26.595842
1.722933,1.388608,1.154682,0.999147,0.870095,0.725761,0.527107,0.377135,42.855044
1.734436,1.395752,1.154684,0.999519,0.871172,0.725443,0.526994,0.377190,42.977883
1.278417,1.153695,1.048707,0.945972,0.833252,0.701449,0.515937,0.377053,27.235607
1.708750,1.360484,1.140521,1.009052,0.870210,0.721652,0.520446,0.378912,41.235540
1.714429,1.367504,1.144267,1.008719,0.870786,0.722294,0.520557,0.378919,44.011675
1.577195,1.322310,1.137035,1.012139,0.875896,0.742021,0.514721,0.330339,35.092983
1.771161,1.386251,1.164793,1.025320,0.888124,0.744339,0.516260,0.330740,48.119733
1.771161,1.386249,1.164793,1.025613,0.888124,0.744634,0.516260,0.330740,46.870939
1.593853,1.297645,1.129935,1.006823,0.887252,0.734427,0.517755,0.333278,35.826445
1.765673,1.383971,1.170267,1.022452,0.892545,0.738412,0.518904,0.333339,52.634581
1.765673,1.383971,1.170259,1.022452,0.892545,0.738412,0.518904,0.333339,52.650494
1.599115,1.331300,1.140025,1.015083,0.876081,0.734133,0.509300,0.338101,32.668265
1.774626,1.390530,1.168725,1.026801,0.882703,0.736259,0.510252,0.338311,45.846190
1.774626,1.390530,1.168138,1.026491,0.882881,0.736391,0.510252,0.338311,45.846190
1.563908,1.338582,1.139323,1.012653,0.885003,0.736946,0.509370,0.338466,32.792465
1.776555,1.391359,1.166227,1.021540,0.893476,0.738328,0.510070,0.338840,49.281644
1.776582,1.391359,1.165781,1.021540,0.893476,0.738328,0.510070,0.338840,49.281180
1.556444,1.335504,1.143572,1.015927,0.888556,0.733181,0.508433,0.344957,35.754220
1.769808,1.397332,1.175562,1.025834,0.895302,0.737451,0.508700,0.345558,57.011903
1.766291,1.397332,1.175562,1.025834,0.895302,0.737451,0.508700,0.345558,57.011903
1.577078,1.313941,1.149743,1.013450,0.886358,0.740669,0.514337,0.347476,36.146991
1.751371,1.387242,1.170343,1.024302,0.894680,0.743862,0.514667,0.348024,46.333929
1.751371,1.387242,1.170343,1.024302,0.894657,0.743862,0.514755,0.348024,46.333929
1.527994,1.332348,1.141086,1.015780,0.884745,0.732398,0.511612,0.353942,33.787278
1.779146,1.400376,1.175186,1.023358,0.892551,0.736041,0.512951,0.354149,45.852693
1.779146,1.400389,1.174850,1.023134,0.892551,0.736041,0.512864,0.354149,45.852693
1.553658,1.330953,1.146945,1.004295,0.886478,0.734905,0.509401,0.354679,33.038180
1.760028,1.403577,1.180481,1.014597,0.894050,0.737401,0.510305,0.354886,42.886957
1.760028,1.403577,1.180481,1.014093,0.894461,0.737401,0.510305,0.354886,42.886527
1.588416,1.333314,1.128927,0.995759,0.879824,0.730473,0.508080,0.349492,33.932369
1.763586,1.401306,1.160703,1.011951,0.887553,0.734181,0.509301,0.349520,46.427176
1.763586,1.399962,1.160703,1.011951,0.887553,0.734173,0.509273,0.349520,46.483981
1.511443,1.338668,1.138523,1.000127,0.876418,0.734192,0.509978,0.354352,33.481167
1.759681,1.392871,1.166275,1.014028,0.886471,0.737084,0.511225,0.354550,45.288681
1.759681,1.392871,1.166275,1.014028,0.886471,0.737084,0.511225,0.354550,45.288719
1.553977,1.325440,1.127981,1.009183,0.893728,0.756851,0.560126,0.377549,35.966111
1.744648,1.387918,1.151068,1.019790,0.899777,0.759813,0.563534,0.377647,44.099047
1.744648,1.387918,1.151080,1.019790,0.899751,0.759813,0.563534,0.377647,44.370658
1.558120,1.336685,1.117685,1.005904,0.882495,0.748756,0.548962,0.385238,32.662116
1.733006,1.393677,1.146593,1.019483,0.892231,0.753908,0.551172,0.385699,51.990954
1.733006,1.393677,1.146169,1.019483,0.892231,0.753908,0.551172,0.385699,51.990953
1.588029,1.298145,1.123450,1.003361,0.878094,0.738687,0.540855,0.386557,34.461757
1.756718,1.401130,1.154268,1.020732,0.887583,0.742784,0.541597,0.386699,50.191166
1.756718,1.401130,1.154268,1.020732,0.887583,0.742915,0.541597,0.386699,50.191166
1.559825,1.337924,1.127365,1.003106,0.878181,0.742249,0.537062,0.393966,35.041287
1.746458,1.392381,1.156897,1.014001,0.887964,0.746147,0.538670,0.393701,48.070732
1.746458,1.391955,1.157334,1.014001,0.887964,0.746147,0.538670,0.393701,45.833308
1.588259,1.332582,1.130473,1.001774,0.879985,0.747722,0.540673,0.389641,34.802725
1.782733,1.404604,1.154716,1.022772,0.886733,0.751369,0.541992,0.390843,51.172845
1.782733,1.404604,1.154300,1.022772,0.886733,0.751369,0.541992,0.390843,51.169925
1.575704,1.313725,1.139757,1.006362,0.876564,0.745300,0.539818,0.389715,34.261191
1.762520,1.406029,1.164984,1.022623,0.885094,0.748416,0.540779,0.389802,49.098224
1.762520,1.406029,1.164537,1.023143,0.885094,0.748266,0.540821,0.389802,49.094602
1.546360,1.326732,1.127786,1.000510,0.874414,0.741950,0.535919,0.382743,36.161409
1.741760,1.389320,1.155978,1.010623,0.880849,0.745383,0.536372,0.383381,48.076248
1.741760,1.389320,1.156007,1.010623,0.880849,0.745515,0.536349,0.383400,48.076959
1.575087,1.325547,1.146304,1.006494,0.873928,0.734827,0.531493,0.375802,33.735091
1.755346,1.399794,1.170099,1.016625,0.881350,0.739865,0.533310,0.376115,45.953286
1.755346,1.399794,1.170099,1.016627,0.881350,0.739865,0.533310,0.376115,45.899818
1.550807,1.327422,1.137353,0.998378,0.875283,0.732656,0.533069,0.382680,33.981342
1.754976,1.402517,1.164662,1.015217,0.880662,0.736772,0.535118,0.383184,52.434020
1.754976,1.403017,1.164337,1.015451,0.880662,0.736772,0.535118,0.383184,52.559480
1.548470,1.318718,1.141170,1.005964,0.874000,0.729763,0.526922,0.383716,35.190674
1.728966,1.382442,1.156606,1.019697,0.880900,0.734026,0.528833,0.383798,49.305648
1.728966,1.382434,1.156923,1.019697,0.880713,0.734032,0.528833,0.383798,51.875793
1.598841,1.221210,0.971906,0.668692,0.081389,0.004028,0.004785,0.003916,22.460072
1.771161,1.378379,1.132554,0.857388,0.081083,0.004028,0.004785,0.003916,23.502480
1.771161,1.377170,1.136827,0.889442,0.081097,0.004028,0.004785,0.003916,23.532877
1.588992,1.231406,0.970691,0.663109,0.076744,0.013138,0.000929,-0.003905,22.215614
1.756974,1.371707,1.124392,0.858740,0.076353,0.013138,0.000929,-0.003905,23.439802
1.753411,1.371386,1.128937,0.889067,0.076390,0.013138,0.000929,-0.003905,23.485628
1.568876,1.247439,0.963468,0.671623,0.084756,0.000486,0.005006,0.001620,22.379045
1.774626,1.383156,1.134294,0.854313,0.084643,0.000486,0.005006,0.001620,23.460216
1.772146,1.383560,1.133772,0.887298,0.084662,0.000486,0.005006,0.001620,23.506798
1.631059,1.262448,0.979778,0.665625,0.084984,0.009857,0.003173,0.004946,22.452284
1.783152,1.389582,1.135522,0.844738,0.085198,0.009857,0.003173,0.004946,23.457469
1.780681,1.389595,1.137208,0.871504,0.085198,0.009857,0.003173,0.004946,23.494785
1.611179,1.249523,0.981850,0.666976,0.080568,0.006638,0.000685,-0.001885,22.369204
1.766870,1.395963,1.148310,0.862275,0.080929,0.006618,0.000685,-0.001885,23.415101
1.766870,1.397298,1.148282,0.887913,0.080942,0.006618,0.000685,-0.001885,23.466783
1.629189,1.227857,0.982647,0.665377,0.075653,0.007404,0.006751,0.003050,22.234895
1.749087,1.369792,1.141169,0.862549,0.075494,0.007404,0.006751,0.003050,23.413846
1.749087,1.377694,1.143468,0.896993,0.075494,0.007404,0.006751,0.003050,23.459392
1.629027,1.252558,0.990792,0.661889,0.079357,0.005435,0.000488,-0.003213,22.426097
1.779034,1.398302,1.147882,0.852522,0.079842,0.005435,0.000488,-0.003213,23.438250
1.779034,1.398394,1.150121,0.885941,0.079846,0.005435,0.000488,-0.003213,23.482296
1.646148,1.277214,0.981107,0.651419,0.087495,0.005343,0.001895,0.004896,22.421925
1.763589,1.401283,1.149559,0.835247,0.087592,0.005363,0.001895,0.004896,23.380411
1.763589,1.403931,1.152000,0.873380,0.087592,0.005363,0.001895,0.004896,23.414779
1.568379,1.266612,0.955891,0.666645,0.081946,0.013498,0.003916,-0.001855,22.400732
1.763586,1.396977,1.136240,0.849260,0.081863,0.013498,0.003916,-0.001855,23.446886
1.767131,1.396992,1.140313,0.878832,0.081854,0.013498,0.003916,-0.001855,23.494272
1.652180,1.259938,0.971244,0.657376,0.083342,0.002806,0.009763,0.003801,22.288512
1.769759,1.375833,1.131810,0.840720,0.083263,0.002806,0.009763,0.003801,23.280943
1.769759,1.378235,1.135089,0.877362,0.083263,0.002806,0.009763,0.003801,23.343244
1.580159,1.292620,0.958323,0.663925,0.080808,0.002784,0.002163,-0.004941,22.291899
1.746792,1.387871,1.119588,0.850702,0.080148,0.002745,0.002163,-0.004921,23.325886
1.746792,1.385435,1.124849,0.878289,0.080131,0.002745,0.002163,-0.004921,23.361533
1.582094,1.258293,0.958460,0.657306,0.084223,-0.000188,-0.000119,0.003241,22.202912
1.729136,1.387490,1.115667,0.837016,0.084151,-0.000188,-0.000119,0.003241,23.243207
1.734484,1.386605,1.116948,0.869531,0.084149,-0.000188,-0.000119,0.003241,23.296159
1.660352,1.268869,0.955370,0.657331,0.082263,0.004909,0.009689,0.001785,22.316870
1.763673,1.396731,1.124475,0.835977,0.083135,0.004909,0.009689,0.001785,23.315423
1.763575,1.396731,1.126210,0.873164,0.083135,0.004909,0.009689,0.001785,23.374860
1.623166,1.259878,0.963393,0.656124,0.085740,0.005352,0.008305,0.006865,22.239350
1.748665,1.381809,1.128500,0.849344,0.085457,0.005352,0.008344,0.006865,23.298215
1.748665,1.382080,1.133092,0.880402,0.085457,0.005352,0.008344,0.006865,23.350716
1.592453,1.261708,0.968544,0.665849,0.086344,0.009827,0.003358,0.004652,22.275403
1.778563,1.407238,1.126715,0.843220,0.086163,0.009827,0.003378,0.004652,23.293438
1.787012,1.407238,1.131368,0.878128,0.086167,0.009827,0.003378,0.004652,23.338183
1.616325,1.289931,0.976470,0.661263,0.083792,0.009912,0.004115,0.005047,22.351574
1.762520,1.405996,1.134709,0.845997,0.084027,0.009912,0.004115,0.005047,23.335432
1.762520,1.405560,1.134228,0.881032,0.083978,0.009912,0.004115,0.005047,23.378012
1.548919,1.246552,0.966230,0.652561,0.085115,0.007221,0.001522,0.008091,22.139499
1.745257,1.380763,1.123565,0.839460,0.084919,0.007221,0.001522,0.008091,23.345413
1.745257,1.383566,1.127625,0.871311,0.084919,0.007221,0.001522,0.008091,23.396619
1.603451,1.261088,0.985403,0.659482,0.083935,0.007223,-0.002220,0.002430,22.304944
1.751627,1.395495,1.138113,0.849361,0.083703,0.007223,-0.002220,0.002430,23.332860
1.755346,1.393285,1.143771,0.882737,0.083688,0.007223,-0.002220,0.002430,23.385959
1.600011,1.268720,0.971726,0.654108,0.085483,0.008804,-0.001682,0.005233,22.233536
1.756324,1.399645,1.136525,0.836081,0.085608,0.008804,-0.001682,0.005233,23.366870
1.756324,1.399645,1.144179,0.864922,0.085608,0.008804,-0.001682,0.005233,23.421251
1.562655,1.265271,0.971643,0.660851,0.078391,0.008333,0.002584,-0.001219,22.372813
1.732205,1.381245,1.127947,0.844397,0.078020,0.008254,0.002584,-0.001219,23.329912
1.732205,1.380432,1.132332,0.878759,0.078020,0.008254,0.002584,-0.001219,23.366039
1.734143,1.314729,1.049462,0.817337,0.507169,0.027962,-0.000950,0.004000,26.549087
1.774023,1.387117,1.156498,0.964310,0.622731,0.027944,-0.000950,0.004000,28.448303
1.774023,1.387511,1.156159,0.971553,0.652056,0.027944,-0.000950,0.004000,28.588711
1.690970,1.311600,1.046022,0.814843,0.492774,0.027040,0.011647,0.001566,26.671842
1.765673,1.382334,1.152092,0.966692,0.606852,0.027291,0.011647,0.001566,28.384077
1.765673,1.382334,1.155241,0.971310,0.641618,0.027291,0.011647,0.001566,28.547143
1.698528,1.318743,1.046251,0.828264,0.498298,0.030442,0.004751,0.001700,26.543987
1.774626,1.391494,1.148987,0.964522,0.603914,0.030403,0.004791,0.001700,28.389872
1.774626,1.390215,1.147591,0.970075,0.636660,0.030403,0.004791,0.001700,28.547863
1.694136,1.312047,1.053907,0.824380,0.504970,0.037695,-0.002012,0.010255,26.771266
1.783152,1.392121,1.156740,0.960687,0.615469,0.037666,-0.002012,0.010255,28.349128
1.783152,1.390820,1.156869,0.963412,0.644698,0.037666,-0.002012,0.010255,28.457568
1.723895,1.330596,1.055443,0.821147,0.503119,0.034244,0.001600,0.004132,26.651965
1.773398,1.397277,1.160138,0.973360,0.615464,0.034316,0.001600,0.004132,28.462757
1.773398,1.397277,1.159171,0.976550,0.643758,0.034297,0.001600,0.004132,28.593145
1.687726,1.307361,1.051448,0.821066,0.503394,0.035795,0.002324,0.004413,26.393332
1.752691,1.384179,1.154675,0.967178,0.618005,0.035721,0.002324,0.004413,28.399045
1.752691,1.384183,1.155755,0.969160,0.649465,0.035721,0.002324,0.004413,28.580896
1.722514,1.334345,1.061955,0.822251,0.503044,0.036255,0.005094,0.005661,26.579015
1.779146,1.406370,1.162450,0.967106,0.616351,0.036271,0.005094,0.005661,28.346007
1.779146,1.406370,1.164028,0.972399,0.646504,0.036271,0.005094,0.005661,28.448991
1.699006,1.311478,1.058565,0.822125,0.501404,0.030594,0.000585,0.000040,26.537882
1.767203,1.401339,1.167688,0.951830,0.617435,0.030652,0.000585,0.000040,28.355444
1.767203,1.403121,1.167636,0.955768,0.648971,0.030652,0.000585,0.000040,28.510404
1.684412,1.335742,1.055700,0.821036,0.496690,0.034013,0.001378,0.005298,26.778455
1.767131,1.399139,1.145983,0.956987,0.608252,0.034094,0.001378,0.005298,28.438973
1.767131,1.399139,1.148103,0.962173,0.642310,0.034094,0.001378,0.005298,28.569411
1.717796,1.295794,1.053100,0.807173,0.491541,0.034980,0.007583,0.009835,26.622131
1.769759,1.388980,1.156529,0.957266,0.593966,0.035099,0.007583,0.009835,28.273174
1.769759,1.388980,1.156620,0.959509,0.621987,0.035099,0.007583,0.009835,28.405258
1.706158,1.313375,1.041618,0.815701,0.501743,0.036587,0.004122,0.002531,26.659271
1.750368,1.388733,1.137931,0.963091,0.617343,0.036463,0.004122,0.002531,28.404484
1.750368,1.388733,1.137532,0.964192,0.647619,0.036463,0.004122,0.002531,28.549619
1.672813,1.324075,1.042470,0.810559,0.509850,0.038950,0.006912,-0.000040,26.583793
1.736445,1.388183,1.136055,0.965201,0.616888,0.038950,0.006912,-0.000040,28.398286
1.736445,1.388947,1.135088,0.969642,0.644517,0.038950,0.006912,-0.000040,28.537045
1.738874,1.340551,1.046627,0.812571,0.500902,0.034627,0.006681,-0.006179,26.438149
1.763673,1.396821,1.135650,0.953915,0.603155,0.034745,0.006681,-0.006179,28.234704
1.763673,1.396391,1.137279,0.960810,0.631362,0.034745,0.006681,-0.006179,28.394487
1.684451,1.318113,1.036450,0.815394,0.492648,0.031023,0.005808,-0.004269,26.281880
1.748665,1.388053,1.146815,0.956884,0.606492,0.030925,0.005808,-0.004269,28.351259
1.748665,1.389259,1.150113,0.963427,0.632873,0.030925,0.005808,-0.004269,28.496990
1.700409,1.323965,1.048305,0.816536,0.501115,0.031240,0.006889,-0.003193,26.460338
1.787012,1.400661,1.141434,0.961140,0.615620,0.031144,0.006889,-0.003193,28.349423
1.787012,1.400661,1.142451,0.966501,0.644955,0.031144,0.006889,-0.003193,28.491594
1.680737,1.324787,1.055206,0.811804,0.499442,0.031961,0.000427,0.000150,26.518214
1.762520,1.406038,1.150435,0.966620,0.605165,0.032091,0.000427,0.000150,28.374329
1.762520,1.406038,1.152734,0.969756,0.634920,0.032091,0.000427,0.000150,28.523581
1.706889,1.325309,1.044554,0.820720,0.499285,0.034814,0.003747,0.001606,26.561438
1.745257,1.384039,1.141064,0.959568,0.606554,0.034829,0.003747,0.001606,28.303336
1.745257,1.384774,1.142261,0.961775,0.633881,0.034829,0.003747,0.001606,28.437522
1.719515,1.330283,1.048852,0.819897,0.491704,0.035755,0.004711,0.004292,26.332704
1.755346,1.398890,1.159952,0.968523,0.600729,0.035625,0.004711,0.004292,28.357465
1.755346,1.398890,1.159631,0.971423,0.633575,0.035625,0.004711,0.004292,28.498220
1.703551,1.300970,1.061987,0.804391,0.499087,0.041055,0.004898,0.010470,26.397840
1.762337,1.400938,1.154248,0.960419,0.605419,0.040997,0.004898,0.010470,28.346873
1.762337,1.400938,1.155386,0.968017,0.637162,0.040997,0.004898,0.010470,28.498508
1.685299,1.295830,1.038041,0.812250,0.491164,0.032127,0.007001,0.002813,26.298525
1.728966,1.383669,1.143462,0.957238,0.602397,0.032038,0.007061,0.002813,28.382445
1.728966,1.382447,1.143763,0.967581,0.632224,0.032038,0.007061,0.002813,28.535201
1.739154,1.373932,1.131938,0.942388,0.723197,0.321984,0.013109,-0.000170,30.991590
1.774023,1.387013,1.165003,1.009779,0.826440,0.355692,0.013148,-0.000170,32.675607
1.774023,1.387013,1.164575,1.009630,0.835723,0.361078,0.013148,-0.000170,32.739427
1.720235,1.356940,1.132050,0.947955,0.731100,0.315210,0.009012,0.005830,30.790359
1.765673,1.386027,1.168357,1.007633,0.831254,0.348014,0.009012,0.005810,32.580649
1.765673,1.386027,1.168357,1.009515,0.835425,0.355074,0.009012,0.005810,32.673796
1.754632,1.369674,1.131167,0.932141,0.718083,0.314969,0.011597,-0.002349,30.756658
1.772146,1.390634,1.166882,1.012391,0.818501,0.352877,0.011597,-0.002349,32.606051
1.772146,1.390634,1.165654,1.012178,0.822492,0.362554,0.011597,-0.002349,32.699969
1.742141,1.373594,1.138752,0.934860,0.717214,0.324830,0.006062,-0.001952,30.785376
1.783152,1.394388,1.161714,1.003798,0.819604,0.359485,0.006062,-0.001952,32.637270
1.783152,1.394388,1.161714,1.007564,0.827109,0.366726,0.006062,-0.001952,32.721255
1.699442,1.380757,1.144443,0.946653,0.715988,0.320325,0.011285,0.002674,30.924418
1.773398,1.401818,1.174697,1.009495,0.823684,0.351128,0.011285,0.002674,32.399462
1.773398,1.401818,1.174697,1.009748,0.832256,0.358732,0.011285,0.002674,32.467826
1.737731,1.363327,1.135744,0.944163,0.723410,0.327521,0.009731,0.009346,30.817678
1.754975,1.389319,1.168594,1.003147,0.828251,0.367221,0.009731,0.009266,32.610924
1.754975,1.389319,1.168594,1.005376,0.828643,0.376852,0.009731,0.009266,32.714458
1.759802,1.384727,1.128086,0.932444,0.736818,0.321759,0.006603,0.003525,30.504400
1.775108,1.405951,1.170832,1.008482,0.832378,0.356114,0.006603,0.003525,32.588675
1.775108,1.405951,1.170504,1.008491,0.835799,0.363096,0.006603,0.003525,32.704658
1.734954,1.396548,1.146778,0.938198,0.731527,0.312618,0.008891,0.007973,30.777247
1.767203,1.407601,1.178885,0.999930,0.826538,0.352648,0.008910,0.007973,32.381533
1.767203,1.407601,1.178885,1.000835,0.830401,0.360579,0.008910,0.007973,32.465699
1.712385,1.383087,1.126665,0.928374,0.723968,0.324235,0.011143,0.004737,30.640583
1.767131,1.401323,1.158932,0.997387,0.828466,0.357223,0.011124,0.004737,32.383201
1.767131,1.401323,1.159359,0.997338,0.833333,0.362526,0.011124,0.004737,32.473719
1.729739,1.375356,1.134471,0.928916,0.709492,0.319435,0.008940,-0.001280,30.776195
1.769759,1.391560,1.166712,0.997307,0.817140,0.354520,0.008940,-0.001280,32.481174
1.769759,1.391560,1.166712,0.998135,0.823241,0.361830,0.008940,-0.001280,32.556117
1.712341,1.385394,1.109572,0.933680,0.714711,0.329705,0.012849,-0.002787,30.656983
1.750368,1.390824,1.150134,1.006133,0.831975,0.363828,0.012869,-0.002787,32.512015
1.750368,1.390824,1.150134,1.006600,0.837807,0.374778,0.012869,-0.002787,32.622735
1.702875,1.387749,1.117904,0.945458,0.728274,0.320599,0.006855,-0.003890,30.924989
1.736445,1.394910,1.145691,1.008374,0.830533,0.355015,0.006855,-0.003890,32.473522
1.736445,1.394910,1.146399,1.008404,0.833066,0.363856,0.006855,-0.003890,32.554646
1.723330,1.383885,1.124398,0.941300,0.723471,0.316667,0.009873,0.009396,30.727534
1.763673,1.399834,1.149951,1.006580,0.820807,0.353733,0.009834,0.009355,32.488078
1.763673,1.399834,1.149531,1.006466,0.823975,0.362283,0.009854,0.009355,32.592618
1.736019,1.373910,1.123055,0.930192,0.711709,0.324254,0.011419,-0.000550,30.679020
1.748665,1.395413,1.157013,1.001151,0.818695,0.361471,0.011418,-0.000550,32.402214
1.748665,1.395413,1.157448,1.000751,0.826356,0.368585,0.011418,-0.000550,32.519131
1.740725,1.399225,1.129147,0.936459,0.722399,0.318426,0.010310,0.012150,30.655365
1.787012,1.406380,1.153835,1.003777,0.813121,0.349599,0.010270,0.012150,32.376396
1.787012,1.406380,1.153519,1.005987,0.817535,0.357116,0.010270,0.012150,32.466009
1.734418,1.405095,1.137189,0.933267,0.719023,0.323996,0.008021,0.000832,31.026148
1.762520,1.411440,1.165065,1.011438,0.820924,0.365496,0.008041,0.000832,32.507957
1.762520,1.411440,1.165065,1.013578,0.825821,0.374265,0.008041,0.000832,32.604025
1.715341,1.373041,1.121086,0.927543,0.718340,0.327974,0.011688,-0.003648,30.522662
1.741760,1.388908,1.154934,0.994580,0.816738,0.362449,0.011649,-0.003648,32.469968
1.741760,1.388908,1.154941,0.994582,0.821979,0.367992,0.011649,-0.003648,32.572585
1.738803,1.368343,1.140144,0.928969,0.716379,0.322475,0.012461,0.008041,30.515776
1.755346,1.400207,1.168556,1.003276,0.810811,0.357675,0.012421,0.008041,32.599258
1.755346,1.400207,1.168556,1.005011,0.814583,0.365522,0.012421,0.008041,32.684465
1.719809,1.390078,1.134606,0.934747,0.713183,0.317508,0.013061,0.002103,30.929459
1.762337,1.408764,1.163562,0.997155,0.818956,0.352482,0.013081,0.002103,32.553129
1.762337,1.408764,1.163560,0.996646,0.824016,0.358694,0.013081,0.002103,32.682719
1.687851,1.361120,1.124464,0.930547,0.715163,0.315881,0.019408,0.003766,30.504442
1.732205,1.386956,1.155640,1.005213,0.809684,0.351006,0.019369,0.003766,32.353254
1.732205,1.388207,1.155640,1.006372,0.818019,0.358440,0.019369,0.003766,32.457433
1.758513,1.374743,1.156244,1.004844,0.826204,0.615318,0.129545,0.015390,35.230915
1.774023,1.390014,1.168233,1.025458,0.872769,0.676940,0.130525,0.015449,36.891015
1.774023,1.390014,1.168233,1.025161,0.872349,0.681655,0.130771,0.015449,36.911567
1.758461,1.376037,1.164846,1.002071,0.834751,0.607437,0.131115,0.010924,35.178452
1.765673,1.386027,1.171175,1.022675,0.878449,0.671507,0.134806,0.010924,36.875950
1.765673,1.386027,1.171175,1.022695,0.879245,0.675175,0.135030,0.010924,36.941474
1.764428,1.383046,1.155062,1.006350,0.829461,0.608624,0.131060,0.010917,35.020665
1.774626,1.390226,1.169655,1.023335,0.868100,0.668617,0.133420,0.010917,36.850755
1.774626,1.390226,1.169655,1.023335,0.869076,0.670285,0.133272,0.010917,36.867832
1.762294,1.383376,1.157275,1.001432,0.830748,0.614671,0.134374,0.009996,35.031969
1.783152,1.394787,1.166944,1.017751,0.875988,0.669203,0.136743,0.009996,36.750633
1.783152,1.394787,1.166944,1.017751,0.875957,0.671934,0.136445,0.009996,36.776708
1.735324,1.386793,1.163378,1.002312,0.835241,0.614520,0.129683,-0.004513,35.268506
1.773398,1.401412,1.176589,1.022646,0.881324,0.668872,0.130661,-0.004513,36.866444
1.773398,1.401412,1.176589,1.022619,0.881621,0.673896,0.130813,-0.004513,36.886284
1.754975,1.361784,1.166178,1.003120,0.834936,0.620670,0.130103,0.003453,34.746139
1.754975,1.388026,1.171936,1.023795,0.880024,0.678430,0.131155,0.003453,36.754021
1.754975,1.388026,1.171936,1.023575,0.879396,0.679048,0.131212,0.003453,36.763788
1.768745,1.395668,1.165380,1.004504,0.833212,0.604242,0.134138,0.007752,35.280989
1.779146,1.408184,1.173052,1.020779,0.876876,0.673110,0.135480,0.007752,36.817059
1.779146,1.408184,1.173052,1.020778,0.877558,0.676797,0.135203,0.007752,36.828526
1.767203,1.391091,1.168533,0.997531,0.830111,0.602650,0.129395,0.005794,35.453350
1.767203,1.408965,1.181570,1.016178,0.876684,0.666651,0.131124,0.005794,36.615739
1.767203,1.408965,1.181570,1.016178,0.878241,0.670036,0.131516,0.005794,36.635542
1.767131,1.392209,1.147820,0.986662,0.826626,0.611704,0.133058,0.005651,35.318720
1.767131,1.401323,1.162520,1.009320,0.870954,0.665533,0.134370,0.005651,36.751275
1.767131,1.401323,1.162520,1.009594,0.870344,0.670415,0.134533,0.005651,36.758812
1.765316,1.379964,1.162941,0.986985,0.824647,0.614133,0.134719,-0.005500,34.872338
1.769759,1.393791,1.170170,1.012010,0.864365,0.667704,0.136733,-0.005500,36.803704
1.769759,1.393791,1.170170,1.011736,0.864652,0.670705,0.136792,-0.005500,36.826325
1.741144,1.385308,1.136719,0.999342,0.841074,0.621341,0.144347,0.013700,34.785855
1.750368,1.394190,1.151884,1.017200,0.885241,0.692233,0.146323,0.013719,36.576587
1.750368,1.394190,1.151884,1.016925,0.884892,0.697208,0.146677,0.013719,36.602688
1.736445,1.387488,1.142930,0.994393,0.833675,0.617090,0.135434,0.013968,35.345027
1.736445,1.394460,1.149693,1.015275,0.874668,0.686391,0.139613,0.013968,36.719441
1.736445,1.394460,1.149693,1.015275,0.874512,0.693874,0.139919,0.013968,36.756596
1.763673,1.398950,1.139042,0.996037,0.828542,0.610933,0.139874,0.002773,35.273255
1.763673,1.401130,1.153026,1.018249,0.872726,0.667367,0.141313,0.002773,36.703432
1.763673,1.401130,1.153026,1.018527,0.873427,0.671298,0.140956,0.002773,36.699919
1.748665,1.387553,1.149597,0.998031,0.826840,0.616565,0.135036,0.007183,35.256307
1.748665,1.395854,1.159819,1.013714,0.868345,0.680636,0.138265,0.007183,36.741068
1.748665,1.395854,1.159819,1.013465,0.868664,0.684679,0.138471,0.007183,36.749871
1.770497,1.395933,1.145555,1.001257,0.833799,0.616523,0.134557,0.008727,35.500856
1.787012,1.409086,1.156544,1.019066,0.871543,0.681286,0.136889,0.008727,36.728305
1.787012,1.409086,1.156544,1.019303,0.871666,0.684646,0.136884,0.008727,36.765519
1.762520,1.395104,1.159348,0.988380,0.826992,0.617855,0.140751,0.000708,34.927630
1.762520,1.410071,1.165738,1.021000,0.866950,0.679982,0.143726,0.000708,36.668778
1.762520,1.410071,1.165738,1.021000,0.865856,0.682953,0.144015,0.000708,36.688215
1.734972,1.381940,1.149456,0.987846,0.826517,0.619325,0.145644,0.006451,35.182046
1.745257,1.387679,1.158288,1.010240,0.868752,0.679560,0.147940,0.006451,36.740749
1.745257,1.387679,1.158288,1.009749,0.869324,0.680195,0.147786,0.006451,36.727343
1.751617,1.379352,1.153612,0.991379,0.828603,0.613522,0.140955,0.009570,35.353282
1.759148,1.403307,1.172191,1.019187,0.866594,0.670599,0.143108,0.009550,36.854691
1.759148,1.403307,1.172191,1.019471,0.866977,0.673702,0.142889,0.009550,36.862463
1.762337,1.395319,1.162074,0.990837,0.826672,0.611798,0.138873,0.010177,35.150770
1.762337,1.408751,1.167438,1.012680,0.865954,0.672356,0.141238,0.010177,36.503038
1.762337,1.408751,1.167438,1.012933,0.866375,0.676349,0.140980,0.010177,36.524887
1.713634,1.380011,1.153609,0.998931,0.825201,0.605660,0.139022,0.005021,34.990182
1.732205,1.386947,1.157450,1.017647,0.864137,0.666628,0.141808,0.005021,36.727095
1.732205,1.386947,1.157450,1.017124,0.866056,0.669061,0.141921,0.005021,36.752294
1.774023,1.390014,1.160660,1.022600,0.871867,0.703817,0.444783,0.060749,40.651179
1.774023,1.390014,1.168042,1.026837,0.886349,0.729303,0.465842,0.061600,42.448348
1.774023,1.390014,1.168042,1.026837,0.886351,0.728978,0.465834,0.061652,42.476755
1.752387,1.387264,1.164700,1.017849,0.882963,0.703568,0.446941,0.061501,41.327084
1.765673,1.387264,1.171177,1.025637,0.893346,0.725094,0.467335,0.062665,42.371717
1.765673,1.387264,1.171177,1.025637,0.893165,0.725369,0.469008,0.062768,42.380271
1.774626,1.391923,1.168404,1.022304,0.874102,0.701159,0.440947,0.065335,41.231402
1.774626,1.391923,1.168440,1.027646,0.881887,0.724941,0.459018,0.065311,42.815769
1.774626,1.391923,1.168440,1.027646,0.881887,0.723622,0.459754,0.065274,42.831686
1.775022,1.394787,1.161408,1.018190,0.881298,0.700577,0.442572,0.064547,41.103878
1.783152,1.394787,1.168364,1.022429,0.892365,0.726354,0.458531,0.064649,42.842222
1.783152,1.394787,1.168364,1.022429,0.892373,0.726150,0.459500,0.064612,42.840316
1.773398,1.401818,1.168367,1.020750,0.880919,0.701203,0.435425,0.069938,41.098808
1.773398,1.401818,1.176015,1.025421,0.893025,0.723402,0.460005,0.071050,42.819213
1.773398,1.401818,1.176015,1.025421,0.892830,0.724072,0.460658,0.070928,42.826428
1.744383,1.388010,1.167064,1.019132,0.881370,0.702273,0.441150,0.062644,40.287827
1.754975,1.389319,1.171583,1.025810,0.893775,0.727962,0.465271,0.063072,42.702779
1.754975,1.389319,1.171583,1.025810,0.893775,0.728153,0.465949,0.063236,42.725449
1.779146,1.401747,1.168341,1.015550,0.879649,0.702867,0.442280,0.071548,40.934069
1.779146,1.408184,1.175467,1.024196,0.888417,0.722597,0.460926,0.071312,42.733550
1.779146,1.408184,1.175467,1.024196,0.888417,0.723801,0.461439,0.071332,42.773067
1.767203,1.407598,1.180251,1.007893,0.877815,0.698908,0.437668,0.071100,40.399801
1.767203,1.407601,1.181570,1.017503,0.893224,0.724928,0.456676,0.071475,42.660029
1.767203,1.407601,1.181570,1.017503,0.893038,0.725985,0.457840,0.071512,42.668160
1.767131,1.394355,1.156064,1.009281,0.867279,0.696635,0.437476,0.061146,40.156213
1.767131,1.401323,1.162420,1.013129,0.882390,0.719457,0.454816,0.062695,42.801136
1.767131,1.401323,1.162420,1.013138,0.882749,0.719423,0.456205,0.062673,42.795817
1.769759,1.394590,1.167538,1.011648,0.874205,0.701499,0.442339,0.070561,41.208692
1.769759,1.394590,1.170205,1.016473,0.883350,0.724472,0.458080,0.070396,42.701825
1.769759,1.394590,1.170205,1.016473,0.883711,0.725206,0.456958,0.070359,42.713493
1.750368,1.394610,1.151572,1.018865,0.888044,0.725584,0.476214,0.075249,41.116027
1.750368,1.394610,1.152429,1.023037,0.900928,0.746236,0.505738,0.075380,42.656012
1.750368,1.394610,1.152429,1.023037,0.900928,0.746022,0.507314,0.075337,42.669732
1.723080,1.394910,1.145303,1.016368,0.879672,0.712495,0.473828,0.065018,41.026920
1.736445,1.394910,1.150122,1.020458,0.891132,0.739183,0.495605,0.065893,42.947712
1.736445,1.394910,1.150122,1.020458,0.891132,0.738256,0.496844,0.065973,42.977542
1.763673,1.401130,1.153365,1.015501,0.873196,0.707922,0.467079,0.075829,40.335932
1.763673,1.401130,1.154551,1.023020,0.885560,0.727217,0.491500,0.075933,42.588293
1.763673,1.401130,1.154551,1.023020,0.885556,0.727095,0.494184,0.075819,42.610285
1.748665,1.395854,1.158467,1.012386,0.872769,0.706767,0.462938,0.086272,41.199590
1.748665,1.395854,1.161463,1.017804,0.884464,0.730407,0.489242,0.086362,42.650821
1.748665,1.395854,1.161463,1.017804,0.884469,0.730272,0.489622,0.086435,42.663845
1.787012,1.406007,1.155768,1.017445,0.870110,0.710033,0.457731,0.078874,40.578170
1.787012,1.409086,1.156125,1.023475,0.884881,0.732358,0.484795,0.079907,42.803229
1.787012,1.409086,1.156125,1.023475,0.884907,0.733483,0.485627,0.079895,42.831801
1.752835,1.403368,1.163910,1.018959,0.869454,0.709477,0.467370,0.078577,40.753014
1.762520,1.411440,1.166527,1.023783,0.882730,0.734997,0.488169,0.079299,42.732552
1.762520,1.411440,1.166527,1.023783,0.882892,0.734812,0.488949,0.079109,42.766606
1.745257,1.389328,1.152288,1.006689,0.863223,0.707089,0.457374,0.077173,41.135655
1.745257,1.389328,1.158815,1.010561,0.877194,0.728775,0.481678,0.076413,42.751199
1.745257,1.389328,1.158815,1.010561,0.877026,0.729626,0.481997,0.076565,42.774416
1.759148,1.402051,1.169102,1.013318,0.866295,0.702776,0.458641,0.075810,41.404118
1.759148,1.403307,1.173111,1.020972,0.876521,0.722274,0.481329,0.077892,42.654646
1.759148,1.403307,1.173111,1.020972,0.876521,0.722551,0.482777,0.078018,42.661662
1.762337,1.406523,1.162375,1.008865,0.869012,0.696713,0.459055,0.075098,40.776178
1.762337,1.408764,1.167797,1.016395,0.879204,0.722359,0.485071,0.075592,42.718077
1.762337,1.408764,1.167797,1.016395,0.879226,0.722549,0.486192,0.075565,42.734622
1.732205,1.388207,1.155209,1.012305,0.865927,0.701175,0.455441,0.078069,40.894625
1.732205,1.388207,1.159168,1.018406,0.878244,0.716929,0.476818,0.078707,42.396556
1.732205,1.388207,1.159168,1.018406,0.878227,0.716792,0.479148,0.078676,42.385583
