0.019393, 0.027423, 0.051452, 0.066732, 0.077504, 0.083304, 0.084862, 0.087210, 21.265429
0.019433, 0.026564, 0.053168, 0.068330, 0.077385, 0.084951, 0.086539, 0.086135, 21.241562
0.041361, 0.048177, 0.064966, 0.069711, 0.079615, 0.083836, 0.085474, 0.084764, 18.485945
0.040365, 0.049381, 0.064335, 0.067768, 0.078776, 0.083590, 0.083886, 0.085809, 18.545086
0.043225, 0.050919, 0.065578, 0.070253, 0.077849, 0.084241, 0.083343, 0.086510, 18.310446
0.043570, 0.049953, 0.064453, 0.073765, 0.076547, 0.083037, 0.085365, 0.085642, 18.283015
0.041667, 0.053415, 0.066919, 0.072631, 0.078598, 0.083373, 0.087536, 0.082475, 18.350085
0.044517, 0.052853, 0.069484, 0.069632, 0.076241, 0.085227, 0.085770, 0.085208, 18.176399
0.039970, 0.048838, 0.063023, 0.070086, 0.077148, 0.084685, 0.083264, 0.086125, 18.581342
0.038836, 0.051314, 0.064936, 0.071753, 0.078480, 0.084576, 0.084882, 0.083748, 18.631099
0.034742, 0.043393, 0.063713, 0.071615, 0.078658, 0.082436, 0.083856, 0.086608, 19.109142
0.034318, 0.041755, 0.061957, 0.070687, 0.079792, 0.084014, 0.085819, 0.086066, 19.208134
0.027975, 0.034910, 0.061070, 0.068359, 0.078707, 0.085326, 0.084774, 0.083176, 19.937384
0.027137, 0.035876, 0.059373, 0.069326, 0.076882, 0.084586, 0.085089, 0.083659, 19.993614
0.019689, 0.027502, 0.054165, 0.067107, 0.076882, 0.082574, 0.084389, 0.085385, 21.155185
0.020389, 0.029307, 0.052369, 0.066298, 0.076231, 0.085079, 0.084557, 0.085208, 21.071083
0.020113, 0.029307, 0.054944, 0.068685, 0.081045, 0.086076, 0.083126, 0.086628, 21.077298
0.021060, 0.031526, 0.052715, 0.068350, 0.076685, 0.081262, 0.083511, 0.083797, 20.882707
0.020084, 0.029129, 0.051945, 0.066525, 0.077306, 0.085286, 0.084734, 0.083550, 21.145025
0.021149, 0.028498, 0.052517, 0.066742, 0.075511, 0.083994, 0.085582, 0.086658, 21.022061
0.023743, 0.031615, 0.055921, 0.068685, 0.077938, 0.084635, 0.083402, 0.084803, 20.529236
0.023033, 0.031141, 0.058495, 0.066357, 0.074742, 0.085395, 0.085405, 0.086401, 20.604638
0.017953, 0.023753, 0.049963, 0.065706, 0.074919, 0.083886, 0.084921, 0.083531, 21.600636
0.018219, 0.024572, 0.050702, 0.065844, 0.076280, 0.082830, 0.083333, 0.083984, 21.538782
0.011117, 0.015240, 0.033410, 0.049440, 0.066357, 0.083294, 0.084004, 0.084507, 23.564476
0.010427, 0.015181, 0.033578, 0.046865, 0.066949, 0.082505, 0.086579, 0.081804, 23.716748
0.011571, 0.013682, 0.034121, 0.052024, 0.070697, 0.079920, 0.089637, 0.082446, 23.503352
0.011383, 0.014994, 0.034298, 0.052567, 0.072453, 0.081933, 0.085316, 0.083284, 23.448513
0.010673, 0.012074, 0.026880, 0.044064, 0.065844, 0.080206, 0.086746, 0.083452, 23.957363
0.010752, 0.011946, 0.029632, 0.043107, 0.063812, 0.079970, 0.086756, 0.087713, 23.899247
0.015230, 0.021899, 0.045770, 0.064828, 0.076083, 0.083373, 0.085050, 0.084497, 22.184005
0.015418, 0.023161, 0.046214, 0.063062, 0.072522, 0.083018, 0.085089, 0.084991, 22.092174
0.018821, 0.028784, 0.053800, 0.065864, 0.076142, 0.084655, 0.086085, 0.085987, 21.285683
0.018930, 0.029090, 0.053287, 0.068616, 0.075619, 0.083047, 0.083294, 0.085208, 21.293583
0.022214, 0.032187, 0.060961, 0.068202, 0.080433, 0.085582, 0.084487, 0.085849, 20.681513
0.022244, 0.032325, 0.061898, 0.071378, 0.078904, 0.086076, 0.083827, 0.083540, 20.632195
0.025548, 0.034101, 0.059324, 0.072769, 0.078135, 0.084961, 0.086441, 0.082820, 20.205728
0.024493, 0.035442, 0.058318, 0.072315, 0.078204, 0.083639, 0.086638, 0.086164, 20.303702
0.024404, 0.034160, 0.059146, 0.070342, 0.077957, 0.083442, 0.082012, 0.084981, 20.361277
0.025075, 0.034367, 0.062066, 0.069957, 0.078579, 0.084053, 0.084014, 0.083718, 20.242215
0.023408, 0.033657, 0.061957, 0.071240, 0.080561, 0.084053, 0.085000, 0.083531, 20.446935
0.023457, 0.032690, 0.058189, 0.072927, 0.080946, 0.081873, 0.084330, 0.086559, 20.516244
0.018930, 0.028863, 0.053780, 0.066544, 0.077977, 0.084921, 0.082643, 0.085711, 21.291733
0.019216, 0.028567, 0.053642, 0.068290, 0.077010, 0.082475, 0.084497, 0.083975, 21.211842
0.018732, 0.025381, 0.050051, 0.064463, 0.078608, 0.081873, 0.085464, 0.082229, 21.430937
0.019482, 0.025499, 0.051718, 0.065361, 0.076172, 0.084073, 0.085701, 0.086273, 21.331213
0.016493, 0.023063, 0.047072, 0.065805, 0.078421, 0.082909, 0.085938, 0.083245, 21.887323
0.017420, 0.023576, 0.048641, 0.064394, 0.079605, 0.082584, 0.085385, 0.086293, 21.731066
0.013129, 0.017558, 0.038076, 0.057075, 0.075955, 0.083866, 0.084310, 0.082258, 22.867286
0.014303, 0.018989, 0.038007, 0.055881, 0.072848, 0.086076, 0.083935, 0.085494, 22.601487
0.014560, 0.018042, 0.039635, 0.057430, 0.073676, 0.083935, 0.086145, 0.084113, 22.574200
0.014175, 0.020458, 0.042278, 0.059048, 0.074781, 0.079970, 0.085129, 0.086500, 22.481300
0.017904, 0.022668, 0.045228, 0.062717, 0.076192, 0.084981, 0.084991, 0.088601, 21.730284
0.018584, 0.023901, 0.047418, 0.065242, 0.075541, 0.084132, 0.087486, 0.086786, 21.557642
0.017203, 0.022757, 0.042308, 0.062283, 0.071822, 0.083639, 0.086806, 0.085395, 21.878925
0.017450, 0.021248, 0.044695, 0.064167, 0.072769, 0.085632, 0.086026, 0.082081, 21.862818
0.013514, 0.017578, 0.040710, 0.056552, 0.074880, 0.083836, 0.086727, 0.083511, 22.735764
0.014155, 0.019097, 0.037918, 0.056690, 0.074436, 0.082189, 0.084448, 0.086016, 22.619150
0.016138, 0.024454, 0.047950, 0.063674, 0.076981, 0.083659, 0.084241, 0.083866, 21.896050
0.016059, 0.025825, 0.046244, 0.063684, 0.073430, 0.081272, 0.084418, 0.085494, 21.877175
0.020587, 0.030816, 0.052360, 0.062885, 0.076675, 0.083757, 0.083876, 0.083965, 21.006289
0.021100, 0.030421, 0.055546, 0.064483, 0.077356, 0.080542, 0.086007, 0.085523, 20.908450
0.021040, 0.029208, 0.051610, 0.067856, 0.080512, 0.083679, 0.085888, 0.084231, 20.966092
0.021780, 0.030619, 0.052162, 0.066071, 0.079595, 0.082268, 0.083915, 0.085474, 20.831879
0.021179, 0.027689, 0.051728, 0.065962, 0.077109, 0.083540, 0.086687, 0.084566, 21.019923
0.020340, 0.028971, 0.050643, 0.065657, 0.078579, 0.083521, 0.084961, 0.085740, 21.095412
0.021228, 0.030056, 0.052369, 0.067600, 0.078529, 0.083629, 0.087397, 0.084931, 20.933927
0.020360, 0.029040, 0.053938, 0.065390, 0.078174, 0.082988, 0.084034, 0.087161, 21.036360
0.024138, 0.033183, 0.056512, 0.069681, 0.081459, 0.085474, 0.083876, 0.085553, 20.460260
0.022135, 0.031704, 0.056236, 0.069168, 0.078026, 0.084369, 0.081834, 0.086421, 20.714068
0.016611, 0.023576, 0.048098, 0.062618, 0.077484, 0.084270, 0.082889, 0.087407, 21.873657
0.018831, 0.023507, 0.050337, 0.063812, 0.076744, 0.081439, 0.082771, 0.086391, 21.537088
0.018594, 0.028251, 0.050535, 0.066673, 0.076931, 0.081143, 0.085859, 0.084527, 21.355082
0.019561, 0.028873, 0.051373, 0.066880, 0.076024, 0.084132, 0.083935, 0.085997, 21.180794
0.020705, 0.029109, 0.052981, 0.066209, 0.075422, 0.081015, 0.085089, 0.086164, 21.007253
0.021731, 0.031309, 0.053632, 0.065262, 0.077730, 0.086214, 0.087171, 0.082623, 20.807683
0.021248, 0.030135, 0.053277, 0.067087, 0.076448, 0.083018, 0.082159, 0.083481, 20.927420
0.021790, 0.031457, 0.052527, 0.065864, 0.077869, 0.084083, 0.083550, 0.085405, 20.789557
0.021287, 0.028182, 0.052784, 0.064867, 0.078125, 0.082692, 0.085701, 0.087289, 20.956355
0.020498, 0.028587, 0.050979, 0.065006, 0.078312, 0.082081, 0.084487, 0.086510, 21.072238
0.020626, 0.031891, 0.055250, 0.069099, 0.077040, 0.084754, 0.087171, 0.084142, 20.901220
0.021277, 0.031339, 0.055477, 0.068132, 0.076744, 0.083846, 0.083659, 0.086164, 20.841703
0.021228, 0.029228, 0.054135, 0.066337, 0.080088, 0.084231, 0.084882, 0.083955, 20.958113
0.020616, 0.029908, 0.052932, 0.068044, 0.076231, 0.082031, 0.084971, 0.085464, 20.992571
0.021119, 0.030638, 0.055802, 0.067985, 0.079979, 0.085454, 0.084132, 0.085178, 20.875589
0.021978, 0.030609, 0.057578, 0.069405, 0.079052, 0.084221, 0.082958, 0.083067, 20.774784
0.043640, 0.055487, 0.069661, 0.074081, 0.080552, 0.083708, 0.085533, 0.084645, 18.183019
0.044498, 0.054086, 0.066456, 0.075501, 0.080769, 0.082988, 0.086480, 0.086125, 18.165327
0.046658, 0.061080, 0.068764, 0.073134, 0.081903, 0.082159, 0.082603, 0.083570, 17.893861
0.045662, 0.062470, 0.070904, 0.076379, 0.084014, 0.084103, 0.083235, 0.083264, 17.914909
===========END============
=========================================
=              Memory Manager           =
=========================================
* Block size            : 32440320 Bytes
* Number of blocks      : 5
* Free mem in last block: 15000756
* Total mem alloced     : 147200844 Bytes

* Recycle list          : 
[  0(38016)] = 1         [  2(2)] = 1         [  4(202756)] = 5         [  6(6)] = 2         
[  8(813320)] = 4         [  8(3244104)] = 2         [  8(811016)] = 2         [  8(1622024)] = 7         
[ 12(12)] = 1         [ 16(16)] = 4         [ 18(912402)] = 1         [ 20(20)] = 1         
[ 21(1714773)] = 1         [ 27(912411)] = 1         [ 32(101664)] = 6         [ 34(3170)] = 2         
[ 39(671527)] = 1         [ 40(1622056)] = 2         [ 52(3244148)] = 1         [ 58(92282)] = 1         
[ 59(1621947)] = 1         
* Recycled Memory       : 70510772 Bytes
* Inused Memory         : 76690072 Bytes
0.005702, 0.010131, 0.022471, 0.031378, 0.036005, 0.041124, 0.043008, 0.042949, 25.921559
0.005810, 0.009440, 0.023102, 0.030185, 0.037652, 0.041183, 0.044251, 0.042249, 25.950347
0.015832, 0.020774, 0.030658, 0.033479, 0.038767, 0.041282, 0.042308, 0.042929, 22.376622
0.015526, 0.020074, 0.028399, 0.030905, 0.038461, 0.041992, 0.043896, 0.042663, 22.478392
0.016513, 0.022283, 0.029652, 0.033361, 0.039388, 0.043146, 0.044715, 0.045307, 22.202620
0.017568, 0.021534, 0.030116, 0.032404, 0.037770, 0.043600, 0.043225, 0.044360, 22.018472
0.018732, 0.021001, 0.030402, 0.034071, 0.037721, 0.041716, 0.042702, 0.044478, 21.860512
0.017391, 0.020843, 0.031132, 0.034969, 0.037691, 0.043353, 0.043107, 0.041598, 22.052367
0.014500, 0.021119, 0.030707, 0.032601, 0.037169, 0.042012, 0.042209, 0.044379, 22.619919
0.014658, 0.020616, 0.030096, 0.034160, 0.039023, 0.042752, 0.043265, 0.045001, 22.576494
0.012557, 0.015734, 0.029336, 0.033578, 0.038145, 0.041499, 0.043442, 0.042594, 23.298048
0.012320, 0.016493, 0.029149, 0.033627, 0.039832, 0.041578, 0.043334, 0.046234, 23.343177
0.008010, 0.012133, 0.025716, 0.033479, 0.039181, 0.043995, 0.043659, 0.044448, 24.815643
0.008907, 0.012991, 0.026347, 0.033035, 0.039664, 0.043866, 0.042406, 0.043857, 24.420925
0.006274, 0.009716, 0.021317, 0.029494, 0.037238, 0.044892, 0.043166, 0.043413, 25.807215
0.005593, 0.009292, 0.022254, 0.030421, 0.037366, 0.042702, 0.044547, 0.043304, 26.066791
0.006412, 0.009953, 0.022836, 0.030510, 0.037030, 0.041617, 0.043275, 0.042969, 25.649552
0.006757, 0.010357, 0.023931, 0.030323, 0.036419, 0.041805, 0.043975, 0.044527, 25.441469
0.005879, 0.008671, 0.021761, 0.031003, 0.036813, 0.041045, 0.042406, 0.043225, 26.016725
0.006441, 0.008898, 0.020676, 0.030135, 0.036192, 0.042633, 0.042515, 0.044291, 25.821914
0.006599, 0.011048, 0.024730, 0.031654, 0.037455, 0.042564, 0.042229, 0.044567, 25.462974
0.006836, 0.010979, 0.022856, 0.031309, 0.036567, 0.041874, 0.045050, 0.043590, 25.427758
0.004863, 0.006520, 0.017489, 0.028251, 0.036192, 0.040296, 0.045760, 0.043689, 26.943695
0.005011, 0.006757, 0.018278, 0.027748, 0.036024, 0.041637, 0.042673, 0.044774, 26.822520
0.002417, 0.003334, 0.010121, 0.018170, 0.029908, 0.039812, 0.045208, 0.043679, 29.683075
0.002377, 0.002861, 0.010446, 0.017923, 0.032325, 0.040710, 0.043275, 0.043580, 29.833104
0.002387, 0.003078, 0.010900, 0.020735, 0.031428, 0.039723, 0.042910, 0.044606, 29.668034
0.002407, 0.003413, 0.011147, 0.020508, 0.031319, 0.042101, 0.042752, 0.042742, 29.576641
0.001874, 0.002801, 0.008345, 0.015941, 0.026495, 0.040039, 0.042850, 0.043393, 30.614799
0.002012, 0.002624, 0.007566, 0.015694, 0.027926, 0.039871, 0.042239, 0.043235, 30.613639
0.003502, 0.006284, 0.016010, 0.026643, 0.035462, 0.041243, 0.042831, 0.043679, 27.843888
0.003522, 0.005790, 0.017115, 0.027393, 0.034910, 0.040157, 0.045967, 0.043738, 27.803694
0.004735, 0.008621, 0.020991, 0.030096, 0.037188, 0.040148, 0.043186, 0.045060, 26.578776
0.005031, 0.008878, 0.021692, 0.029613, 0.035985, 0.041588, 0.044498, 0.043728, 26.441668
0.005771, 0.010002, 0.024246, 0.034555, 0.037297, 0.041815, 0.044281, 0.043265, 25.838879
0.006688, 0.011502, 0.024858, 0.032059, 0.038796, 0.043107, 0.046106, 0.041972, 25.381572
0.007349, 0.011847, 0.026466, 0.032937, 0.039931, 0.042071, 0.043423, 0.045701, 25.048308
0.007418, 0.013386, 0.028143, 0.034229, 0.038688, 0.043265, 0.042140, 0.043294, 24.872899
0.006994, 0.011630, 0.025558, 0.033144, 0.037997, 0.043215, 0.043640, 0.044853, 25.209993
0.006944, 0.011650, 0.025706, 0.033844, 0.038411, 0.042673, 0.044083, 0.040552, 25.256503
0.006057, 0.011452, 0.025489, 0.033716, 0.038569, 0.044202, 0.041894, 0.043166, 25.600065
0.006550, 0.011512, 0.025164, 0.033341, 0.039477, 0.041607, 0.043225, 0.041381, 25.412212
0.005415, 0.008602, 0.022106, 0.030342, 0.037908, 0.040098, 0.044705, 0.043363, 26.235688
0.005988, 0.009440, 0.022826, 0.032049, 0.038836, 0.043551, 0.044320, 0.043117, 25.864472
0.005475, 0.008533, 0.019946, 0.029090, 0.034850, 0.041963, 0.042051, 0.042209, 26.289956
0.005021, 0.009085, 0.020468, 0.029149, 0.038678, 0.041420, 0.044508, 0.043117, 26.446979
0.003965, 0.006540, 0.016029, 0.028991, 0.036981, 0.042268, 0.042012, 0.042268, 27.456316
0.004380, 0.007329, 0.017420, 0.029021, 0.038056, 0.041637, 0.043028, 0.043136, 27.086818
0.003393, 0.005120, 0.014076, 0.023881, 0.034022, 0.040690, 0.043432, 0.041943, 28.227321
0.003482, 0.004577, 0.012902, 0.023240, 0.035728, 0.041686, 0.044379, 0.043541, 28.311362
0.003492, 0.004952, 0.014047, 0.023003, 0.033134, 0.043620, 0.042614, 0.045553, 28.172118
0.003324, 0.004932, 0.014116, 0.022786, 0.034712, 0.041025, 0.044902, 0.041233, 28.296426
0.004912, 0.006757, 0.017647, 0.028883, 0.036508, 0.041677, 0.044034, 0.043837, 26.921662
0.005366, 0.007457, 0.017854, 0.028379, 0.036448, 0.043008, 0.043926, 0.044182, 26.576957
0.004715, 0.006343, 0.015625, 0.026476, 0.036202, 0.042959, 0.042801, 0.042653, 27.088526
0.004952, 0.006619, 0.018042, 0.027630, 0.036932, 0.042032, 0.042752, 0.041410, 26.861511
0.002841, 0.004804, 0.013011, 0.022994, 0.036646, 0.041538, 0.042032, 0.044083, 28.694654
0.003847, 0.004755, 0.013613, 0.022727, 0.034298, 0.040394, 0.044034, 0.044468, 28.014804
0.005366, 0.008316, 0.018417, 0.028232, 0.033716, 0.043353, 0.044843, 0.043403, 26.411218
0.004804, 0.008888, 0.020094, 0.025943, 0.036873, 0.042318, 0.043689, 0.042594, 26.575586
0.005554, 0.009223, 0.021208, 0.030273, 0.037336, 0.040641, 0.044951, 0.043265, 26.144384
0.006057, 0.010002, 0.020449, 0.029050, 0.036054, 0.044222, 0.044320, 0.044231, 25.890788
0.006126, 0.009933, 0.020340, 0.029474, 0.037977, 0.042574, 0.040443, 0.044586, 25.876315
0.005850, 0.010762, 0.021613, 0.029543, 0.035620, 0.042535, 0.042554, 0.045415, 25.882382
0.005307, 0.008424, 0.019492, 0.028902, 0.037652, 0.042564, 0.043679, 0.042150, 26.390716
0.005692, 0.008799, 0.019225, 0.029425, 0.036656, 0.043778, 0.045997, 0.045356, 26.212874
0.005850, 0.009825, 0.022461, 0.030224, 0.037149, 0.038481, 0.045346, 0.042841, 25.944118
0.005406, 0.009480, 0.021889, 0.029770, 0.037908, 0.040739, 0.042268, 0.043689, 26.137136
0.006392, 0.010496, 0.024089, 0.031161, 0.038175, 0.038915, 0.043235, 0.044064, 25.610940
0.006155, 0.011137, 0.023457, 0.032128, 0.037622, 0.043028, 0.044616, 0.043985, 25.605274
0.004784, 0.008276, 0.017687, 0.027738, 0.036922, 0.042791, 0.042022, 0.042397, 26.736363
0.005001, 0.008444, 0.019354, 0.028192, 0.038737, 0.043797, 0.045474, 0.043580, 26.553328
0.005524, 0.009213, 0.021060, 0.028330, 0.039122, 0.042229, 0.043857, 0.045494, 26.154793
0.005692, 0.008602, 0.022057, 0.029701, 0.039723, 0.041677, 0.042229, 0.042485, 26.115472
0.006619, 0.009667, 0.020784, 0.028912, 0.037682, 0.044310, 0.044695, 0.045090, 25.683457
0.006362, 0.009766, 0.022560, 0.029928, 0.039171, 0.043423, 0.042347, 0.043156, 25.729114
0.005968, 0.010920, 0.021110, 0.031793, 0.037050, 0.041390, 0.043916, 0.043699, 25.786016
0.006501, 0.010614, 0.021879, 0.029001, 0.037839, 0.038984, 0.042091, 0.044458, 25.601811
0.005356, 0.008394, 0.020626, 0.029751, 0.037100, 0.041144, 0.042614, 0.043048, 26.335696
0.005268, 0.008779, 0.021761, 0.029307, 0.035640, 0.040878, 0.044064, 0.042633, 26.346511
0.006353, 0.009440, 0.023931, 0.030658, 0.037899, 0.042919, 0.043610, 0.044932, 25.727549
0.006195, 0.009726, 0.022925, 0.028024, 0.037553, 0.043127, 0.044458, 0.043205, 25.815761
0.005425, 0.009105, 0.021011, 0.028833, 0.038796, 0.041075, 0.042811, 0.043452, 26.219870
0.005672, 0.008059, 0.020606, 0.030638, 0.036093, 0.043857, 0.044685, 0.043610, 26.217472
0.006155, 0.011117, 0.022885, 0.031132, 0.038421, 0.042900, 0.042288, 0.043886, 25.691500
0.006313, 0.011660, 0.021849, 0.031516, 0.035985, 0.042189, 0.043265, 0.043659, 25.535101
0.017963, 0.024246, 0.033351, 0.034091, 0.039595, 0.041972, 0.044004, 0.043423, 21.830376
0.018584, 0.023674, 0.031615, 0.037100, 0.039970, 0.041992, 0.044774, 0.044912, 21.733682
0.019383, 0.027423, 0.033262, 0.037908, 0.041529, 0.041894, 0.045257, 0.042850, 21.448380
0.021090, 0.026614, 0.032434, 0.036172, 0.041696, 0.044498, 0.043363, 0.041824, 21.242280
===========END============
=========================================
=              Memory Manager           =
=========================================
* Block size            : 32440320 Bytes
* Number of blocks      : 5
* Free mem in last block: 15000756
* Total mem alloced     : 147200844 Bytes

* Recycle list          : 
[  0(38016)] = 1         [  2(2)] = 1         [  4(202756)] = 5         [  6(6)] = 2         
[  8(813320)] = 4         [  8(3244104)] = 2         [  8(811016)] = 2         [  8(1622024)] = 7         
[ 12(12)] = 1         [ 16(16)] = 4         [ 18(912402)] = 1         [ 20(20)] = 1         
[ 21(1714773)] = 1         [ 27(912411)] = 1         [ 32(101664)] = 6         [ 34(3170)] = 2         
[ 39(671527)] = 1         [ 40(1622056)] = 2         [ 52(3244148)] = 1         [ 58(92282)] = 1         
[ 59(1621947)] = 1         
* Recycled Memory       : 70510772 Bytes
* Inused Memory         : 76690072 Bytes
0.001588, 0.002614, 0.007783, 0.011255, 0.013988, 0.015743, 0.018239, 0.017282, 31.297358
0.001450, 0.002653, 0.008177, 0.010762, 0.013445, 0.015664, 0.017253, 0.018742, 31.489219
0.005603, 0.006195, 0.010269, 0.011452, 0.015428, 0.015970, 0.018328, 0.017825, 26.956757
0.005652, 0.005840, 0.010101, 0.013307, 0.013889, 0.016799, 0.016809, 0.017539, 27.014039
0.005988, 0.008108, 0.011314, 0.012390, 0.015211, 0.017588, 0.018939, 0.019018, 26.490160
0.006333, 0.007457, 0.009845, 0.011521, 0.014698, 0.016631, 0.016523, 0.016513, 26.479568
0.005948, 0.006994, 0.011738, 0.013189, 0.015566, 0.016661, 0.016868, 0.016394, 26.599352
0.005475, 0.007842, 0.011817, 0.012488, 0.015852, 0.016483, 0.016246, 0.018999, 26.746035
0.005238, 0.007349, 0.011827, 0.012705, 0.014570, 0.015398, 0.017608, 0.015812, 26.952186
0.005366, 0.007201, 0.010535, 0.013198, 0.015388, 0.016917, 0.015329, 0.017233, 26.952949
0.003482, 0.006382, 0.010703, 0.012952, 0.014037, 0.015763, 0.017450, 0.016819, 28.205683
0.003965, 0.006145, 0.010367, 0.012607, 0.015102, 0.016542, 0.018081, 0.017726, 27.937525
0.002890, 0.004607, 0.008651, 0.013189, 0.013336, 0.016503, 0.017578, 0.018200, 29.142564
0.002713, 0.003393, 0.010180, 0.012409, 0.014491, 0.015546, 0.016039, 0.017085, 29.513793
0.001578, 0.002880, 0.007674, 0.011068, 0.014057, 0.017519, 0.017410, 0.016493, 31.209888
0.001894, 0.003166, 0.007329, 0.010801, 0.014264, 0.016207, 0.016385, 0.016523, 30.710882
0.001933, 0.002920, 0.007102, 0.011048, 0.013899, 0.017410, 0.018052, 0.015990, 30.786666
0.002052, 0.003206, 0.008434, 0.010535, 0.013662, 0.017262, 0.016227, 0.016680, 30.391802
0.001805, 0.002663, 0.007526, 0.010170, 0.014086, 0.016355, 0.017095, 0.017292, 31.013958
0.001707, 0.003522, 0.007398, 0.010496, 0.013593, 0.016010, 0.016779, 0.016878, 30.862993
0.002032, 0.003117, 0.007418, 0.011166, 0.013415, 0.017322, 0.017322, 0.017450, 30.557315
0.002446, 0.003255, 0.008335, 0.011768, 0.014224, 0.015812, 0.017371, 0.016108, 29.951827
0.001282, 0.002900, 0.005741, 0.009450, 0.014303, 0.015290, 0.017065, 0.018219, 31.900818
0.001381, 0.002229, 0.005692, 0.009835, 0.013297, 0.015388, 0.016256, 0.016335, 31.997122
0.000404, 0.001302, 0.003048, 0.005386, 0.010713, 0.013011, 0.016848, 0.016888, 35.749473
0.000631, 0.001125, 0.003403, 0.005465, 0.009558, 0.014639, 0.015615, 0.017420, 35.057631
0.000513, 0.000917, 0.003472, 0.006727, 0.011304, 0.015783, 0.017085, 0.016523, 35.486351
0.000493, 0.000838, 0.003226, 0.006057, 0.012202, 0.016266, 0.018821, 0.015724, 35.680323
0.000464, 0.000552, 0.002732, 0.004340, 0.008750, 0.014579, 0.016730, 0.017706, 36.459333
0.000306, 0.000661, 0.002456, 0.004508, 0.009933, 0.014017, 0.016266, 0.017371, 37.333023
0.001006, 0.001776, 0.005415, 0.008681, 0.013603, 0.016197, 0.015970, 0.019295, 33.048892
0.001243, 0.002081, 0.005840, 0.010545, 0.013731, 0.015526, 0.017233, 0.016168, 32.334051
0.001628, 0.002575, 0.006915, 0.011028, 0.014244, 0.016572, 0.017045, 0.018170, 31.321943
0.001697, 0.002515, 0.006944, 0.011433, 0.014353, 0.018121, 0.016168, 0.017262, 31.249945
0.002219, 0.003630, 0.009016, 0.011877, 0.013830, 0.016256, 0.015832, 0.017677, 30.060880
0.001825, 0.004380, 0.008888, 0.012232, 0.013425, 0.016878, 0.017065, 0.015743, 30.304617
0.002239, 0.004034, 0.009115, 0.011837, 0.014293, 0.015684, 0.017608, 0.017026, 29.933250
0.002229, 0.003689, 0.009736, 0.012725, 0.013928, 0.017696, 0.017391, 0.017440, 29.973257
0.001933, 0.004419, 0.008641, 0.012646, 0.013593, 0.016404, 0.017499, 0.016947, 30.184374
0.002289, 0.003936, 0.008355, 0.011867, 0.014895, 0.016996, 0.017953, 0.016602, 29.936357
0.002160, 0.003443, 0.009440, 0.011482, 0.014530, 0.017785, 0.017233, 0.017696, 30.138044
0.001716, 0.004074, 0.008434, 0.011502, 0.014639, 0.016641, 0.018476, 0.016611, 30.550457
0.001361, 0.002732, 0.007388, 0.010348, 0.013840, 0.016779, 0.017322, 0.017420, 31.629574
0.001223, 0.002871, 0.007931, 0.011660, 0.014214, 0.016730, 0.015714, 0.017884, 31.722248
0.001460, 0.002723, 0.006658, 0.010604, 0.014954, 0.016069, 0.016927, 0.017085, 31.550622
0.001272, 0.002782, 0.006885, 0.010535, 0.013346, 0.016158, 0.017805, 0.017904, 31.809091
0.001322, 0.002535, 0.005879, 0.010693, 0.013514, 0.014856, 0.016878, 0.019630, 31.943702
0.001263, 0.002417, 0.005948, 0.010880, 0.013741, 0.016828, 0.017272, 0.017450, 32.032833
0.000710, 0.001164, 0.004390, 0.008079, 0.013563, 0.016917, 0.016533, 0.017341, 34.321596
0.000878, 0.001194, 0.004833, 0.008306, 0.012685, 0.014836, 0.017105, 0.016128, 33.744825
0.000779, 0.001578, 0.004242, 0.008759, 0.013080, 0.016168, 0.016710, 0.018328, 33.845728
0.000572, 0.001746, 0.005041, 0.007921, 0.013080, 0.015931, 0.017262, 0.018061, 34.165631
0.001302, 0.002160, 0.005711, 0.008976, 0.013563, 0.016365, 0.017016, 0.017460, 32.204541
0.001598, 0.001904, 0.006767, 0.010210, 0.013070, 0.015487, 0.019038, 0.018574, 31.689499
0.001085, 0.001736, 0.006057, 0.009854, 0.013238, 0.016217, 0.017410, 0.016750, 32.716029
0.001332, 0.002022, 0.006234, 0.010446, 0.013031, 0.014954, 0.016207, 0.017499, 32.089495
0.000760, 0.001233, 0.004074, 0.007033, 0.012488, 0.015684, 0.017144, 0.017914, 34.229536
0.000848, 0.001559, 0.004824, 0.007773, 0.012567, 0.015546, 0.017568, 0.016197, 33.666558
0.001253, 0.002752, 0.006471, 0.009775, 0.013189, 0.016365, 0.017568, 0.016828, 31.900733
0.001608, 0.002861, 0.006619, 0.009065, 0.014333, 0.015664, 0.017322, 0.017618, 31.311348
0.002071, 0.002476, 0.007665, 0.009371, 0.014303, 0.017568, 0.017371, 0.017450, 30.749482
0.002229, 0.003226, 0.007083, 0.011265, 0.012685, 0.015487, 0.018052, 0.018663, 30.345018
0.001529, 0.002969, 0.007448, 0.011107, 0.013376, 0.016385, 0.017351, 0.018426, 31.266601
0.002052, 0.002782, 0.007388, 0.011413, 0.014579, 0.017036, 0.017825, 0.018091, 30.655589
0.001302, 0.002841, 0.006688, 0.010999, 0.012666, 0.017292, 0.016848, 0.016779, 31.750754
0.001450, 0.002930, 0.006994, 0.011285, 0.014648, 0.017529, 0.017253, 0.017736, 31.456910
0.001756, 0.003522, 0.007349, 0.010535, 0.014293, 0.017450, 0.016750, 0.016315, 30.798498
0.001618, 0.003354, 0.007724, 0.010969, 0.013988, 0.015438, 0.015941, 0.016355, 31.021299
0.001746, 0.004113, 0.008177, 0.012192, 0.013336, 0.015457, 0.017578, 0.017805, 30.495138
0.002811, 0.003265, 0.009144, 0.011038, 0.014372, 0.016976, 0.015951, 0.017450, 29.585819
0.001361, 0.002289, 0.006136, 0.010318, 0.013771, 0.016463, 0.017825, 0.017983, 31.901271
0.001460, 0.002091, 0.006175, 0.009726, 0.013218, 0.016010, 0.018515, 0.017687, 31.898049
0.002081, 0.002930, 0.006915, 0.010703, 0.014688, 0.016424, 0.015734, 0.017983, 30.595339
0.001568, 0.002920, 0.007290, 0.010446, 0.014333, 0.014895, 0.016611, 0.017410, 31.272152
0.001598, 0.003127, 0.007605, 0.011768, 0.013662, 0.016720, 0.018111, 0.017124, 31.088677
0.001667, 0.003275, 0.007388, 0.011512, 0.013258, 0.015852, 0.017065, 0.016404, 30.975272
0.002022, 0.003443, 0.007704, 0.010545, 0.014126, 0.015951, 0.017213, 0.017075, 30.498918
0.001746, 0.003640, 0.007793, 0.011512, 0.014481, 0.015773, 0.016000, 0.016986, 30.729494
0.001578, 0.002811, 0.006925, 0.012695, 0.013662, 0.017509, 0.016927, 0.017716, 31.241412
0.002022, 0.003502, 0.007655, 0.010200, 0.014619, 0.015516, 0.018042, 0.017716, 30.452460
0.002131, 0.003147, 0.007832, 0.011916, 0.015329, 0.015595, 0.018634, 0.017105, 30.376027
0.002111, 0.003443, 0.007783, 0.011127, 0.014224, 0.016286, 0.017568, 0.016375, 30.329575
0.001420, 0.003216, 0.007773, 0.011364, 0.013652, 0.015507, 0.016345, 0.017894, 31.357975
0.001322, 0.003314, 0.007536, 0.011265, 0.013110, 0.016493, 0.016927, 0.017262, 31.486663
0.001914, 0.003462, 0.007615, 0.010762, 0.013820, 0.016838, 0.017953, 0.017233, 30.639665
0.001480, 0.003048, 0.007388, 0.010397, 0.015447, 0.017243, 0.016306, 0.017558, 31.355315
0.006727, 0.008592, 0.011245, 0.013041, 0.015546, 0.016207, 0.018190, 0.018131, 26.110223
0.006343, 0.008631, 0.013366, 0.013248, 0.015369, 0.016680, 0.015250, 0.016473, 26.183931
0.006451, 0.009687, 0.012685, 0.013317, 0.015447, 0.016513, 0.017065, 0.017322, 26.036034
0.007536, 0.009549, 0.013435, 0.014007, 0.015092, 0.015832, 0.017795, 0.016404, 25.603419
===========END============
=========================================
=              Memory Manager           =
=========================================
* Block size            : 32440320 Bytes
* Number of blocks      : 5
* Free mem in last block: 15000756
* Total mem alloced     : 147200844 Bytes

* Recycle list          : 
[  0(38016)] = 1         [  2(2)] = 1         [  4(202756)] = 5         [  6(6)] = 2         
[  8(813320)] = 4         [  8(3244104)] = 2         [  8(811016)] = 2         [  8(1622024)] = 7         
[ 12(12)] = 1         [ 16(16)] = 4         [ 18(912402)] = 1         [ 20(20)] = 1         
[ 21(1714773)] = 1         [ 27(912411)] = 1         [ 32(101664)] = 6         [ 34(3170)] = 2         
[ 39(671527)] = 1         [ 40(1622056)] = 2         [ 52(3244148)] = 1         [ 58(92282)] = 1         
[ 59(1621947)] = 1         
* Recycled Memory       : 70510772 Bytes
* Inused Memory         : 76690072 Bytes
0.000483, 0.000631, 0.001963, 0.002565, 0.004488, 0.004508, 0.004912, 0.005149, 36.827955
0.000395, 0.000996, 0.002121, 0.003068, 0.003877, 0.004370, 0.005248, 0.004843, 36.779940
0.001707, 0.002032, 0.003245, 0.003334, 0.003758, 0.004538, 0.004774, 0.004725, 32.034792
0.001272, 0.002170, 0.003078, 0.003630, 0.003739, 0.004774, 0.005297, 0.005692, 32.806920
0.001529, 0.002229, 0.003591, 0.003778, 0.004705, 0.004311, 0.005425, 0.005406, 32.206689
0.001401, 0.002545, 0.003305, 0.003265, 0.003926, 0.005317, 0.005356, 0.005327, 32.338572
0.001647, 0.002515, 0.003778, 0.003600, 0.004488, 0.004952, 0.004725, 0.005711, 31.877984
0.001845, 0.002101, 0.003650, 0.003068, 0.004123, 0.005386, 0.004636, 0.005287, 31.724448
0.001667, 0.002012, 0.002723, 0.003097, 0.004173, 0.004735, 0.004774, 0.004478, 32.162753
0.001411, 0.002200, 0.003571, 0.004173, 0.004370, 0.005346, 0.004547, 0.005070, 32.438769
0.001213, 0.001628, 0.003305, 0.003995, 0.003314, 0.004824, 0.004607, 0.005218, 33.187300
0.001332, 0.001490, 0.002338, 0.003492, 0.004488, 0.004301, 0.004459, 0.004962, 33.165448
0.000345, 0.000937, 0.002663, 0.003975, 0.003916, 0.005011, 0.005356, 0.004774, 36.795772
0.000730, 0.001243, 0.002989, 0.003374, 0.003798, 0.003837, 0.004626, 0.004833, 34.842623
0.000700, 0.001115, 0.002318, 0.003541, 0.003235, 0.004626, 0.004508, 0.004735, 35.212261
0.000750, 0.000809, 0.001924, 0.003226, 0.004399, 0.005041, 0.004735, 0.005494, 35.394989
0.000523, 0.001046, 0.002190, 0.003462, 0.003699, 0.004922, 0.005346, 0.005120, 36.030643
0.000592, 0.001125, 0.002101, 0.002969, 0.004518, 0.004577, 0.005337, 0.004952, 35.672785
0.000473, 0.000720, 0.001776, 0.002861, 0.003305, 0.004686, 0.005386, 0.005327, 36.856274
0.000365, 0.000957, 0.001697, 0.003078, 0.003857, 0.004459, 0.005563, 0.005001, 37.064470
0.000335, 0.000769, 0.001736, 0.002890, 0.004202, 0.005198, 0.004163, 0.004350, 37.517568
0.000621, 0.000819, 0.002002, 0.004044, 0.003975, 0.005544, 0.004932, 0.004873, 35.820205
0.000306, 0.000543, 0.002170, 0.002792, 0.003640, 0.004745, 0.004547, 0.004962, 37.902950
0.000197, 0.000464, 0.001687, 0.002841, 0.003324, 0.003581, 0.004794, 0.005652, 39.246058
0.000286, 0.000385, 0.001125, 0.001381, 0.002940, 0.003995, 0.005632, 0.005366, 39.077258
0.000197, 0.000217, 0.000908, 0.001667, 0.002900, 0.004113, 0.005129, 0.004833, 40.536286
0.000168, 0.000276, 0.001075, 0.001460, 0.003768, 0.004163, 0.005189, 0.004912, 40.583111
0.000099, 0.000335, 0.000760, 0.001213, 0.003196, 0.004557, 0.004301, 0.005327, 41.711047
0.000049, 0.000256, 0.000690, 0.001302, 0.002150, 0.004222, 0.005051, 0.005149, 43.163836
0.000020, 0.000247, 0.000444, 0.001430, 0.002289, 0.003561, 0.005090, 0.005100, 44.353778
0.000118, 0.000967, 0.001667, 0.002831, 0.003689, 0.004390, 0.004232, 0.004932, 38.848282
0.000217, 0.000464, 0.001470, 0.002989, 0.003374, 0.004784, 0.005179, 0.005909, 39.084258
0.000286, 0.000927, 0.002052, 0.002624, 0.003492, 0.004192, 0.004962, 0.005031, 37.495909
0.000247, 0.000829, 0.001667, 0.003088, 0.004074, 0.005189, 0.004626, 0.005327, 37.986575
0.000503, 0.000789, 0.001983, 0.003413, 0.003906, 0.004587, 0.005554, 0.005100, 36.459281
0.000424, 0.000789, 0.002644, 0.003512, 0.004182, 0.004390, 0.004981, 0.005761, 36.624748
0.000552, 0.000986, 0.002723, 0.003354, 0.003946, 0.004942, 0.004863, 0.004607, 35.807859
0.000335, 0.000937, 0.002999, 0.004459, 0.004469, 0.005327, 0.004587, 0.004705, 36.753710
0.000572, 0.000878, 0.002969, 0.003709, 0.003867, 0.003877, 0.004459, 0.005218, 35.753582
0.000513, 0.001144, 0.002170, 0.003837, 0.003699, 0.004833, 0.005070, 0.003995, 35.954217
0.000503, 0.000858, 0.002861, 0.004064, 0.004173, 0.005258, 0.004991, 0.005396, 36.054396
0.000690, 0.001055, 0.002723, 0.003561, 0.004981, 0.005721, 0.005623, 0.005603, 35.172513
0.000375, 0.000730, 0.002239, 0.003147, 0.003403, 0.004547, 0.005741, 0.004942, 37.161796
0.000247, 0.000829, 0.001914, 0.003413, 0.004074, 0.004597, 0.005100, 0.004528, 37.872149
0.000523, 0.000483, 0.001914, 0.002456, 0.003660, 0.005060, 0.004981, 0.006550, 36.872429
0.000424, 0.000769, 0.001835, 0.003088, 0.003334, 0.004547, 0.004686, 0.005080, 36.963675
0.000552, 0.000572, 0.001864, 0.002545, 0.003847, 0.004380, 0.004626, 0.005692, 36.586920
0.000335, 0.000395, 0.001707, 0.002871, 0.003808, 0.004883, 0.005001, 0.004972, 38.173614
0.000158, 0.000493, 0.001075, 0.002111, 0.003827, 0.003995, 0.004745, 0.004991, 39.946410
0.000118, 0.000493, 0.001055, 0.002348, 0.003798, 0.005376, 0.004705, 0.005060, 40.334031
0.000158, 0.000543, 0.001105, 0.002032, 0.003176, 0.004123, 0.004725, 0.005031, 39.877640
0.000227, 0.000582, 0.001292, 0.002210, 0.003916, 0.004182, 0.004370, 0.005189, 38.909445
0.000306, 0.000473, 0.002032, 0.003147, 0.003176, 0.005465, 0.005544, 0.004912, 38.097831
0.000621, 0.000513, 0.001726, 0.002851, 0.003097, 0.004173, 0.005208, 0.004745, 36.355427
0.000375, 0.000612, 0.001470, 0.002614, 0.004251, 0.004133, 0.005031, 0.005968, 37.646135
0.000375, 0.000434, 0.001874, 0.002525, 0.003413, 0.004853, 0.004469, 0.004952, 37.772558
0.000178, 0.000286, 0.001282, 0.002052, 0.004360, 0.004498, 0.005070, 0.004972, 40.244355
0.000247, 0.000690, 0.001361, 0.002407, 0.004054, 0.004222, 0.004311, 0.004390, 38.526292
0.000355, 0.000621, 0.002002, 0.003176, 0.004271, 0.005415, 0.005258, 0.004735, 37.510702
0.000256, 0.000829, 0.001657, 0.003482, 0.003758, 0.003305, 0.004893, 0.004755, 37.915868
0.000306, 0.000937, 0.001776, 0.002486, 0.004528, 0.004646, 0.004449, 0.004360, 37.452012
0.000375, 0.000858, 0.002604, 0.003038, 0.003877, 0.004419, 0.005001, 0.005317, 36.836567
0.000454, 0.001006, 0.001973, 0.003117, 0.004123, 0.004981, 0.004922, 0.005682, 36.468190
0.000523, 0.000543, 0.002180, 0.003235, 0.004399, 0.005149, 0.004912, 0.004764, 36.611289
0.000385, 0.000602, 0.001864, 0.002851, 0.004547, 0.004291, 0.005100, 0.004824, 37.415673
0.000513, 0.000947, 0.002101, 0.003374, 0.003650, 0.004538, 0.005248, 0.005573, 36.176706
0.000385, 0.001105, 0.001983, 0.002861, 0.004044, 0.004409, 0.005070, 0.005021, 36.710657
0.000434, 0.000838, 0.001983, 0.003097, 0.004084, 0.004449, 0.004735, 0.004636, 36.750451
0.000503, 0.000947, 0.002535, 0.003522, 0.004104, 0.004883, 0.005573, 0.005228, 36.089266
0.000424, 0.000829, 0.002772, 0.003531, 0.004488, 0.004883, 0.004607, 0.004587, 36.533875
0.000454, 0.000671, 0.001460, 0.002900, 0.004459, 0.004893, 0.004242, 0.005337, 37.063324
0.000276, 0.000602, 0.001795, 0.003048, 0.003699, 0.004695, 0.004774, 0.005406, 38.146683
0.000365, 0.000740, 0.001746, 0.002723, 0.004094, 0.004774, 0.004962, 0.004833, 37.398596
0.000434, 0.000779, 0.002081, 0.003206, 0.004794, 0.005317, 0.004833, 0.004942, 36.823631
0.000276, 0.000799, 0.002190, 0.002871, 0.003689, 0.004686, 0.004843, 0.005494, 37.664843
0.000326, 0.000838, 0.002131, 0.002949, 0.004153, 0.004429, 0.005011, 0.004893, 37.311078
0.000483, 0.000799, 0.002141, 0.003423, 0.004311, 0.004597, 0.005317, 0.005544, 36.530066
0.000227, 0.000592, 0.002032, 0.002871, 0.003660, 0.004399, 0.004873, 0.004616, 38.442331
0.000276, 0.000789, 0.002289, 0.003433, 0.003561, 0.004646, 0.004893, 0.005869, 37.611156
0.000582, 0.000917, 0.002121, 0.003443, 0.004025, 0.004212, 0.004666, 0.004676, 35.911674
0.000375, 0.000651, 0.002219, 0.002841, 0.003709, 0.004321, 0.004824, 0.004478, 37.288795
0.000444, 0.001134, 0.001815, 0.002782, 0.003926, 0.004567, 0.005623, 0.005218, 36.434512
0.000385, 0.000730, 0.001854, 0.002801, 0.004123, 0.004794, 0.004922, 0.004469, 37.246125
0.000355, 0.000868, 0.001973, 0.003443, 0.003324, 0.004636, 0.005189, 0.005889, 37.144352
0.000730, 0.000888, 0.002575, 0.002959, 0.004370, 0.004281, 0.004567, 0.005208, 35.300271
0.000464, 0.001075, 0.001628, 0.003709, 0.004409, 0.003946, 0.004883, 0.005277, 36.380886
0.001598, 0.002397, 0.003581, 0.003699, 0.004123, 0.005110, 0.005149, 0.004755, 32.016496
0.001450, 0.002693, 0.004251, 0.004133, 0.004725, 0.004695, 0.004932, 0.005603, 32.061444
0.002062, 0.002338, 0.003265, 0.003965, 0.004833, 0.005938, 0.004883, 0.004853, 31.304241
0.002259, 0.002565, 0.003985, 0.003571, 0.005080, 0.004104, 0.004735, 0.004893, 30.901111
===========END============
=========================================
=              Memory Manager           =
=========================================
* Block size            : 32440320 Bytes
* Number of blocks      : 5
* Free mem in last block: 15000756
* Total mem alloced     : 147200844 Bytes

* Recycle list          : 
[  0(38016)] = 1         [  2(2)] = 1         [  4(202756)] = 5         [  6(6)] = 2         
[  8(813320)] = 4         [  8(3244104)] = 2         [  8(811016)] = 2         [  8(1622024)] = 7         
[ 12(12)] = 1         [ 16(16)] = 4         [ 18(912402)] = 1         [ 20(20)] = 1         
[ 21(1714773)] = 1         [ 27(912411)] = 1         [ 32(101664)] = 6         [ 34(3170)] = 2         
[ 39(671527)] = 1         [ 40(1622056)] = 2         [ 52(3244148)] = 1         [ 58(92282)] = 1         
[ 59(1621947)] = 1         
* Recycled Memory       : 70510772 Bytes
* Inused Memory         : 76690072 Bytes
0.000059, 0.000059, 0.000641, 0.000503, 0.000937, 0.000888, 0.000967, 0.000819, 44.952541
0.000138, 0.000030, 0.000276, 0.000730, 0.000592, 0.000799, 0.001184, 0.001026, 43.491935
0.000247, 0.000326, 0.000552, 0.000829, 0.000582, 0.000927, 0.001006, 0.001036, 40.200853
0.000256, 0.000533, 0.000720, 0.000700, 0.000838, 0.001095, 0.000917, 0.001046, 39.452359
0.000316, 0.000247, 0.000681, 0.000661, 0.000592, 0.001095, 0.001450, 0.001213, 39.611772
0.000178, 0.000612, 0.000513, 0.000720, 0.000720, 0.001203, 0.001223, 0.001105, 40.182517
0.000326, 0.000533, 0.000898, 0.000799, 0.001065, 0.000799, 0.001036, 0.001065, 38.743671
0.000256, 0.000355, 0.000621, 0.000671, 0.001095, 0.000957, 0.000957, 0.001125, 39.964983
0.000227, 0.000444, 0.000898, 0.000868, 0.000917, 0.001243, 0.001065, 0.000927, 39.830980
0.000187, 0.000345, 0.000454, 0.000690, 0.000710, 0.001055, 0.000819, 0.001075, 40.985114
0.000276, 0.000345, 0.000365, 0.000848, 0.001055, 0.000977, 0.001065, 0.001391, 39.922794
0.000296, 0.000187, 0.000740, 0.000592, 0.000917, 0.000829, 0.001154, 0.001026, 39.933480
0.000256, 0.000158, 0.000661, 0.000789, 0.001144, 0.000799, 0.001154, 0.001322, 40.482150
0.000276, 0.000158, 0.000513, 0.000661, 0.000898, 0.000937, 0.001351, 0.000769, 40.391291
0.000049, 0.000089, 0.000473, 0.000503, 0.001105, 0.000789, 0.001075, 0.001519, 45.400471
0.000049, 0.000089, 0.000572, 0.000473, 0.001006, 0.000868, 0.001085, 0.001105, 45.202672
0.000000, 0.000168, 0.000345, 0.000740, 0.000760, 0.001411, 0.001154, 0.001065, 46.969176
0.000079, 0.000326, 0.000434, 0.000621, 0.000690, 0.000868, 0.001174, 0.000986, 42.967174
0.000020, 0.000286, 0.000207, 0.000671, 0.000888, 0.001381, 0.001213, 0.000789, 45.200839
0.000059, 0.000099, 0.000385, 0.000720, 0.000908, 0.000789, 0.001085, 0.001282, 45.053971
0.000099, 0.000256, 0.000523, 0.000789, 0.000917, 0.001371, 0.001164, 0.001263, 42.704148
0.000306, 0.000178, 0.000562, 0.000967, 0.000917, 0.001065, 0.000888, 0.001460, 39.894930
0.000059, 0.000059, 0.000365, 0.000582, 0.000326, 0.001075, 0.001213, 0.000829, 45.630102
0.000020, 0.000089, 0.000503, 0.000543, 0.000513, 0.000690, 0.000996, 0.001125, 46.701477
0.000099, 0.000079, 0.000168, 0.000424, 0.000661, 0.000799, 0.001440, 0.000641, 44.551009
0.000020, 0.000020, 0.000128, 0.000365, 0.000592, 0.000996, 0.000710, 0.000917, 49.760258
0.000000, 0.000039, 0.000039, 0.000602, 0.000641, 0.000740, 0.001470, 0.001184, 51.933327
0.000000, 0.000059, 0.000178, 0.000404, 0.000868, 0.000740, 0.001095, 0.001272, 50.343340
0.000000, 0.000089, 0.000148, 0.000178, 0.000493, 0.001055, 0.000848, 0.001016, 50.252880
0.000000, 0.000000, 0.000030, 0.000227, 0.000661, 0.000533, 0.001055, 0.001055, 56.532668
0.000079, 0.000178, 0.000178, 0.000621, 0.000967, 0.001036, 0.001075, 0.000937, 44.247828
0.000030, 0.000000, 0.000256, 0.000641, 0.000730, 0.000947, 0.001184, 0.001046, 48.221800
0.000128, 0.000207, 0.000335, 0.000602, 0.000750, 0.000967, 0.000829, 0.001134, 42.671717
0.000089, 0.000207, 0.000375, 0.000819, 0.001046, 0.000750, 0.001026, 0.000927, 43.388044
0.000109, 0.000276, 0.000513, 0.000947, 0.000967, 0.000779, 0.000700, 0.001055, 42.384748
0.000079, 0.000168, 0.000375, 0.000789, 0.001184, 0.000917, 0.000868, 0.001125, 43.884471
0.000148, 0.000207, 0.000493, 0.000819, 0.001075, 0.001016, 0.001046, 0.001125, 42.024623
0.000118, 0.000306, 0.000602, 0.000710, 0.000641, 0.001144, 0.000967, 0.000898, 42.052635
0.000109, 0.000256, 0.000217, 0.000651, 0.000838, 0.000700, 0.001223, 0.000878, 42.962779
0.000049, 0.000237, 0.000503, 0.000947, 0.000799, 0.001401, 0.001095, 0.001036, 43.957483
0.000049, 0.000207, 0.000592, 0.001036, 0.001075, 0.000730, 0.000898, 0.001134, 43.959418
0.000118, 0.000345, 0.000720, 0.000769, 0.001223, 0.001292, 0.001105, 0.001115, 41.684195
0.000000, 0.000197, 0.000671, 0.000740, 0.001282, 0.001115, 0.001105, 0.001282, 45.614761
0.000158, 0.000207, 0.000227, 0.000730, 0.000947, 0.000760, 0.001046, 0.001154, 42.184205
0.000039, 0.000187, 0.000326, 0.000503, 0.000700, 0.001095, 0.000858, 0.001351, 45.245030
0.000059, 0.000197, 0.000316, 0.000523, 0.000848, 0.001095, 0.000700, 0.001430, 44.490783
0.000059, 0.000158, 0.000631, 0.000730, 0.000690, 0.001055, 0.001253, 0.000819, 44.122999
0.000079, 0.000000, 0.000404, 0.000681, 0.000967, 0.000957, 0.000967, 0.001046, 45.200708
0.000079, 0.000079, 0.000365, 0.000306, 0.000621, 0.001134, 0.000720, 0.000957, 44.850023
0.000118, 0.000089, 0.000118, 0.000395, 0.000612, 0.001095, 0.001213, 0.000838, 44.001825
0.000000, 0.000089, 0.000247, 0.000523, 0.000789, 0.000819, 0.001292, 0.000631, 48.992473
0.000030, 0.000118, 0.000335, 0.000434, 0.000690, 0.001134, 0.001174, 0.001184, 46.391766
0.000148, 0.000039, 0.000335, 0.000760, 0.000671, 0.001223, 0.001282, 0.001085, 43.117130
0.000069, 0.000109, 0.000602, 0.000582, 0.000809, 0.001036, 0.001075, 0.001213, 44.302059
0.000109, 0.000128, 0.000483, 0.000523, 0.000799, 0.000769, 0.001144, 0.001154, 43.358149
0.000099, 0.000099, 0.000217, 0.000621, 0.000760, 0.001253, 0.001026, 0.001164, 44.194283
0.000049, 0.000049, 0.000227, 0.000503, 0.000809, 0.000947, 0.001006, 0.001292, 46.536792
0.000079, 0.000089, 0.000207, 0.000316, 0.000730, 0.000986, 0.000977, 0.001559, 45.082755
0.000069, 0.000089, 0.000256, 0.000454, 0.000720, 0.001203, 0.000888, 0.000967, 45.244303
0.000079, 0.000148, 0.000493, 0.000700, 0.000690, 0.001095, 0.000819, 0.001095, 43.899305
0.000138, 0.000217, 0.000473, 0.000434, 0.000878, 0.001657, 0.000996, 0.001302, 42.292535
0.000020, 0.000099, 0.000513, 0.000562, 0.001036, 0.000917, 0.001164, 0.000690, 46.421895
0.000207, 0.000079, 0.000464, 0.000829, 0.000996, 0.001055, 0.001144, 0.001312, 41.610299
0.000168, 0.000138, 0.000434, 0.000651, 0.000977, 0.000908, 0.001243, 0.001026, 42.101986
0.000049, 0.000217, 0.000316, 0.000651, 0.001055, 0.000927, 0.001006, 0.000908, 44.562542
0.000099, 0.000079, 0.000661, 0.000503, 0.000838, 0.001332, 0.001154, 0.001263, 43.619394
0.000030, 0.000237, 0.000454, 0.000473, 0.000750, 0.001381, 0.001184, 0.001440, 44.888575
0.000109, 0.000227, 0.000296, 0.000720, 0.000750, 0.001046, 0.001006, 0.001115, 42.989553
0.000089, 0.000276, 0.000454, 0.000651, 0.000898, 0.000977, 0.000720, 0.001105, 42.949103
0.000079, 0.000345, 0.000523, 0.000888, 0.001174, 0.000829, 0.001055, 0.001046, 42.599975
0.000030, 0.000128, 0.000483, 0.000424, 0.000690, 0.000898, 0.001115, 0.000809, 45.884695
0.000020, 0.000187, 0.000503, 0.000710, 0.000730, 0.001243, 0.001144, 0.001302, 45.434830
0.000049, 0.000207, 0.000493, 0.000473, 0.001006, 0.000908, 0.001036, 0.000681, 44.389617
0.000099, 0.000187, 0.000543, 0.000809, 0.000977, 0.001075, 0.000819, 0.001233, 43.037870
0.000089, 0.000178, 0.000621, 0.000493, 0.000779, 0.001095, 0.000671, 0.001342, 43.336235
0.000079, 0.000276, 0.000414, 0.000543, 0.000779, 0.001006, 0.001194, 0.001292, 43.274423
0.000049, 0.000247, 0.000483, 0.000700, 0.000789, 0.000908, 0.001184, 0.000947, 44.043028
0.000020, 0.000207, 0.000572, 0.000572, 0.001085, 0.000730, 0.001411, 0.001134, 45.138125
0.000030, 0.000059, 0.000306, 0.000740, 0.000552, 0.000760, 0.001194, 0.001302, 47.043778
0.000089, 0.000138, 0.000414, 0.000641, 0.001253, 0.000700, 0.001233, 0.001115, 43.811556
0.000089, 0.000256, 0.000582, 0.000562, 0.000858, 0.001292, 0.001046, 0.000908, 42.912877
0.000069, 0.000197, 0.000385, 0.000404, 0.000730, 0.001174, 0.001164, 0.000829, 44.120327
0.000020, 0.000049, 0.000296, 0.000562, 0.000760, 0.000769, 0.000848, 0.001125, 47.967604
0.000118, 0.000266, 0.000316, 0.000404, 0.000750, 0.000848, 0.000977, 0.001006, 42.661016
0.000197, 0.000326, 0.000483, 0.000720, 0.000661, 0.000908, 0.001233, 0.001401, 40.882445
0.000118, 0.000207, 0.000513, 0.000700, 0.000769, 0.001174, 0.000957, 0.000750, 42.609409
0.000375, 0.000266, 0.000769, 0.000967, 0.000937, 0.000996, 0.001411, 0.001026, 38.915774
0.000286, 0.000503, 0.000819, 0.000878, 0.000868, 0.000898, 0.001085, 0.000937, 39.163128
0.000207, 0.000641, 0.000996, 0.000769, 0.001174, 0.001036, 0.000937, 0.000898, 39.473801
0.000326, 0.000552, 0.000868, 0.000858, 0.000690, 0.001361, 0.001164, 0.001134, 38.697724
===========END============
=========================================
=              Memory Manager           =
=========================================
* Block size            : 32440320 Bytes
* Number of blocks      : 5
* Free mem in last block: 15000756
* Total mem alloced     : 147200844 Bytes

* Recycle list          : 
[  0(38016)] = 1         [  2(2)] = 1         [  4(202756)] = 5         [  6(6)] = 2         
[  8(813320)] = 4         [  8(3244104)] = 2         [  8(811016)] = 2         [  8(1622024)] = 7         
[ 12(12)] = 1         [ 16(16)] = 4         [ 18(912402)] = 1         [ 20(20)] = 1         
[ 21(1714773)] = 1         [ 27(912411)] = 1         [ 32(101664)] = 6         [ 34(3170)] = 2         
[ 39(671527)] = 1         [ 40(1622056)] = 2         [ 52(3244148)] = 1         [ 58(92282)] = 1         
[ 59(1621947)] = 1         
* Recycled Memory       : 70510772 Bytes
* Inused Memory         : 76690072 Bytes
