0.010086,0.017686,0.037305,0.054269,0.068241,0.078266,0.083819,0.084528,23.420392
0.015372,0.025786,0.043072,0.052810,0.064769,0.076288,0.083424,0.084524,21.889243
0.018327,0.028875,0.043956,0.052937,0.065121,0.076464,0.083438,0.084538,21.292119
0.019779,0.030125,0.044392,0.052533,0.065068,0.076538,0.083541,0.084488,21.036709
0.020456,0.030833,0.044176,0.052080,0.064669,0.076186,0.083460,0.084514,20.922640
0.021081,0.031876,0.044916,0.052613,0.064539,0.076044,0.083541,0.084534,20.797325
0.020830,0.032053,0.046354,0.054403,0.066040,0.076950,0.083557,0.084519,20.808135
0.019745,0.031089,0.046890,0.054995,0.067043,0.077104,0.083601,0.084534,20.980118
0.018345,0.029535,0.046203,0.054755,0.067066,0.077966,0.083702,0.084522,21.239215
0.016757,0.028069,0.044442,0.053603,0.066364,0.077680,0.083676,0.084530,21.553906
0.015538,0.026407,0.043053,0.053807,0.066557,0.077926,0.083739,0.084501,21.831426
0.013610,0.023761,0.040642,0.053056,0.065883,0.077809,0.083639,0.084522,22.317080
0.011738,0.020936,0.039703,0.053175,0.066173,0.077946,0.083669,0.084531,22.838504
0.009979,0.017649,0.036393,0.050967,0.064509,0.077503,0.083445,0.084520,23.478644
0.009074,0.016176,0.033864,0.049491,0.063856,0.076958,0.083525,0.084508,23.849261
0.008389,0.015137,0.033228,0.048820,0.062908,0.076216,0.083449,0.084536,24.123060
0.009027,0.015963,0.034528,0.049263,0.063134,0.076379,0.083365,0.084522,23.866885
0.008548,0.015525,0.033692,0.049135,0.062554,0.075671,0.083319,0.084532,24.042445
0.008177,0.014822,0.031526,0.046910,0.061428,0.075649,0.083229,0.084516,24.247520
0.008315,0.015207,0.032137,0.046854,0.061189,0.075584,0.083179,0.084525,24.169372
0.008785,0.016163,0.034451,0.048232,0.060917,0.074660,0.082997,0.084528,23.926619
0.007683,0.014600,0.032101,0.046435,0.058733,0.073049,0.082580,0.084508,24.405621
0.003844,0.008278,0.023543,0.039997,0.054888,0.070341,0.082063,0.084514,26.786253
0.002264,0.004229,0.011674,0.024344,0.044998,0.066509,0.081119,0.084496,29.268942
0.002244,0.003897,0.008989,0.018627,0.038928,0.063259,0.080167,0.084475,29.641886
0.001751,0.003275,0.008857,0.020482,0.041542,0.064435,0.080357,0.084475,30.312069
0.001552,0.003094,0.008487,0.020818,0.043990,0.066831,0.081250,0.084482,30.616330
0.001584,0.002897,0.007339,0.014769,0.034070,0.062266,0.080409,0.084450,30.912271
0.002019,0.003603,0.008518,0.016349,0.032987,0.059553,0.079810,0.084442,30.055037
0.001557,0.002834,0.008113,0.018446,0.038356,0.063537,0.080798,0.084465,30.804127
0.001761,0.003707,0.012135,0.031425,0.052056,0.070391,0.082036,0.084497,29.718989
0.002152,0.004892,0.016401,0.037865,0.055875,0.071708,0.082274,0.084511,28.739622
0.002365,0.005532,0.020135,0.041264,0.058387,0.073067,0.082448,0.084536,28.222473
0.002462,0.006264,0.024199,0.044756,0.059918,0.074576,0.082860,0.084535,27.809840
0.003541,0.008889,0.029183,0.048145,0.062201,0.075504,0.083155,0.084529,26.600396
0.005321,0.013110,0.034235,0.050724,0.063852,0.076160,0.083332,0.084520,25.238409
0.007128,0.016015,0.037471,0.052351,0.064444,0.076729,0.083639,0.084516,24.329974
0.008400,0.018092,0.039433,0.053959,0.066048,0.077466,0.083695,0.084541,23.788077
0.008195,0.017669,0.038720,0.053840,0.065910,0.077766,0.083490,0.084533,23.882600
0.007074,0.015833,0.037986,0.053543,0.066381,0.077979,0.083541,0.084534,24.342007
0.006084,0.014395,0.035904,0.053455,0.066153,0.077759,0.083710,0.084495,24.806606
0.005079,0.011562,0.032149,0.051876,0.065431,0.077662,0.083564,0.084522,25.515380
0.005269,0.011214,0.029252,0.048176,0.064278,0.076932,0.083446,0.084529,25.570728
0.004035,0.008058,0.020528,0.038937,0.060548,0.076339,0.083271,0.084512,26.807855
0.007204,0.013074,0.030253,0.046355,0.061330,0.074939,0.082953,0.084507,24.707072
0.004772,0.008179,0.018986,0.035755,0.057692,0.073998,0.082797,0.084503,26.499761
0.006367,0.011754,0.027141,0.046620,0.063372,0.076158,0.083071,0.084470,25.166987
0.008444,0.015587,0.034097,0.051351,0.064829,0.076612,0.083328,0.084530,24.047608
0.004983,0.009058,0.020421,0.037061,0.059150,0.075771,0.083218,0.084513,26.239983
0.007259,0.012972,0.029379,0.046239,0.062405,0.075892,0.083240,0.084501,24.714242
0.005694,0.009742,0.021689,0.038425,0.059112,0.075110,0.083241,0.084509,25.810132
0.004883,0.008475,0.019301,0.033755,0.056234,0.075111,0.083132,0.084511,26.418147
0.007189,0.012373,0.027769,0.045095,0.060969,0.075651,0.083122,0.084506,24.827312
0.007662,0.013344,0.029620,0.046446,0.061910,0.075804,0.083226,0.084531,24.551484
0.006784,0.011855,0.026552,0.043862,0.062109,0.075880,0.083285,0.084511,25.040351
0.005506,0.009567,0.021743,0.038860,0.058835,0.075507,0.083347,0.084518,25.903417
0.005482,0.009500,0.021296,0.037461,0.058397,0.075461,0.083435,0.084511,25.943189
0.006220,0.010824,0.022919,0.038810,0.058685,0.075105,0.083201,0.084517,25.458528
0.007992,0.014061,0.028965,0.043966,0.060571,0.075743,0.083356,0.084514,24.420818
0.009119,0.016146,0.031710,0.045674,0.061578,0.076189,0.083348,0.084513,23.893645
0.009252,0.016383,0.032038,0.046228,0.061608,0.075709,0.083272,0.084527,23.834729
0.009309,0.016526,0.033188,0.046721,0.062241,0.076144,0.083351,0.084495,23.788636
0.009030,0.016201,0.032937,0.048439,0.063228,0.076279,0.083396,0.084506,23.880038
0.009420,0.016634,0.034979,0.049476,0.063435,0.076210,0.083386,0.084524,23.711430
0.008414,0.015134,0.031534,0.047485,0.063278,0.076069,0.083315,0.084524,24.151752
0.007784,0.014272,0.029399,0.045294,0.062913,0.075820,0.083309,0.084532,24.450715
0.008523,0.015655,0.031904,0.048292,0.063704,0.076076,0.083202,0.084519,24.073848
0.009088,0.016782,0.034294,0.049643,0.063489,0.075493,0.083172,0.084526,23.798649
0.009611,0.017416,0.035299,0.050157,0.063927,0.075755,0.083245,0.084496,23.605216
0.008910,0.016092,0.033001,0.048579,0.063731,0.075748,0.083376,0.084525,23.917429
0.007265,0.013336,0.028101,0.044673,0.062242,0.075777,0.083411,0.084477,24.716810
0.007615,0.014000,0.030077,0.046902,0.063885,0.076264,0.083352,0.084515,24.501299
0.007970,0.014898,0.032104,0.048044,0.063621,0.075995,0.083326,0.084542,24.284024
0.008458,0.015530,0.032272,0.048389,0.063508,0.075513,0.083327,0.084495,24.094153
0.008274,0.015810,0.033383,0.048320,0.063185,0.075594,0.083287,0.084518,24.107410
0.008939,0.016540,0.035032,0.049816,0.063729,0.075288,0.082993,0.084499,23.840741
0.008343,0.015635,0.032845,0.047300,0.062557,0.075075,0.083237,0.084522,24.115145
0.007922,0.014898,0.032023,0.047508,0.062823,0.074945,0.083114,0.084540,24.303468
0.007222,0.013675,0.029927,0.045461,0.060553,0.074112,0.082824,0.084508,24.665344
0.005713,0.011356,0.027913,0.043399,0.059147,0.073447,0.082504,0.084506,25.454667
0.004923,0.010166,0.026159,0.042328,0.058515,0.073088,0.082768,0.084511,25.949207
0.004976,0.010538,0.026825,0.043686,0.059614,0.073545,0.082905,0.084513,25.858196
0.004725,0.009591,0.025604,0.042193,0.059205,0.073240,0.082691,0.084520,26.114207
0.007074,0.014106,0.031533,0.047009,0.062258,0.075162,0.083170,0.084521,24.636055
0.008588,0.016414,0.033643,0.049618,0.064896,0.076338,0.083481,0.084532,23.966467
0.011673,0.021388,0.039481,0.053246,0.067474,0.077317,0.083702,0.084535,22.830194
0.021665,0.034461,0.049610,0.057407,0.069687,0.078117,0.083782,0.084523,20.589356
0.023543,0.037568,0.051674,0.059921,0.070806,0.078363,0.083859,0.084537,20.248713
0.024720,0.039214,0.053474,0.061517,0.072283,0.079028,0.083807,0.084546,20.052420
0.029377,0.045598,0.060181,0.067082,0.076055,0.080618,0.084017,0.084540,19.360247
0.004021,0.007490,0.017218,0.026261,0.034060,0.039830,0.043086,0.043504,27.198500
0.006411,0.011393,0.020235,0.025464,0.032095,0.038681,0.042852,0.043502,25.534228
0.007792,0.012926,0.020703,0.025533,0.032293,0.038783,0.042861,0.043510,24.882864
0.008481,0.013553,0.020935,0.025313,0.032263,0.038826,0.042922,0.043481,24.603553
0.008804,0.013910,0.020820,0.025066,0.032039,0.038622,0.042874,0.043496,24.478853
0.009104,0.014437,0.021213,0.025357,0.031965,0.038539,0.042922,0.043508,24.339895
0.008983,0.014527,0.021979,0.026335,0.032812,0.039065,0.042931,0.043499,24.349122
0.008465,0.014039,0.022266,0.026659,0.033380,0.039154,0.042957,0.043507,24.536410
0.007801,0.013257,0.021898,0.026527,0.033393,0.039656,0.043016,0.043501,24.820432
0.007055,0.012524,0.020961,0.025897,0.032995,0.039489,0.043001,0.043505,25.165541
0.006487,0.011700,0.020225,0.026008,0.033105,0.039633,0.043039,0.043488,25.469673
0.005602,0.010401,0.018956,0.025598,0.032724,0.039564,0.042979,0.043501,26.001278
0.004755,0.009034,0.018465,0.025663,0.032888,0.039644,0.042997,0.043506,26.566883
0.003974,0.007473,0.016746,0.024462,0.031948,0.039386,0.042865,0.043499,27.266726
0.003578,0.006784,0.015448,0.023664,0.031581,0.039069,0.042912,0.043492,27.672188
0.003280,0.006302,0.015124,0.023302,0.031049,0.038639,0.042867,0.043509,27.967508
0.003557,0.006685,0.015788,0.023541,0.031176,0.038733,0.042818,0.043501,27.690196
0.003349,0.006482,0.015361,0.023472,0.030851,0.038323,0.042791,0.043507,27.879442
0.003189,0.006157,0.014260,0.022277,0.030221,0.038311,0.042738,0.043497,28.107892
0.003248,0.006334,0.014569,0.022247,0.030087,0.038273,0.042708,0.043503,28.022138
0.003452,0.006778,0.015749,0.022986,0.029935,0.037739,0.042601,0.043504,27.754060
0.002977,0.006055,0.014551,0.022022,0.028720,0.036810,0.042356,0.043492,28.274159
0.001387,0.003232,0.010295,0.018619,0.026600,0.035257,0.042051,0.043496,30.826609
0.000774,0.001541,0.004727,0.010685,0.021257,0.033077,0.041497,0.043485,33.556013
0.000767,0.001408,0.003540,0.007934,0.018061,0.031245,0.040940,0.043473,34.005169
0.000584,0.001163,0.003483,0.008817,0.019429,0.031907,0.041051,0.043473,34.683903
0.000511,0.001092,0.003323,0.008978,0.020721,0.033260,0.041575,0.043477,34.987602
0.000523,0.001016,0.002830,0.006133,0.015554,0.030689,0.041082,0.043458,35.367801
0.000683,0.001292,0.003336,0.006864,0.015001,0.029176,0.040731,0.043454,34.460496
0.000513,0.000992,0.003161,0.007848,0.017763,0.031402,0.041310,0.043467,35.216042
0.000587,0.001333,0.004934,0.014209,0.025054,0.035286,0.042036,0.043486,33.955862
0.000732,0.001809,0.006888,0.017508,0.027143,0.036040,0.042176,0.043494,32.883848
0.000813,0.002072,0.008650,0.019282,0.028529,0.036820,0.042278,0.043509,32.307470
0.000849,0.002376,0.010615,0.021128,0.029379,0.037690,0.042520,0.043508,31.834414
0.001267,0.003497,0.013081,0.022939,0.030653,0.038227,0.042694,0.043504,30.561127
0.001985,0.005374,0.015638,0.024331,0.031579,0.038606,0.042798,0.043499,29.120039
0.002740,0.006709,0.017304,0.025214,0.031912,0.038936,0.042980,0.043497,28.155465
0.003285,0.007681,0.018324,0.026092,0.032817,0.039365,0.043013,0.043512,27.574168
0.003197,0.007482,0.017953,0.026027,0.032739,0.039539,0.042892,0.043507,27.677085
0.002717,0.006624,0.017571,0.025864,0.033005,0.039663,0.042922,0.043508,28.164401
0.002301,0.005961,0.016495,0.025816,0.032876,0.039535,0.043021,0.043484,28.658059
0.001886,0.004676,0.014575,0.024956,0.032468,0.039479,0.042935,0.043501,29.421716
0.001963,0.004521,0.013115,0.022956,0.031818,0.039054,0.042865,0.043505,29.505318
0.001463,0.003138,0.008839,0.018065,0.029729,0.038710,0.042762,0.043495,30.868715
0.002773,0.005358,0.013617,0.021980,0.030166,0.037900,0.042575,0.043492,28.602999
0.001761,0.003190,0.008104,0.016418,0.028144,0.037356,0.042483,0.043490,30.570142
0.002419,0.004762,0.012063,0.022121,0.031309,0.038605,0.042645,0.043470,29.100256
0.003304,0.006510,0.015568,0.024671,0.032128,0.038869,0.042796,0.043506,27.879805
0.001846,0.003570,0.008787,0.017091,0.028952,0.038381,0.042731,0.043495,30.282466
0.002796,0.005311,0.013179,0.021918,0.030767,0.038451,0.042744,0.043488,28.613991
0.002139,0.003869,0.009396,0.017799,0.028931,0.037999,0.042745,0.043493,29.822187
0.001806,0.003317,0.008253,0.015393,0.027340,0.037999,0.042680,0.043494,30.486321
0.002766,0.005041,0.012375,0.021308,0.029964,0.038312,0.042675,0.043491,28.743676
0.002968,0.005481,0.013300,0.022029,0.030490,0.038401,0.042736,0.043506,28.440897
0.002595,0.004808,0.011771,0.020653,0.030601,0.038444,0.042771,0.043494,28.975120
0.002061,0.003793,0.009422,0.018026,0.028777,0.038228,0.042807,0.043498,29.919627
0.002051,0.003764,0.009207,0.017299,0.028535,0.038202,0.042859,0.043494,29.966357
0.002358,0.004347,0.009991,0.017999,0.028694,0.037996,0.042721,0.043498,29.442269
0.003109,0.005808,0.012971,0.020709,0.029742,0.038365,0.042812,0.043496,28.305862
0.003597,0.006770,0.014353,0.021617,0.030304,0.038623,0.042808,0.043495,27.730015
0.003655,0.006880,0.014519,0.021912,0.030321,0.038345,0.042763,0.043504,27.665338
0.003680,0.006947,0.015103,0.022176,0.030675,0.038597,0.042809,0.043485,27.612111
0.003558,0.006795,0.014976,0.023097,0.031228,0.038675,0.042836,0.043491,27.708533
0.003729,0.006997,0.016019,0.023656,0.031345,0.038635,0.042830,0.043502,27.522095
0.003291,0.006301,0.014264,0.022585,0.031256,0.038554,0.042788,0.043502,28.004507
0.003020,0.005904,0.013189,0.021414,0.031051,0.038410,0.042785,0.043506,28.332173
0.003338,0.006542,0.014451,0.023018,0.031496,0.038558,0.042722,0.043499,27.917906
0.003584,0.007066,0.015668,0.023746,0.031375,0.038220,0.042704,0.043503,27.614914
0.003812,0.007363,0.016183,0.024024,0.031621,0.038372,0.042747,0.043485,27.405107
0.003506,0.006745,0.015008,0.023172,0.031511,0.038368,0.042824,0.043502,27.747903
0.002799,0.005477,0.012540,0.021084,0.030675,0.038385,0.042845,0.043474,28.621478
0.002948,0.005780,0.013529,0.022272,0.031597,0.038667,0.042810,0.043496,28.381814
0.003100,0.006192,0.014553,0.022885,0.031449,0.038511,0.042795,0.043512,28.141523
0.003310,0.006484,0.014638,0.023070,0.031386,0.038232,0.042796,0.043485,27.938682
0.003231,0.006614,0.015203,0.023033,0.031204,0.038279,0.042772,0.043498,27.947579
0.003519,0.006953,0.016046,0.023839,0.031509,0.038101,0.042599,0.043487,27.657753
0.003260,0.006533,0.014929,0.022485,0.030852,0.037978,0.042742,0.043501,27.959825
0.003079,0.006192,0.014511,0.022597,0.031001,0.037903,0.042670,0.043511,28.163158
0.002780,0.005631,0.013454,0.021503,0.029732,0.037422,0.042499,0.043492,28.558830
0.002147,0.004584,0.012447,0.020408,0.028950,0.037039,0.042311,0.043491,29.404574
0.001822,0.004056,0.011577,0.019842,0.028600,0.036833,0.042466,0.043494,29.933096
0.001844,0.004221,0.011907,0.020560,0.029210,0.037095,0.042547,0.043495,29.829618
0.001741,0.003803,0.011304,0.019772,0.028982,0.036920,0.042421,0.043499,30.109641
0.002717,0.005829,0.014263,0.022330,0.030685,0.038029,0.042703,0.043500,28.516506
0.003366,0.006894,0.015335,0.023733,0.032167,0.038710,0.042886,0.043506,27.794062
0.004726,0.009251,0.018349,0.025702,0.033624,0.039278,0.043016,0.043508,26.556481
0.009385,0.015754,0.023728,0.027987,0.034884,0.039744,0.043064,0.043501,24.102517
0.010294,0.017354,0.024846,0.029381,0.035523,0.039887,0.043109,0.043509,23.724303
0.010869,0.018210,0.025826,0.030270,0.036370,0.040274,0.043079,0.043515,23.505980
0.013178,0.021576,0.029525,0.033402,0.038545,0.041204,0.043202,0.043511,22.734980
0.001354,0.002620,0.006362,0.010002,0.013237,0.015680,0.017076,0.017256,31.778276
0.002221,0.004094,0.007562,0.009676,0.012414,0.015190,0.016975,0.017255,30.034782
0.002733,0.004684,0.007749,0.009705,0.012497,0.015234,0.016979,0.017258,29.350720
0.002990,0.004927,0.007842,0.009615,0.012485,0.015252,0.017005,0.017246,29.056914
0.003112,0.005065,0.007796,0.009514,0.012391,0.015165,0.016984,0.017252,28.925796
0.003225,0.005270,0.007954,0.009632,0.012360,0.015130,0.017005,0.017257,28.778292
0.003179,0.005305,0.008262,0.010032,0.012714,0.015354,0.017009,0.017254,28.786137
0.002984,0.005115,0.008378,0.010165,0.012952,0.015392,0.017020,0.017257,28.982551
0.002736,0.004812,0.008230,0.010111,0.012957,0.015606,0.017046,0.017254,29.281779
0.002459,0.004529,0.007853,0.009853,0.012791,0.015535,0.017039,0.017256,29.645548
0.002249,0.004212,0.007558,0.009899,0.012837,0.015596,0.017055,0.017249,29.965931
0.001925,0.003716,0.007051,0.009731,0.012677,0.015567,0.017030,0.017254,30.525568
0.001618,0.003198,0.006856,0.009758,0.012746,0.015601,0.017037,0.017256,31.117316
0.001337,0.002614,0.006176,0.009268,0.012353,0.015491,0.016981,0.017254,31.853488
0.001196,0.002359,0.005665,0.008944,0.012200,0.015356,0.017001,0.017251,32.280268
0.001091,0.002181,0.005538,0.008797,0.011979,0.015173,0.016982,0.017258,32.588150
0.001189,0.002322,0.005799,0.008894,0.012031,0.015213,0.016960,0.017254,32.298315
0.001115,0.002247,0.005631,0.008866,0.011896,0.015038,0.016949,0.017257,32.495585
0.001059,0.002128,0.005201,0.008382,0.011635,0.015033,0.016926,0.017253,32.739010
0.001080,0.002193,0.005322,0.008370,0.011579,0.015017,0.016913,0.017255,32.648619
0.001152,0.002357,0.005783,0.008669,0.011516,0.014790,0.016867,0.017256,32.364700
0.000985,0.002091,0.005315,0.008280,0.011014,0.014396,0.016762,0.017251,32.909529
0.000439,0.001074,0.003675,0.006917,0.010141,0.013741,0.016631,0.017252,35.560405
0.000237,0.000490,0.001607,0.003824,0.007971,0.012825,0.016393,0.017248,38.442204
0.000234,0.000446,0.001183,0.002786,0.006695,0.012061,0.016155,0.017242,38.944148
0.000176,0.000364,0.001163,0.003117,0.007239,0.012336,0.016202,0.017242,39.619525
0.000153,0.000341,0.001106,0.003177,0.007756,0.012902,0.016426,0.017244,39.918029
0.000156,0.000315,0.000933,0.002119,0.005707,0.011829,0.016215,0.017236,40.359078
0.000207,0.000407,0.001111,0.002388,0.005491,0.011202,0.016065,0.017234,39.426677
0.000153,0.000307,0.001049,0.002754,0.006577,0.012126,0.016313,0.017240,40.175244
0.000177,0.000420,0.001682,0.005182,0.009509,0.013753,0.016624,0.017248,38.797297
0.000223,0.000581,0.002397,0.006476,0.010364,0.014071,0.016684,0.017252,37.669512
0.000249,0.000671,0.003054,0.007181,0.010935,0.014401,0.016728,0.017258,37.056053
0.000261,0.000775,0.003797,0.007920,0.011286,0.014769,0.016832,0.017258,36.544100
0.000399,0.001168,0.004744,0.008650,0.011814,0.014997,0.016907,0.017256,35.237871
0.000641,0.001842,0.005740,0.009214,0.012199,0.015159,0.016952,0.017254,33.754830
0.000902,0.002331,0.006396,0.009574,0.012338,0.015299,0.017030,0.017253,32.759547
0.001093,0.002692,0.006800,0.009933,0.012716,0.015482,0.017044,0.017259,32.155605
0.001062,0.002618,0.006652,0.009906,0.012683,0.015556,0.016992,0.017257,32.263582
0.000894,0.002300,0.006501,0.009840,0.012795,0.015609,0.017005,0.017257,32.765831
0.000750,0.002056,0.006076,0.009820,0.012741,0.015554,0.017048,0.017247,33.275411
0.000607,0.001589,0.005324,0.009469,0.012570,0.015530,0.017011,0.017254,34.070721
0.000634,0.001533,0.004757,0.008657,0.012299,0.015349,0.016981,0.017256,34.174745
0.000464,0.001041,0.003125,0.006697,0.011431,0.015203,0.016936,0.017252,35.616637
0.000913,0.001836,0.004952,0.008262,0.011612,0.014858,0.016856,0.017251,33.254682
0.000564,0.001059,0.002849,0.006046,0.010776,0.014628,0.016816,0.017250,35.329296
0.000790,0.001620,0.004351,0.008320,0.012087,0.015158,0.016886,0.017241,33.773730
0.001100,0.002258,0.005712,0.009353,0.012429,0.015270,0.016951,0.017256,32.492126
0.000594,0.001194,0.003105,0.006312,0.011109,0.015063,0.016923,0.017252,35.024189
0.000921,0.001819,0.004782,0.008238,0.011861,0.015093,0.016929,0.017249,33.268376
0.000694,0.001300,0.003335,0.006591,0.011101,0.014900,0.016929,0.017251,34.546645
0.000580,0.001104,0.002905,0.005644,0.010445,0.014901,0.016901,0.017252,35.245184
0.000911,0.001721,0.004472,0.007992,0.011528,0.015033,0.016899,0.017250,33.409048
0.000981,0.001881,0.004829,0.008282,0.011746,0.015071,0.016925,0.017257,33.089653
0.000851,0.001637,0.004239,0.007729,0.011793,0.015090,0.016940,0.017252,33.651516
0.000667,0.001273,0.003345,0.006681,0.011037,0.014998,0.016956,0.017253,34.645959
0.000664,0.001262,0.003264,0.006394,0.010937,0.014987,0.016978,0.017251,34.697487
0.000769,0.001471,0.003560,0.006671,0.011003,0.014899,0.016919,0.017253,34.150260
0.001031,0.002000,0.004702,0.007751,0.011436,0.015056,0.016958,0.017252,32.953312
0.001203,0.002354,0.005238,0.008116,0.011669,0.015166,0.016956,0.017252,32.347858
0.001224,0.002394,0.005302,0.008235,0.011676,0.015048,0.016937,0.017256,32.279622
0.001233,0.002419,0.005530,0.008341,0.011823,0.015155,0.016957,0.017247,32.221597
0.001189,0.002363,0.005481,0.008714,0.012053,0.015188,0.016968,0.017250,32.320490
0.001250,0.002438,0.005889,0.008940,0.012102,0.015171,0.016966,0.017255,32.122793
0.001095,0.002181,0.005203,0.008507,0.012065,0.015136,0.016948,0.017255,32.631095
0.001000,0.002035,0.004786,0.008035,0.011980,0.015075,0.016946,0.017257,32.976497
0.001112,0.002270,0.005276,0.008682,0.012165,0.015138,0.016919,0.017254,32.539016
0.001198,0.002463,0.005752,0.008977,0.012114,0.014995,0.016911,0.017255,32.218779
0.001280,0.002573,0.005954,0.009090,0.012217,0.015059,0.016930,0.017248,31.999178
0.001171,0.002344,0.005493,0.008744,0.012171,0.015057,0.016963,0.017255,32.360843
0.000922,0.001879,0.004535,0.007902,0.011823,0.015064,0.016972,0.017243,33.279720
0.000974,0.001990,0.004918,0.008380,0.012207,0.015184,0.016957,0.017252,33.024622
0.001028,0.002141,0.005315,0.008628,0.012145,0.015118,0.016950,0.017259,32.769946
0.001102,0.002248,0.005349,0.008703,0.012119,0.014999,0.016951,0.017247,32.559868
0.001074,0.002296,0.005569,0.008688,0.012043,0.015019,0.016940,0.017253,32.565416
0.001175,0.002421,0.005900,0.009015,0.012170,0.014944,0.016866,0.017248,32.261580
0.001084,0.002266,0.005462,0.008466,0.011897,0.014892,0.016928,0.017254,32.580969
0.001020,0.002141,0.005299,0.008512,0.011959,0.014860,0.016897,0.017259,32.793046
0.000916,0.001936,0.004888,0.008070,0.011432,0.014656,0.016823,0.017251,33.209472
0.000696,0.001556,0.004499,0.007631,0.011108,0.014493,0.016742,0.017250,34.087365
0.000585,0.001367,0.004165,0.007405,0.010964,0.014406,0.016809,0.017251,34.635051
0.000593,0.001425,0.004291,0.007692,0.011216,0.014517,0.016844,0.017252,34.523395
0.000558,0.001276,0.004060,0.007376,0.011122,0.014443,0.016790,0.017254,34.817952
0.000894,0.002008,0.005203,0.008404,0.011827,0.014913,0.016911,0.017254,33.157752
0.001122,0.002400,0.005621,0.008971,0.012445,0.015203,0.016990,0.017257,32.404242
0.001607,0.003280,0.006810,0.009774,0.013054,0.015445,0.017046,0.017257,31.105509
0.003331,0.005785,0.008970,0.010711,0.013584,0.015643,0.017066,0.017255,28.521536
0.003675,0.006415,0.009424,0.011287,0.013853,0.015704,0.017086,0.017258,28.119726
0.003894,0.006754,0.009824,0.011655,0.014210,0.015870,0.017073,0.017260,27.887504
0.004781,0.008100,0.011346,0.012961,0.015133,0.016268,0.017126,0.017259,27.066684
0.000369,0.000726,0.001808,0.002882,0.003851,0.004589,0.005014,0.005069,37.358068
0.000613,0.001149,0.002160,0.002785,0.003604,0.004441,0.004983,0.005068,35.579408
0.000758,0.001319,0.002215,0.002794,0.003628,0.004454,0.004984,0.005069,34.880705
0.000832,0.001389,0.002242,0.002767,0.003625,0.004460,0.004992,0.005066,34.580384
0.000866,0.001430,0.002229,0.002737,0.003597,0.004433,0.004986,0.005068,34.446390
0.000899,0.001489,0.002275,0.002772,0.003587,0.004423,0.004992,0.005069,34.294969
0.000886,0.001499,0.002367,0.002891,0.003694,0.004490,0.004993,0.005068,34.302075
0.000830,0.001444,0.002401,0.002931,0.003765,0.004502,0.004997,0.005069,34.502546
0.000759,0.001356,0.002357,0.002915,0.003767,0.004567,0.005005,0.005068,34.808632
0.000680,0.001274,0.002246,0.002838,0.003717,0.004545,0.005003,0.005069,35.180851
0.000621,0.001182,0.002159,0.002852,0.003730,0.004564,0.005008,0.005067,35.508568
0.000529,0.001040,0.002010,0.002802,0.003682,0.004555,0.005000,0.005068,36.080851
0.000442,0.000891,0.001952,0.002810,0.003703,0.004565,0.005002,0.005069,36.684164
0.000364,0.000724,0.001753,0.002664,0.003585,0.004532,0.004985,0.005068,37.436695
0.000325,0.000652,0.001604,0.002568,0.003539,0.004491,0.004991,0.005067,37.873107
0.000295,0.000601,0.001567,0.002525,0.003473,0.004435,0.004985,0.005069,38.186500
0.000323,0.000641,0.001643,0.002553,0.003489,0.004448,0.004979,0.005068,37.891120
0.000302,0.000620,0.001594,0.002545,0.003448,0.004395,0.004975,0.005069,38.091921
0.000286,0.000586,0.001469,0.002402,0.003370,0.004393,0.004968,0.005068,38.342301
0.000292,0.000605,0.001504,0.002398,0.003353,0.004388,0.004964,0.005068,38.249823
0.000312,0.000651,0.001639,0.002487,0.003334,0.004320,0.004950,0.005069,37.958653
0.000266,0.000576,0.001502,0.002372,0.003184,0.004201,0.004918,0.005067,38.514551
0.000116,0.000291,0.001028,0.001970,0.002924,0.004003,0.004878,0.005068,41.208061
0.000062,0.000130,0.000440,0.001071,0.002281,0.003727,0.004806,0.005066,44.158951
0.000061,0.000118,0.000321,0.000773,0.001905,0.003497,0.004733,0.005065,44.686414
0.000045,0.000096,0.000315,0.000868,0.002065,0.003580,0.004748,0.005065,45.357827
0.000039,0.000089,0.000300,0.000885,0.002217,0.003750,0.004816,0.005065,45.652594
0.000040,0.000083,0.000252,0.000584,0.001616,0.003428,0.004752,0.005063,46.123698
0.000054,0.000107,0.000301,0.000660,0.001553,0.003240,0.004706,0.005062,45.181647
0.000039,0.000081,0.000284,0.000764,0.001871,0.003517,0.004782,0.005064,45.923898
0.000046,0.000111,0.000461,0.001463,0.002736,0.004006,0.004876,0.005066,44.489972
0.000058,0.000155,0.000663,0.001841,0.002990,0.004102,0.004895,0.005067,43.337351
0.000065,0.000179,0.000850,0.002048,0.003160,0.004202,0.004908,0.005069,42.706985
0.000068,0.000208,0.001063,0.002265,0.003265,0.004313,0.004940,0.005069,42.177029
0.000105,0.000317,0.001336,0.002481,0.003423,0.004382,0.004962,0.005069,40.857526
0.000171,0.000506,0.001626,0.002648,0.003539,0.004431,0.004976,0.005068,39.357262
0.000243,0.000644,0.001818,0.002755,0.003581,0.004474,0.005000,0.005068,38.349076
0.000296,0.000746,0.001936,0.002862,0.003694,0.004529,0.005004,0.005070,37.735294
0.000287,0.000725,0.001893,0.002854,0.003684,0.004552,0.004988,0.005069,37.845536
0.000241,0.000635,0.001848,0.002834,0.003718,0.004568,0.004992,0.005069,38.353946
0.000201,0.000566,0.001724,0.002828,0.003702,0.004551,0.005005,0.005066,38.870222
0.000162,0.000434,0.001505,0.002724,0.003650,0.004544,0.004994,0.005068,39.679289
0.000169,0.000419,0.001340,0.002483,0.003569,0.004489,0.004985,0.005069,39.793382
0.000123,0.000281,0.000870,0.001906,0.003309,0.004445,0.004971,0.005067,41.271027
0.000246,0.000504,0.001397,0.002367,0.003363,0.004340,0.004947,0.005067,38.866932
0.000150,0.000287,0.000791,0.001715,0.003113,0.004271,0.004935,0.005067,40.990258
0.000212,0.000443,0.001223,0.002383,0.003505,0.004431,0.004956,0.005064,39.395512
0.000298,0.000623,0.001618,0.002689,0.003608,0.004465,0.004976,0.005069,38.086483
0.000158,0.000324,0.000864,0.001793,0.003213,0.004402,0.004967,0.005068,40.677186
0.000248,0.000499,0.001347,0.002359,0.003438,0.004411,0.004969,0.005067,38.881941
0.000186,0.000354,0.000930,0.001875,0.003210,0.004353,0.004969,0.005067,40.192226
0.000154,0.000299,0.000807,0.001598,0.003014,0.004353,0.004961,0.005067,40.906323
0.000245,0.000471,0.001258,0.002287,0.003338,0.004393,0.004960,0.005067,39.027800
0.000265,0.000516,0.001361,0.002372,0.003403,0.004405,0.004968,0.005069,38.700866
0.000229,0.000448,0.001190,0.002209,0.003417,0.004410,0.004972,0.005067,39.275179
0.000178,0.000346,0.000933,0.001901,0.003191,0.004383,0.004977,0.005068,40.292201
0.000177,0.000343,0.000910,0.001817,0.003161,0.004379,0.004984,0.005067,40.346049
0.000206,0.000401,0.000995,0.001898,0.003181,0.004353,0.004966,0.005068,39.788656
0.000279,0.000550,0.001324,0.002216,0.003310,0.004400,0.004978,0.005068,38.564325
0.000327,0.000650,0.001480,0.002323,0.003380,0.004433,0.004977,0.005068,37.945545
0.000332,0.000662,0.001498,0.002358,0.003382,0.004398,0.004971,0.005069,37.875692
0.000335,0.000669,0.001565,0.002390,0.003426,0.004430,0.004978,0.005066,37.815377
0.000323,0.000653,0.001550,0.002500,0.003495,0.004440,0.004981,0.005067,37.915216
0.000340,0.000674,0.001670,0.002567,0.003510,0.004435,0.004980,0.005068,37.712334
0.000296,0.000601,0.001470,0.002439,0.003499,0.004425,0.004975,0.005068,38.232370
0.000270,0.000560,0.001348,0.002299,0.003473,0.004406,0.004974,0.005069,38.585837
0.000301,0.000626,0.001491,0.002491,0.003529,0.004425,0.004966,0.005068,38.137775
0.000325,0.000681,0.001629,0.002578,0.003513,0.004382,0.004964,0.005069,37.809682
0.000348,0.000713,0.001688,0.002611,0.003544,0.004401,0.004969,0.005066,37.585717
0.000318,0.000648,0.001554,0.002509,0.003530,0.004401,0.004979,0.005068,37.955949
0.000249,0.000516,0.001276,0.002260,0.003426,0.004403,0.004982,0.005065,38.895267
0.000263,0.000547,0.001387,0.002401,0.003541,0.004439,0.004978,0.005068,38.633011
0.000278,0.000590,0.001502,0.002475,0.003523,0.004419,0.004976,0.005070,38.371758
0.000298,0.000620,0.001512,0.002497,0.003515,0.004383,0.004976,0.005066,38.158603
0.000291,0.000634,0.001576,0.002492,0.003492,0.004389,0.004973,0.005068,38.162457
0.000319,0.000669,0.001673,0.002589,0.003530,0.004366,0.004950,0.005066,37.852329
0.000293,0.000625,0.001545,0.002427,0.003448,0.004350,0.004969,0.005068,38.179655
0.000276,0.000590,0.001498,0.002440,0.003467,0.004341,0.004959,0.005070,38.395559
0.000247,0.000532,0.001378,0.002310,0.003309,0.004279,0.004937,0.005067,38.821387
0.000186,0.000425,0.001265,0.002180,0.003212,0.004230,0.004912,0.005067,39.713155
0.000156,0.000372,0.001169,0.002114,0.003169,0.004204,0.004933,0.005067,40.269051
0.000158,0.000389,0.001205,0.002198,0.003244,0.004237,0.004943,0.005068,40.153551
0.000148,0.000347,0.001139,0.002105,0.003216,0.004215,0.004927,0.005068,40.454619
0.000241,0.000552,0.001470,0.002408,0.003427,0.004357,0.004964,0.005068,38.765032
0.000304,0.000663,0.001591,0.002576,0.003613,0.004445,0.004988,0.005069,37.997829
0.000440,0.000914,0.001939,0.002814,0.003796,0.004518,0.005005,0.005069,36.671690
0.000929,0.001639,0.002576,0.003094,0.003955,0.004578,0.005011,0.005068,34.029074
0.001028,0.001823,0.002711,0.003266,0.004036,0.004597,0.005017,0.005069,33.616435
0.001091,0.001923,0.002829,0.003376,0.004144,0.004647,0.005013,0.005070,33.377815
0.001347,0.002319,0.003283,0.003768,0.004423,0.004768,0.005029,0.005070,32.534049
0.000073,0.000145,0.000364,0.000584,0.000782,0.000934,0.001022,0.001033,44.350982
0.000122,0.000231,0.000436,0.000564,0.000732,0.000904,0.001015,0.001033,42.560906
0.000152,0.000265,0.000447,0.000566,0.000737,0.000906,0.001016,0.001033,41.857431
0.000166,0.000279,0.000453,0.000560,0.000736,0.000908,0.001017,0.001033,41.554983
0.000173,0.000288,0.000450,0.000554,0.000730,0.000902,0.001016,0.001033,41.420050
0.000180,0.000300,0.000460,0.000561,0.000728,0.000900,0.001017,0.001033,41.267340
0.000177,0.000302,0.000478,0.000586,0.000750,0.000914,0.001018,0.001033,41.274187
0.000166,0.000291,0.000485,0.000594,0.000765,0.000916,0.001018,0.001033,41.475977
0.000152,0.000273,0.000476,0.000590,0.000765,0.000930,0.001020,0.001033,41.784305
0.000136,0.000256,0.000454,0.000575,0.000755,0.000925,0.001020,0.001033,42.159292
0.000124,0.000237,0.000436,0.000577,0.000758,0.000929,0.001021,0.001033,42.489407
0.000105,0.000208,0.000406,0.000567,0.000748,0.000927,0.001019,0.001033,43.065826
0.000088,0.000178,0.000394,0.000569,0.000752,0.000929,0.001019,0.001033,43.672888
0.000072,0.000145,0.000353,0.000539,0.000728,0.000922,0.001016,0.001033,44.430764
0.000064,0.000130,0.000323,0.000519,0.000718,0.000914,0.001017,0.001033,44.870329
0.000059,0.000120,0.000316,0.000511,0.000705,0.000903,0.001016,0.001033,45.185502
0.000064,0.000128,0.000331,0.000516,0.000708,0.000905,0.001015,0.001033,44.888323
0.000060,0.000124,0.000321,0.000515,0.000700,0.000894,0.001014,0.001033,45.090267
0.000057,0.000117,0.000296,0.000486,0.000684,0.000894,0.001012,0.001033,45.342950
0.000058,0.000121,0.000303,0.000485,0.000680,0.000893,0.001012,0.001033,45.249790
0.000062,0.000130,0.000330,0.000503,0.000676,0.000879,0.001009,0.001033,44.956233
0.000053,0.000115,0.000302,0.000479,0.000646,0.000854,0.001002,0.001033,45.515739
0.000023,0.000058,0.000206,0.000398,0.000592,0.000814,0.000994,0.001033,48.222939
0.000012,0.000026,0.000087,0.000215,0.000461,0.000757,0.000979,0.001033,51.196457
0.000012,0.000023,0.000064,0.000155,0.000384,0.000710,0.000964,0.001032,51.732504
0.000009,0.000019,0.000063,0.000174,0.000417,0.000727,0.000967,0.001032,52.402266
0.000008,0.000018,0.000059,0.000177,0.000448,0.000762,0.000981,0.001032,52.695609
0.000008,0.000016,0.000050,0.000116,0.000325,0.000696,0.000968,0.001032,53.176910
0.000011,0.000021,0.000060,0.000132,0.000313,0.000657,0.000958,0.001032,52.231957
0.000008,0.000016,0.000056,0.000153,0.000377,0.000714,0.000974,0.001032,52.971678
0.000009,0.000022,0.000092,0.000294,0.000554,0.000814,0.000993,0.001033,51.519056
0.000011,0.000031,0.000132,0.000371,0.000606,0.000834,0.000997,0.001033,50.358367
0.000013,0.000035,0.000170,0.000413,0.000641,0.000855,0.001000,0.001033,49.722454
0.000013,0.000041,0.000213,0.000458,0.000662,0.000878,0.001007,0.001033,49.186553
0.000021,0.000063,0.000269,0.000502,0.000695,0.000892,0.001011,0.001033,47.862930
0.000034,0.000101,0.000327,0.000536,0.000718,0.000902,0.001014,0.001033,46.357274
0.000048,0.000129,0.000366,0.000558,0.000727,0.000911,0.001019,0.001033,45.345003
0.000059,0.000149,0.000391,0.000580,0.000750,0.000922,0.001020,0.001033,44.728055
0.000057,0.000145,0.000382,0.000578,0.000748,0.000927,0.001017,0.001033,44.839034
0.000048,0.000127,0.000373,0.000574,0.000755,0.000930,0.001017,0.001033,45.349378
0.000040,0.000113,0.000347,0.000573,0.000752,0.000926,0.001020,0.001033,45.867775
0.000032,0.000086,0.000303,0.000551,0.000741,0.000925,0.001018,0.001033,46.681265
0.000033,0.000083,0.000269,0.000502,0.000724,0.000914,0.001016,0.001033,46.798771
0.000024,0.000056,0.000174,0.000384,0.000671,0.000905,0.001013,0.001033,48.288152
0.000049,0.000100,0.000281,0.000478,0.000682,0.000883,0.001008,0.001033,45.870464
0.000030,0.000057,0.000158,0.000346,0.000631,0.000869,0.001006,0.001033,48.009747
0.000042,0.000088,0.000246,0.000482,0.000711,0.000902,0.001010,0.001032,46.402116
0.000059,0.000124,0.000326,0.000544,0.000732,0.000909,0.001014,0.001033,45.084144
0.000031,0.000064,0.000173,0.000361,0.000651,0.000896,0.001012,0.001033,47.694057
0.000049,0.000099,0.000271,0.000477,0.000698,0.000898,0.001013,0.001033,45.885915
0.000037,0.000070,0.000186,0.000378,0.000651,0.000886,0.001013,0.001033,47.206727
0.000030,0.000059,0.000162,0.000322,0.000611,0.000886,0.001011,0.001033,47.925916
0.000049,0.000094,0.000253,0.000462,0.000677,0.000894,0.001011,0.001033,46.033504
0.000053,0.000103,0.000274,0.000480,0.000690,0.000896,0.001012,0.001033,45.704098
0.000045,0.000089,0.000239,0.000446,0.000693,0.000897,0.001013,0.001033,46.282479
0.000035,0.000069,0.000187,0.000383,0.000647,0.000892,0.001014,0.001033,47.306890
0.000035,0.000068,0.000182,0.000366,0.000641,0.000891,0.001016,0.001033,47.361519
0.000041,0.000080,0.000199,0.000383,0.000645,0.000886,0.001012,0.001033,46.800844
0.000055,0.000110,0.000266,0.000448,0.000671,0.000895,0.001014,0.001033,45.567549
0.000065,0.000130,0.000298,0.000470,0.000686,0.000902,0.001014,0.001033,44.944417
0.000066,0.000132,0.000302,0.000477,0.000686,0.000895,0.001013,0.001033,44.874032
0.000066,0.000134,0.000315,0.000483,0.000695,0.000902,0.001014,0.001033,44.812951
0.000064,0.000130,0.000312,0.000506,0.000709,0.000904,0.001015,0.001033,44.913075
0.000067,0.000135,0.000336,0.000519,0.000712,0.000903,0.001015,0.001033,44.708481
0.000059,0.000120,0.000296,0.000493,0.000710,0.000900,0.001014,0.001033,45.232363
0.000054,0.000112,0.000271,0.000465,0.000705,0.000897,0.001014,0.001033,45.588476
0.000060,0.000125,0.000300,0.000504,0.000716,0.000900,0.001012,0.001033,45.136938
0.000065,0.000136,0.000328,0.000522,0.000713,0.000892,0.001011,0.001033,44.806266
0.000069,0.000142,0.000340,0.000528,0.000719,0.000896,0.001013,0.001033,44.580881
0.000063,0.000129,0.000313,0.000507,0.000717,0.000895,0.001015,0.001033,44.953923
0.000049,0.000103,0.000256,0.000457,0.000695,0.000896,0.001015,0.001032,45.899925
0.000052,0.000109,0.000279,0.000485,0.000719,0.000903,0.001014,0.001033,45.635300
0.000055,0.000118,0.000302,0.000500,0.000715,0.000899,0.001014,0.001033,45.371885
0.000059,0.000124,0.000304,0.000505,0.000713,0.000892,0.001014,0.001033,45.157750
0.000058,0.000127,0.000317,0.000504,0.000709,0.000893,0.001013,0.001033,45.161024
0.000063,0.000134,0.000337,0.000524,0.000717,0.000888,0.001009,0.001033,44.848842
0.000058,0.000125,0.000311,0.000491,0.000700,0.000885,0.001013,0.001033,45.178783
0.000055,0.000118,0.000301,0.000493,0.000704,0.000883,0.001011,0.001033,45.395921
0.000049,0.000106,0.000277,0.000467,0.000671,0.000870,0.001006,0.001033,45.824830
0.000037,0.000085,0.000254,0.000440,0.000651,0.000860,0.001001,0.001033,46.721045
0.000031,0.000074,0.000235,0.000427,0.000642,0.000855,0.001005,0.001033,47.279563
0.000031,0.000077,0.000242,0.000444,0.000658,0.000862,0.001007,0.001033,47.162784
0.000029,0.000069,0.000229,0.000425,0.000652,0.000857,0.001004,0.001033,47.465974
0.000048,0.000110,0.000296,0.000487,0.000695,0.000886,0.001011,0.001033,45.766903
0.000060,0.000133,0.000320,0.000521,0.000733,0.000905,0.001016,0.001033,44.995266
0.000087,0.000183,0.000391,0.000570,0.000771,0.000920,0.001020,0.001033,43.660192
0.000186,0.000330,0.000521,0.000627,0.000804,0.000932,0.001021,0.001033,40.998399
0.000206,0.000368,0.000549,0.000662,0.000821,0.000936,0.001022,0.001033,40.582192
0.000219,0.000388,0.000573,0.000685,0.000843,0.000946,0.001022,0.001033,40.341463
0.000271,0.000469,0.000666,0.000765,0.000900,0.000971,0.001025,0.001033,39.490126
