0.047812, 0.059728, 0.068675, 0.070243, 0.077306, 0.081923, 0.084892, 0.086273, 17.819465
0.051225, 0.058318, 0.066130, 0.071102, 0.077050, 0.083008, 0.082337, 0.083649, 17.660675
0.056345, 0.059975, 0.067718, 0.069661, 0.076409, 0.084113, 0.084428, 0.083166, 17.329967
0.054253, 0.061277, 0.067146, 0.069316, 0.078845, 0.079447, 0.087822, 0.083817, 17.444478
0.054165, 0.063575, 0.065903, 0.070253, 0.076349, 0.079437, 0.085395, 0.084586, 17.419222
0.054106, 0.062747, 0.067225, 0.069780, 0.075235, 0.082376, 0.082337, 0.083787, 17.432610
0.055723, 0.062756, 0.068073, 0.072719, 0.077770, 0.081173, 0.085010, 0.085030, 17.342123
0.055043, 0.062895, 0.071151, 0.072128, 0.078273, 0.079910, 0.086470, 0.084004, 17.349115
0.056858, 0.066298, 0.069287, 0.074169, 0.077217, 0.082090, 0.087466, 0.087427, 17.217127
0.055013, 0.066485, 0.067462, 0.073696, 0.078529, 0.082367, 0.084132, 0.082564, 17.327006
0.054086, 0.066870, 0.071033, 0.073844, 0.077592, 0.082110, 0.083442, 0.085987, 17.351547
0.056828, 0.066712, 0.070924, 0.072167, 0.079023, 0.081607, 0.084547, 0.084418, 17.205004
0.052685, 0.067038, 0.070904, 0.072019, 0.079289, 0.078934, 0.082712, 0.085010, 17.447211
0.054924, 0.066988, 0.070608, 0.072986, 0.077888, 0.079230, 0.085050, 0.087605, 17.318743
0.051196, 0.060724, 0.070756, 0.073420, 0.075185, 0.082189, 0.085967, 0.086391, 17.609542
0.050554, 0.062914, 0.067906, 0.070964, 0.077099, 0.082633, 0.084616, 0.088788, 17.635236
0.044764, 0.056946, 0.069020, 0.071072, 0.075629, 0.082811, 0.086618, 0.085129, 18.096385
0.043067, 0.057242, 0.071723, 0.073341, 0.076192, 0.079427, 0.083304, 0.086164, 18.180744
0.034722, 0.049252, 0.065331, 0.067876, 0.075176, 0.080344, 0.087032, 0.086273, 19.003497
0.033203, 0.049627, 0.065301, 0.069277, 0.077267, 0.080453, 0.085425, 0.083619, 19.087954
0.022412, 0.039132, 0.057469, 0.064729, 0.071822, 0.080266, 0.082909, 0.085957, 20.480253
0.022481, 0.040720, 0.059373, 0.064246, 0.075590, 0.080561, 0.084527, 0.084172, 20.447101
0.012902, 0.023487, 0.043028, 0.060044, 0.071003, 0.079102, 0.082357, 0.084428, 22.604163
0.013573, 0.021080, 0.042880, 0.058466, 0.066377, 0.075698, 0.080966, 0.084142, 22.569076
0.008809, 0.014757, 0.026180, 0.041045, 0.061662, 0.077592, 0.082949, 0.083866, 24.366518
0.007842, 0.013899, 0.025746, 0.043837, 0.056729, 0.075442, 0.084438, 0.084270, 24.714296
0.008868, 0.013899, 0.027896, 0.046283, 0.062391, 0.079200, 0.083866, 0.083452, 24.345005
0.008533, 0.013859, 0.028557, 0.045307, 0.064118, 0.079940, 0.084428, 0.084921, 24.447348
0.006718, 0.009746, 0.020833, 0.035235, 0.054106, 0.073785, 0.084162, 0.084912, 25.612821
0.006491, 0.010535, 0.020676, 0.035886, 0.055970, 0.072591, 0.082465, 0.086815, 25.572458
0.010456, 0.020113, 0.041667, 0.058071, 0.071082, 0.076300, 0.084635, 0.085198, 23.293259
0.010683, 0.019926, 0.039368, 0.060251, 0.071210, 0.080926, 0.085138, 0.083462, 23.286352
0.015023, 0.027827, 0.049016, 0.063654, 0.072108, 0.079062, 0.083619, 0.086322, 21.941024
0.013938, 0.026693, 0.050752, 0.064887, 0.073765, 0.077257, 0.083777, 0.084823, 22.159588
0.018180, 0.033982, 0.058761, 0.070224, 0.075254, 0.081449, 0.083343, 0.085030, 21.179201
0.017568, 0.034219, 0.056917, 0.068014, 0.074949, 0.080443, 0.082732, 0.085563, 21.263036
0.022076, 0.036705, 0.062510, 0.070401, 0.077681, 0.082179, 0.086421, 0.085267, 20.531943
0.019906, 0.037612, 0.062579, 0.070697, 0.076054, 0.082623, 0.084527, 0.088019, 20.763389
0.022293, 0.037918, 0.059994, 0.072325, 0.080058, 0.083915, 0.084675, 0.084596, 20.512891
0.021800, 0.036695, 0.062401, 0.070362, 0.077888, 0.083067, 0.084221, 0.083846, 20.589389
0.019965, 0.037001, 0.057933, 0.069928, 0.075807, 0.082071, 0.085533, 0.085247, 20.834886
0.019640, 0.037060, 0.060113, 0.072216, 0.076004, 0.081370, 0.086845, 0.085217, 20.886707
0.024138, 0.039319, 0.060251, 0.069632, 0.077612, 0.081074, 0.085247, 0.085839, 20.249426
0.025065, 0.039921, 0.063052, 0.070155, 0.074574, 0.082041, 0.085878, 0.084024, 20.119815
0.035620, 0.047901, 0.062885, 0.067432, 0.075304, 0.080394, 0.085602, 0.082682, 18.971726
0.031871, 0.046254, 0.062234, 0.070135, 0.074574, 0.080700, 0.082850, 0.084438, 19.282394
0.043807, 0.055329, 0.066830, 0.072601, 0.079309, 0.079960, 0.083531, 0.085434, 18.184650
0.044596, 0.057627, 0.066850, 0.072562, 0.076724, 0.082446, 0.085582, 0.085849, 18.120238
0.047930, 0.058446, 0.067728, 0.073351, 0.074455, 0.083245, 0.084211, 0.083935, 17.873703
0.047704, 0.058179, 0.069326, 0.071398, 0.075205, 0.082199, 0.082653, 0.084912, 17.880032
0.050554, 0.059551, 0.064986, 0.069780, 0.077030, 0.082041, 0.084359, 0.085326, 17.675059
0.048582, 0.058880, 0.068665, 0.071970, 0.074870, 0.082988, 0.082041, 0.082347, 17.801480
0.050041, 0.060409, 0.066998, 0.072779, 0.077198, 0.080473, 0.084645, 0.086342, 17.695468
0.048986, 0.061750, 0.067432, 0.071841, 0.074959, 0.082357, 0.082958, 0.085099, 17.741208
0.050850, 0.061583, 0.068192, 0.074436, 0.078668, 0.082722, 0.082653, 0.082574, 17.618212
0.049893, 0.062125, 0.069444, 0.073647, 0.077721, 0.082219, 0.082416, 0.083560, 17.696273
0.052113, 0.061750, 0.067501, 0.072976, 0.075304, 0.083550, 0.084616, 0.084774, 17.560150
0.052024, 0.061859, 0.065301, 0.072650, 0.074850, 0.083047, 0.084714, 0.082998, 17.560126
0.052419, 0.062520, 0.067245, 0.069385, 0.076497, 0.079427, 0.083018, 0.084468, 17.534346
0.053780, 0.062589, 0.069129, 0.071851, 0.077040, 0.082889, 0.085247, 0.087131, 17.414915
0.054480, 0.063161, 0.067837, 0.072887, 0.076547, 0.083314, 0.084339, 0.085543, 17.397060
0.054441, 0.062569, 0.069731, 0.072483, 0.075373, 0.079664, 0.082830, 0.083166, 17.385598
0.055398, 0.063348, 0.069918, 0.074002, 0.076971, 0.077681, 0.085158, 0.086519, 17.335985
0.054747, 0.061385, 0.070964, 0.073045, 0.075057, 0.081508, 0.086066, 0.084892, 17.367328
0.051758, 0.062559, 0.068665, 0.073607, 0.076695, 0.081873, 0.083955, 0.085987, 17.569017
0.050998, 0.063388, 0.068389, 0.072640, 0.075797, 0.084349, 0.086806, 0.084764, 17.575298
0.050564, 0.062234, 0.068468, 0.070421, 0.075836, 0.084744, 0.084192, 0.085000, 17.613988
0.051699, 0.063447, 0.067945, 0.073420, 0.077178, 0.083018, 0.085582, 0.082653, 17.549157
0.051097, 0.062322, 0.067551, 0.071368, 0.078431, 0.080335, 0.084734, 0.083254, 17.605604
0.049706, 0.061080, 0.067442, 0.074209, 0.077947, 0.084034, 0.082505, 0.084527, 17.699127
0.049055, 0.059038, 0.067107, 0.073992, 0.076695, 0.081745, 0.084162, 0.085109, 17.778317
0.050061, 0.061208, 0.067551, 0.072453, 0.076330, 0.081735, 0.082159, 0.085267, 17.687318
0.045563, 0.059097, 0.066682, 0.070638, 0.074534, 0.081282, 0.086174, 0.086894, 17.997373
0.046924, 0.059945, 0.064581, 0.072197, 0.077494, 0.083639, 0.083008, 0.084921, 17.908153
0.042337, 0.053701, 0.066140, 0.071733, 0.076803, 0.081627, 0.084389, 0.085415, 18.290676
0.044074, 0.057045, 0.066682, 0.070451, 0.076458, 0.081252, 0.084034, 0.082337, 18.145624
0.034081, 0.051975, 0.062530, 0.069928, 0.074169, 0.081311, 0.085878, 0.084103, 18.992146
0.035975, 0.053139, 0.062973, 0.071506, 0.074308, 0.081282, 0.085612, 0.084083, 18.814904
0.019235, 0.032552, 0.055437, 0.066436, 0.074534, 0.079210, 0.084083, 0.083570, 21.080904
0.020883, 0.033489, 0.053346, 0.064305, 0.073992, 0.078855, 0.083896, 0.086391, 20.868419
0.019946, 0.032276, 0.053188, 0.063309, 0.072710, 0.077878, 0.080986, 0.086549, 21.025860
0.019719, 0.032996, 0.052300, 0.066308, 0.073834, 0.081351, 0.083935, 0.083442, 21.018815
0.023605, 0.034998, 0.056759, 0.065755, 0.074850, 0.080473, 0.084754, 0.085474, 20.454732
0.023073, 0.035146, 0.055112, 0.066732, 0.074988, 0.082012, 0.083807, 0.087851, 20.549930
0.050584, 0.062244, 0.069770, 0.073222, 0.077760, 0.081765, 0.083580, 0.084053, 17.626984
0.049943, 0.060103, 0.068645, 0.073696, 0.078697, 0.081942, 0.084024, 0.085217, 17.703576
0.053267, 0.065252, 0.072690, 0.075018, 0.080325, 0.084290, 0.083146, 0.083195, 17.424834
0.052014, 0.064690, 0.071250, 0.074061, 0.079693, 0.081972, 0.085711, 0.084961, 17.486443
0.057006, 0.069671, 0.072897, 0.075116, 0.083412, 0.081094, 0.083708, 0.086746, 17.149583
0.058130, 0.065509, 0.071664, 0.077237, 0.080700, 0.081508, 0.083412, 0.084428, 17.136524
===========END============
=========================================
=              Memory Manager           =
=========================================
* Block size            : 32440320 Bytes
* Number of blocks      : 5
* Free mem in last block: 15000756
* Total mem alloced     : 147200844 Bytes

* Recycle list          : 
[  0(38016)] = 1         [  2(2)] = 1         [  4(202756)] = 5         [  6(6)] = 2         
[  8(813320)] = 4         [  8(3244104)] = 2         [  8(811016)] = 2         [  8(1622024)] = 7         
[ 12(12)] = 1         [ 16(16)] = 4         [ 18(912402)] = 1         [ 20(20)] = 1         
[ 21(1714773)] = 1         [ 27(912411)] = 1         [ 32(101664)] = 6         [ 34(3170)] = 2         
[ 39(671527)] = 1         [ 40(1622056)] = 2         [ 52(3244148)] = 1         [ 58(92282)] = 1         
[ 59(1621947)] = 1         
* Recycled Memory       : 70510772 Bytes
* Inused Memory         : 76690072 Bytes
0.020034, 0.027788, 0.031329, 0.032670, 0.038007, 0.040276, 0.043107, 0.043205, 21.351098
0.021672, 0.028814, 0.031950, 0.036409, 0.037090, 0.041972, 0.044192, 0.043087, 21.078316
0.024148, 0.027610, 0.032680, 0.034702, 0.038717, 0.044439, 0.044320, 0.042910, 20.804835
0.024454, 0.030155, 0.033519, 0.035294, 0.037060, 0.042762, 0.044754, 0.042120, 20.691411
0.022747, 0.029179, 0.031053, 0.031783, 0.039990, 0.040542, 0.044300, 0.041736, 20.953483
0.023201, 0.029356, 0.031132, 0.035669, 0.038530, 0.039980, 0.042860, 0.044231, 20.899553
0.025894, 0.030441, 0.032710, 0.035442, 0.038737, 0.043590, 0.041400, 0.044774, 20.489893
0.025785, 0.030076, 0.033321, 0.035975, 0.039832, 0.041341, 0.042268, 0.043344, 20.496516
0.024562, 0.030994, 0.033716, 0.035255, 0.039644, 0.041450, 0.042811, 0.044152, 20.664939
0.025134, 0.030283, 0.032345, 0.037386, 0.038984, 0.041420, 0.043975, 0.042337, 20.596235
0.024345, 0.030984, 0.032384, 0.036981, 0.040049, 0.042594, 0.043097, 0.044695, 20.653466
0.024720, 0.030579, 0.034160, 0.036064, 0.036961, 0.040868, 0.042406, 0.044369, 20.621545
0.024858, 0.030313, 0.034150, 0.036498, 0.038796, 0.040769, 0.041321, 0.043077, 20.590067
0.023576, 0.030698, 0.033430, 0.035492, 0.038796, 0.042061, 0.042337, 0.043501, 20.768268
0.022816, 0.028143, 0.034683, 0.034939, 0.039862, 0.039852, 0.043718, 0.043847, 20.939105
0.022619, 0.029100, 0.033302, 0.036301, 0.039299, 0.041627, 0.042663, 0.043857, 20.956109
0.019235, 0.027363, 0.033825, 0.034781, 0.036192, 0.040424, 0.043077, 0.042377, 21.495457
0.020113, 0.026742, 0.031023, 0.035561, 0.037297, 0.040167, 0.043590, 0.041677, 21.420097
0.013544, 0.021080, 0.030086, 0.034821, 0.038194, 0.039911, 0.044241, 0.046224, 22.792802
0.013721, 0.022313, 0.032197, 0.032217, 0.037918, 0.041361, 0.042180, 0.045662, 22.712794
0.008296, 0.016888, 0.025430, 0.032315, 0.035936, 0.038836, 0.042337, 0.043245, 24.453248
0.008523, 0.016059, 0.027403, 0.031437, 0.037040, 0.039763, 0.043985, 0.041233, 24.374963
0.003808, 0.007319, 0.018969, 0.028291, 0.035127, 0.040513, 0.042949, 0.045090, 27.398799
0.003837, 0.006649, 0.016769, 0.026338, 0.033519, 0.041440, 0.043866, 0.047053, 27.509107
0.002229, 0.004173, 0.009381, 0.016138, 0.026229, 0.037652, 0.043255, 0.044586, 29.758902
0.002298, 0.004222, 0.009874, 0.015595, 0.028429, 0.036123, 0.041933, 0.044340, 29.683833
0.002160, 0.003679, 0.009874, 0.018239, 0.030569, 0.038915, 0.042367, 0.045376, 29.913501
0.002052, 0.003877, 0.009766, 0.018870, 0.030145, 0.039684, 0.043363, 0.042397, 29.985643
0.001401, 0.002989, 0.007359, 0.012843, 0.024809, 0.034357, 0.042732, 0.041667, 31.317310
0.001361, 0.002782, 0.006757, 0.013840, 0.025203, 0.038096, 0.042377, 0.043265, 31.555179
0.003857, 0.006767, 0.016306, 0.030116, 0.033765, 0.040039, 0.041992, 0.043590, 27.547043
0.003245, 0.006836, 0.015980, 0.028409, 0.035649, 0.040365, 0.042771, 0.042771, 27.901438
0.004251, 0.009894, 0.020893, 0.029474, 0.036281, 0.037455, 0.042880, 0.045267, 26.694576
0.004104, 0.009154, 0.021149, 0.031092, 0.036567, 0.039230, 0.042850, 0.042061, 26.827279
0.005909, 0.013149, 0.025292, 0.031319, 0.036971, 0.041400, 0.041647, 0.043038, 25.491137
0.005721, 0.013524, 0.026061, 0.034199, 0.037336, 0.041795, 0.042456, 0.044399, 25.504381
0.007467, 0.015546, 0.027166, 0.033864, 0.039339, 0.040937, 0.043363, 0.043748, 24.681625
0.007743, 0.015783, 0.029001, 0.034367, 0.039003, 0.041144, 0.041755, 0.044942, 24.551495
0.008138, 0.015793, 0.026683, 0.034180, 0.040996, 0.041312, 0.045701, 0.044991, 24.501127
0.007319, 0.016029, 0.028153, 0.032838, 0.038638, 0.042702, 0.042081, 0.042426, 24.661451
0.006550, 0.014303, 0.026811, 0.035097, 0.036942, 0.039418, 0.043028, 0.043778, 25.137567
0.006491, 0.015023, 0.026426, 0.033834, 0.038776, 0.042150, 0.043353, 0.042821, 25.078405
0.008967, 0.014836, 0.028212, 0.034732, 0.036222, 0.043344, 0.042900, 0.044014, 24.291062
0.007477, 0.015931, 0.028685, 0.033183, 0.038056, 0.039309, 0.043965, 0.043393, 24.682470
0.012705, 0.020311, 0.028725, 0.033144, 0.038106, 0.042288, 0.044942, 0.046914, 23.051392
0.012616, 0.020261, 0.028330, 0.033815, 0.036537, 0.041538, 0.042811, 0.043452, 23.035277
0.017914, 0.027038, 0.030165, 0.037958, 0.039260, 0.041992, 0.041598, 0.041785, 21.719058
0.018131, 0.026071, 0.032710, 0.033903, 0.038273, 0.040394, 0.044774, 0.042476, 21.744878
0.020587, 0.026101, 0.033450, 0.034338, 0.037455, 0.042051, 0.042485, 0.043916, 21.336050
0.019946, 0.026949, 0.030984, 0.037287, 0.036399, 0.039497, 0.044429, 0.043758, 21.404972
0.020922, 0.027669, 0.034288, 0.034387, 0.039931, 0.043284, 0.042988, 0.044991, 21.239149
0.019433, 0.027531, 0.033716, 0.034949, 0.037928, 0.045208, 0.043916, 0.041696, 21.429616
0.022717, 0.029780, 0.031812, 0.034989, 0.038451, 0.040858, 0.044064, 0.041815, 20.959629
0.020676, 0.027393, 0.032503, 0.035176, 0.037267, 0.039092, 0.042525, 0.044310, 21.284307
0.020784, 0.029277, 0.031704, 0.035590, 0.039181, 0.040730, 0.044892, 0.042515, 21.227889
0.020873, 0.029603, 0.031211, 0.035137, 0.038944, 0.039467, 0.042979, 0.042061, 21.190349
0.023467, 0.028616, 0.031240, 0.035926, 0.037504, 0.039654, 0.042762, 0.044448, 20.857905
0.023260, 0.030520, 0.033686, 0.033637, 0.037228, 0.040177, 0.045090, 0.043393, 20.816881
0.024187, 0.028557, 0.033321, 0.035107, 0.037415, 0.040976, 0.045563, 0.041726, 20.764087
0.023082, 0.029632, 0.032592, 0.035936, 0.036577, 0.041124, 0.043975, 0.044577, 20.868788
0.024473, 0.029129, 0.032878, 0.035255, 0.037326, 0.042189, 0.042170, 0.043620, 20.697205
0.024532, 0.030441, 0.032039, 0.035275, 0.036626, 0.041607, 0.044064, 0.044902, 20.667644
0.025065, 0.029800, 0.031339, 0.033825, 0.035837, 0.043008, 0.042160, 0.043866, 20.639594
0.022737, 0.028340, 0.031033, 0.035255, 0.040315, 0.038924, 0.043945, 0.043679, 20.960430
0.021514, 0.029682, 0.033410, 0.033805, 0.039082, 0.041489, 0.042495, 0.041568, 21.077844
0.023201, 0.029050, 0.033006, 0.034702, 0.037326, 0.041035, 0.043462, 0.044557, 20.869534
0.022658, 0.029445, 0.033617, 0.035778, 0.040463, 0.041755, 0.043127, 0.044074, 20.944338
0.021761, 0.029613, 0.032986, 0.034772, 0.038688, 0.041548, 0.040690, 0.043787, 21.059468
0.021188, 0.028310, 0.033361, 0.036024, 0.038826, 0.040947, 0.041055, 0.044320, 21.159725
0.020518, 0.027728, 0.032118, 0.034160, 0.037701, 0.039437, 0.042288, 0.044665, 21.283427
0.021494, 0.027521, 0.032286, 0.034742, 0.039023, 0.041104, 0.045050, 0.043511, 21.146703
0.020942, 0.028222, 0.029573, 0.035482, 0.038717, 0.040513, 0.041410, 0.043827, 21.248721
0.021287, 0.027561, 0.032532, 0.035442, 0.038530, 0.040789, 0.043797, 0.043492, 21.186450
0.019778, 0.026170, 0.033539, 0.034495, 0.038214, 0.040019, 0.042702, 0.043817, 21.453333
0.018525, 0.026002, 0.031881, 0.032749, 0.037652, 0.042337, 0.044922, 0.041657, 21.664783
0.018170, 0.027373, 0.032522, 0.033726, 0.037504, 0.039664, 0.041755, 0.043847, 21.658697
0.015043, 0.022895, 0.029356, 0.032375, 0.038214, 0.040335, 0.042841, 0.044429, 22.406232
0.013701, 0.022175, 0.028695, 0.032828, 0.038352, 0.040187, 0.044113, 0.044971, 22.725405
0.006925, 0.011847, 0.025479, 0.030451, 0.035985, 0.040276, 0.043906, 0.043847, 25.257941
0.006994, 0.012380, 0.022994, 0.030382, 0.036813, 0.040019, 0.042673, 0.043334, 25.237172
0.007704, 0.012587, 0.023161, 0.030569, 0.035857, 0.038707, 0.043541, 0.044774, 24.994795
0.006866, 0.013248, 0.022836, 0.030520, 0.038194, 0.041588, 0.042693, 0.045149, 25.192463
0.007053, 0.013425, 0.024621, 0.030490, 0.037021, 0.040374, 0.042841, 0.042969, 25.076236
0.007339, 0.014777, 0.025164, 0.028843, 0.036360, 0.040207, 0.042939, 0.044873, 24.882728
0.020833, 0.027699, 0.032621, 0.035196, 0.037030, 0.042397, 0.044389, 0.043896, 21.237724
0.022481, 0.030076, 0.034910, 0.036330, 0.040355, 0.041765, 0.043778, 0.043432, 20.910304
0.023546, 0.029721, 0.034604, 0.036350, 0.038569, 0.043709, 0.043758, 0.044981, 20.809311
0.023230, 0.029445, 0.033292, 0.034772, 0.039260, 0.043146, 0.043935, 0.042929, 20.840065
0.025174, 0.033647, 0.034850, 0.038096, 0.042693, 0.041805, 0.044626, 0.045603, 20.453536
0.025154, 0.032463, 0.034979, 0.037021, 0.040079, 0.040769, 0.041647, 0.043906, 20.494139
===========END============
=========================================
=              Memory Manager           =
=========================================
* Block size            : 32440320 Bytes
* Number of blocks      : 5
* Free mem in last block: 15000756
* Total mem alloced     : 147200844 Bytes

* Recycle list          : 
[  0(38016)] = 1         [  2(2)] = 1         [  4(202756)] = 5         [  6(6)] = 2         
[  8(813320)] = 4         [  8(3244104)] = 2         [  8(811016)] = 2         [  8(1622024)] = 7         
[ 12(12)] = 1         [ 16(16)] = 4         [ 18(912402)] = 1         [ 20(20)] = 1         
[ 21(1714773)] = 1         [ 27(912411)] = 1         [ 32(101664)] = 6         [ 34(3170)] = 2         
[ 39(671527)] = 1         [ 40(1622056)] = 2         [ 52(3244148)] = 1         [ 58(92282)] = 1         
[ 59(1621947)] = 1         
* Recycled Memory       : 70510772 Bytes
* Inused Memory         : 76690072 Bytes
0.007862, 0.010022, 0.013070, 0.013810, 0.015319, 0.016128, 0.017085, 0.018900, 25.414704
0.007388, 0.010476, 0.011275, 0.014264, 0.014096, 0.015497, 0.017016, 0.017539, 25.620839
0.008247, 0.010525, 0.011936, 0.013238, 0.015457, 0.016375, 0.018111, 0.017134, 25.248273
0.008957, 0.011975, 0.012902, 0.012725, 0.014856, 0.015881, 0.017233, 0.016858, 24.864368
0.009470, 0.011255, 0.012528, 0.013267, 0.015980, 0.016878, 0.018357, 0.016483, 24.765512
0.009124, 0.011156, 0.010782, 0.013336, 0.015023, 0.016523, 0.016878, 0.016503, 24.926887
0.008858, 0.010801, 0.012912, 0.013218, 0.015023, 0.016296, 0.015960, 0.016769, 25.017676
0.008759, 0.010890, 0.012646, 0.013583, 0.015240, 0.016454, 0.017045, 0.017144, 25.022997
0.008503, 0.011028, 0.012508, 0.013544, 0.015625, 0.017095, 0.016671, 0.018081, 25.128379
0.008365, 0.012380, 0.012725, 0.013721, 0.014520, 0.015605, 0.018200, 0.018298, 25.038894
0.008582, 0.011867, 0.013287, 0.014214, 0.017134, 0.018259, 0.016286, 0.017312, 24.989843
0.008503, 0.012261, 0.013021, 0.014214, 0.014214, 0.016207, 0.017706, 0.017479, 25.013908
0.009401, 0.011009, 0.013208, 0.013692, 0.012695, 0.016296, 0.015901, 0.017953, 24.798568
0.008720, 0.011531, 0.012824, 0.013475, 0.014935, 0.015497, 0.016947, 0.016483, 25.010692
0.007763, 0.011038, 0.012587, 0.012646, 0.015013, 0.016059, 0.016690, 0.019295, 25.388159
0.008385, 0.009272, 0.014441, 0.013771, 0.016227, 0.017963, 0.017588, 0.016888, 25.271971
0.006501, 0.008572, 0.011620, 0.013830, 0.013198, 0.015033, 0.016779, 0.018426, 26.179894
0.007073, 0.009322, 0.012123, 0.012587, 0.014974, 0.016572, 0.016325, 0.016345, 25.846540
0.004695, 0.007102, 0.012173, 0.012784, 0.015299, 0.016089, 0.017608, 0.017026, 27.275093
0.003965, 0.007517, 0.010357, 0.012399, 0.013938, 0.016542, 0.016848, 0.018663, 27.756251
0.002910, 0.005889, 0.010288, 0.011610, 0.015053, 0.015201, 0.017785, 0.017174, 28.794705
0.002644, 0.005859, 0.010190, 0.011817, 0.014303, 0.016217, 0.016888, 0.017677, 29.050631
0.001756, 0.002634, 0.006067, 0.009637, 0.013110, 0.014698, 0.017381, 0.018052, 31.254762
0.001361, 0.002367, 0.006698, 0.010496, 0.013534, 0.015388, 0.017302, 0.016315, 31.849058
0.000473, 0.001046, 0.003245, 0.005790, 0.010062, 0.015033, 0.015339, 0.017726, 35.581381
0.000789, 0.001726, 0.002644, 0.005662, 0.010042, 0.013889, 0.017973, 0.015980, 34.154722
0.000592, 0.001440, 0.003295, 0.007053, 0.010249, 0.015319, 0.018801, 0.018357, 34.788815
0.000562, 0.001233, 0.002969, 0.007684, 0.012271, 0.013356, 0.016592, 0.016661, 35.068989
0.000345, 0.000710, 0.002673, 0.003334, 0.008819, 0.014491, 0.016858, 0.017430, 36.951368
0.000533, 0.000809, 0.002614, 0.004873, 0.008651, 0.013504, 0.016789, 0.017292, 35.903491
0.001134, 0.002071, 0.005751, 0.010249, 0.013336, 0.015684, 0.016611, 0.016947, 32.497154
0.001085, 0.002506, 0.006086, 0.010288, 0.013642, 0.016246, 0.016039, 0.017627, 32.381445
0.001677, 0.003048, 0.007625, 0.011729, 0.013396, 0.017154, 0.016858, 0.016315, 30.963880
0.001568, 0.003245, 0.007083, 0.012173, 0.014017, 0.015891, 0.016651, 0.017065, 31.155881
0.001914, 0.004192, 0.009085, 0.013435, 0.014846, 0.015872, 0.016947, 0.016700, 30.236040
0.001815, 0.003581, 0.009480, 0.012695, 0.014698, 0.017529, 0.016996, 0.017627, 30.484885
0.002417, 0.005179, 0.011581, 0.014116, 0.014717, 0.016138, 0.017450, 0.016750, 29.312816
0.002289, 0.005346, 0.010377, 0.012883, 0.014293, 0.016296, 0.015655, 0.017608, 29.449729
0.002466, 0.005968, 0.010348, 0.013307, 0.013810, 0.017430, 0.017361, 0.016819, 29.111052
0.002446, 0.005060, 0.010308, 0.012429, 0.014717, 0.017174, 0.016789, 0.018081, 29.394934
0.002486, 0.004705, 0.010071, 0.012725, 0.014530, 0.017065, 0.017055, 0.016690, 29.414841
0.002594, 0.005268, 0.009519, 0.013386, 0.013317, 0.016523, 0.016187, 0.016424, 29.207349
0.002841, 0.005386, 0.010052, 0.014303, 0.013899, 0.015645, 0.017115, 0.016177, 28.970310
0.002831, 0.006086, 0.010949, 0.013198, 0.013889, 0.016335, 0.017677, 0.016542, 28.762538
0.004764, 0.007043, 0.010752, 0.012794, 0.014599, 0.016217, 0.015832, 0.016503, 27.269956
0.004666, 0.006935, 0.010140, 0.012459, 0.013918, 0.015171, 0.017499, 0.017065, 27.379671
0.005702, 0.009223, 0.012360, 0.013869, 0.015299, 0.016454, 0.017430, 0.016957, 26.458051
0.006402, 0.009085, 0.012212, 0.014737, 0.015053, 0.016098, 0.016631, 0.018042, 26.132552
0.007270, 0.009430, 0.012705, 0.012528, 0.014836, 0.017775, 0.016848, 0.017243, 25.738696
0.008079, 0.009726, 0.012656, 0.013228, 0.016227, 0.015152, 0.017095, 0.017233, 25.388226
0.007911, 0.009667, 0.011827, 0.013465, 0.014353, 0.016276, 0.016621, 0.017460, 25.473192
0.008000, 0.010673, 0.012449, 0.012932, 0.013119, 0.016661, 0.017016, 0.018417, 25.339396
0.007586, 0.010180, 0.012232, 0.013692, 0.013988, 0.016375, 0.016897, 0.017302, 25.566229
0.007724, 0.009677, 0.011857, 0.013731, 0.014293, 0.017312, 0.018762, 0.017006, 25.551224
0.008888, 0.011018, 0.012912, 0.013761, 0.014096, 0.015438, 0.018525, 0.016641, 24.967365
0.008829, 0.010604, 0.012774, 0.013504, 0.014392, 0.016029, 0.018555, 0.015339, 25.028744
0.008937, 0.010150, 0.012478, 0.012528, 0.013761, 0.016385, 0.016385, 0.017637, 25.047004
0.009085, 0.011107, 0.012025, 0.011679, 0.014510, 0.015586, 0.017736, 0.016888, 24.908169
0.008710, 0.009292, 0.011117, 0.012853, 0.014372, 0.015043, 0.016789, 0.016069, 25.229616
0.008237, 0.010476, 0.011768, 0.012991, 0.016325, 0.015595, 0.017312, 0.017894, 25.266890
0.009016, 0.010318, 0.012320, 0.013475, 0.014116, 0.014974, 0.016355, 0.018377, 25.025432
0.008829, 0.010614, 0.012557, 0.013267, 0.013534, 0.015753, 0.017805, 0.016927, 25.026171
0.008424, 0.011235, 0.013198, 0.013563, 0.014520, 0.016158, 0.018604, 0.016621, 25.110643
0.007753, 0.011304, 0.012222, 0.013692, 0.014806, 0.017657, 0.018535, 0.017627, 25.378918
0.009174, 0.011038, 0.011808, 0.012301, 0.016020, 0.015655, 0.018683, 0.016700, 24.910474
0.008276, 0.009016, 0.012932, 0.013879, 0.015980, 0.015822, 0.016759, 0.016838, 25.375890
0.008414, 0.010505, 0.012202, 0.013771, 0.014767, 0.016227, 0.017026, 0.016858, 25.200409
0.007122, 0.010693, 0.011975, 0.013573, 0.015329, 0.017105, 0.017746, 0.017894, 25.681455
0.008099, 0.011650, 0.012764, 0.014550, 0.014994, 0.016306, 0.018387, 0.017065, 25.205911
0.007507, 0.010624, 0.012153, 0.013139, 0.014510, 0.017529, 0.017105, 0.017193, 25.520386
0.008049, 0.010841, 0.011709, 0.015152, 0.016424, 0.017914, 0.017450, 0.016789, 25.322482
0.006954, 0.010407, 0.010851, 0.013119, 0.013603, 0.015033, 0.017006, 0.017835, 25.805397
0.006303, 0.009381, 0.012893, 0.012893, 0.015546, 0.016029, 0.016493, 0.017549, 26.137709
0.007546, 0.009953, 0.013169, 0.013899, 0.015329, 0.015526, 0.017243, 0.017746, 25.544017
0.006254, 0.009361, 0.011561, 0.012034, 0.014362, 0.015082, 0.016680, 0.017696, 26.197942
0.007171, 0.008316, 0.011965, 0.013652, 0.014362, 0.014787, 0.017608, 0.017430, 25.900373
0.004695, 0.008247, 0.011462, 0.012518, 0.014057, 0.015911, 0.017479, 0.018101, 27.118627
0.005554, 0.007783, 0.010565, 0.012764, 0.015299, 0.016533, 0.017253, 0.015674, 26.784720
0.002841, 0.004380, 0.009233, 0.011591, 0.015191, 0.016059, 0.017904, 0.016385, 29.242191
0.002190, 0.004735, 0.008069, 0.011078, 0.013938, 0.015339, 0.016759, 0.018170, 29.863481
0.002052, 0.004774, 0.008454, 0.011235, 0.013771, 0.015516, 0.016759, 0.017716, 29.955079
0.002456, 0.004321, 0.008829, 0.011216, 0.014313, 0.015487, 0.016671, 0.017065, 29.637536
0.002831, 0.005327, 0.009312, 0.011788, 0.014422, 0.015605, 0.016888, 0.016523, 29.034866
0.002417, 0.004952, 0.009144, 0.011226, 0.013997, 0.015576, 0.016611, 0.017854, 29.541781
0.007684, 0.011443, 0.013070, 0.013711, 0.014648, 0.016897, 0.015921, 0.017036, 25.358033
0.006708, 0.010604, 0.012725, 0.014609, 0.014560, 0.016148, 0.015556, 0.016838, 25.823958
0.008000, 0.010318, 0.013563, 0.014027, 0.016118, 0.017450, 0.017006, 0.016256, 25.311484
0.008700, 0.012173, 0.012646, 0.013583, 0.016838, 0.016039, 0.016434, 0.017233, 24.963408
0.009667, 0.013287, 0.014047, 0.014047, 0.016533, 0.017292, 0.015734, 0.017598, 24.531975
0.009657, 0.012409, 0.013761, 0.014658, 0.015852, 0.016927, 0.015803, 0.018091, 24.604465
===========END============
=========================================
=              Memory Manager           =
=========================================
* Block size            : 32440320 Bytes
* Number of blocks      : 5
* Free mem in last block: 15000756
* Total mem alloced     : 147200844 Bytes

* Recycle list          : 
[  0(38016)] = 1         [  2(2)] = 1         [  4(202756)] = 5         [  6(6)] = 2         
[  8(813320)] = 4         [  8(3244104)] = 2         [  8(811016)] = 2         [  8(1622024)] = 7         
[ 12(12)] = 1         [ 16(16)] = 4         [ 18(912402)] = 1         [ 20(20)] = 1         
[ 21(1714773)] = 1         [ 27(912411)] = 1         [ 32(101664)] = 6         [ 34(3170)] = 2         
[ 39(671527)] = 1         [ 40(1622056)] = 2         [ 52(3244148)] = 1         [ 58(92282)] = 1         
[ 59(1621947)] = 1         
* Recycled Memory       : 70510772 Bytes
* Inused Memory         : 76690072 Bytes
0.002318, 0.002999, 0.003305, 0.002861, 0.004153, 0.004755, 0.004705, 0.005504, 30.759197
0.002801, 0.002653, 0.004015, 0.003877, 0.004833, 0.004824, 0.004981, 0.005425, 30.223381
0.002407, 0.002584, 0.003147, 0.003235, 0.003946, 0.004044, 0.004893, 0.005573, 30.768168
0.002071, 0.002861, 0.004518, 0.004646, 0.004054, 0.005041, 0.005425, 0.005346, 30.988481
0.002644, 0.003541, 0.003088, 0.003620, 0.004281, 0.004538, 0.004991, 0.005031, 30.200986
0.002851, 0.002959, 0.003591, 0.003551, 0.004488, 0.004163, 0.005159, 0.004340, 30.107748
0.002279, 0.003482, 0.004074, 0.003748, 0.004370, 0.004863, 0.004903, 0.005307, 30.586306
0.002653, 0.003640, 0.003630, 0.003768, 0.004104, 0.005129, 0.005268, 0.005110, 30.108936
0.002930, 0.003295, 0.003354, 0.003620, 0.004784, 0.004764, 0.005041, 0.005909, 29.912065
0.002772, 0.003048, 0.003817, 0.004251, 0.004182, 0.004646, 0.004666, 0.006096, 30.122427
0.002289, 0.003768, 0.003600, 0.004547, 0.004025, 0.004538, 0.004518, 0.005169, 30.489645
0.002525, 0.002880, 0.003472, 0.003936, 0.004794, 0.004715, 0.004528, 0.004242, 30.481254
0.002298, 0.003255, 0.003758, 0.003857, 0.004330, 0.005051, 0.005642, 0.005958, 30.645283
0.002298, 0.002851, 0.003522, 0.003452, 0.004538, 0.004399, 0.004469, 0.005583, 30.807010
0.001894, 0.002949, 0.003719, 0.004034, 0.003985, 0.005129, 0.004212, 0.005583, 31.318572
0.002219, 0.003433, 0.003600, 0.003591, 0.003492, 0.005159, 0.005228, 0.004814, 30.694196
0.002012, 0.003018, 0.003965, 0.004094, 0.004192, 0.005110, 0.005149, 0.005504, 31.068352
0.001933, 0.002328, 0.003758, 0.003591, 0.004429, 0.004991, 0.005376, 0.005297, 31.507328
0.001203, 0.002328, 0.002949, 0.003383, 0.003975, 0.004301, 0.005514, 0.004616, 32.874436
0.001351, 0.002801, 0.003186, 0.003650, 0.004478, 0.004429, 0.005268, 0.005376, 32.330816
0.000838, 0.001628, 0.002900, 0.003314, 0.003877, 0.005258, 0.004814, 0.005692, 34.234325
0.000690, 0.001371, 0.002940, 0.003798, 0.004192, 0.004429, 0.004824, 0.004962, 34.865118
0.000355, 0.000641, 0.001697, 0.002940, 0.003620, 0.004538, 0.005376, 0.005277, 37.595949
0.000424, 0.000690, 0.002141, 0.002506, 0.003265, 0.004686, 0.005415, 0.005386, 37.018788
0.000079, 0.000266, 0.000967, 0.001608, 0.002466, 0.003255, 0.004212, 0.004567, 42.107773
0.000266, 0.000355, 0.000789, 0.001963, 0.002407, 0.004626, 0.004991, 0.004518, 39.447390
0.000256, 0.000483, 0.000868, 0.001628, 0.003028, 0.004459, 0.004074, 0.005090, 39.219936
0.000168, 0.000434, 0.000750, 0.001549, 0.003314, 0.003748, 0.004469, 0.005159, 40.315727
0.000148, 0.000237, 0.000582, 0.001450, 0.002417, 0.004232, 0.004587, 0.005179, 41.484608
0.000118, 0.000276, 0.000621, 0.001499, 0.002012, 0.004074, 0.004922, 0.005208, 41.793776
0.000187, 0.000562, 0.001559, 0.002673, 0.003739, 0.004370, 0.004774, 0.005623, 39.105745
0.000444, 0.000740, 0.001726, 0.002989, 0.003808, 0.004893, 0.004143, 0.005129, 36.922233
0.000266, 0.000661, 0.001983, 0.003610, 0.003541, 0.004774, 0.004893, 0.005514, 37.975405
0.000602, 0.000957, 0.002131, 0.002989, 0.004113, 0.004429, 0.004794, 0.005268, 35.821262
0.000523, 0.000996, 0.002515, 0.003827, 0.004646, 0.004567, 0.004597, 0.005208, 35.952569
0.000681, 0.001085, 0.002555, 0.004044, 0.004547, 0.004853, 0.004922, 0.004932, 35.199800
0.000799, 0.001391, 0.002407, 0.003561, 0.004439, 0.004656, 0.005721, 0.004824, 34.605756
0.000730, 0.001529, 0.002949, 0.003670, 0.004380, 0.004459, 0.004498, 0.005297, 34.610660
0.000967, 0.001559, 0.003107, 0.003176, 0.004182, 0.004962, 0.004459, 0.004725, 33.896614
0.000868, 0.001401, 0.002703, 0.003600, 0.004399, 0.005080, 0.005721, 0.005346, 34.303038
0.000769, 0.001332, 0.003038, 0.003709, 0.004498, 0.005218, 0.004725, 0.005258, 34.603192
0.000631, 0.001647, 0.002614, 0.003413, 0.004705, 0.004616, 0.004814, 0.004922, 34.918906
0.000819, 0.001588, 0.003009, 0.004005, 0.004833, 0.004567, 0.004291, 0.005179, 34.250585
0.000582, 0.001559, 0.002949, 0.003650, 0.003965, 0.004449, 0.004656, 0.005307, 35.083192
0.001312, 0.002170, 0.002940, 0.003699, 0.003965, 0.004735, 0.004488, 0.004755, 32.771286
0.001598, 0.002367, 0.003216, 0.003620, 0.004538, 0.004518, 0.005702, 0.005060, 32.067500
0.001874, 0.002565, 0.003235, 0.003660, 0.004340, 0.004429, 0.005179, 0.005051, 31.540469
0.001499, 0.002910, 0.003670, 0.003670, 0.003956, 0.004547, 0.005524, 0.004251, 31.970259
0.002535, 0.003166, 0.003097, 0.003354, 0.004202, 0.004518, 0.005060, 0.004962, 30.422113
0.001894, 0.003561, 0.003206, 0.004202, 0.004281, 0.004607, 0.004350, 0.004725, 31.125552
0.001815, 0.002999, 0.002999, 0.003837, 0.004597, 0.004695, 0.004942, 0.006254, 31.475548
0.002358, 0.003068, 0.003660, 0.004064, 0.004833, 0.004676, 0.004528, 0.005366, 30.635447
0.002111, 0.002555, 0.003946, 0.003837, 0.003660, 0.005011, 0.005366, 0.005011, 31.128763
0.001795, 0.003166, 0.003443, 0.004084, 0.004429, 0.005001, 0.004478, 0.005198, 31.376325
0.002535, 0.003561, 0.003610, 0.004104, 0.003778, 0.004173, 0.004991, 0.005337, 30.292830
0.002022, 0.003482, 0.003403, 0.003788, 0.004597, 0.005120, 0.004774, 0.004745, 30.957867
0.002052, 0.002476, 0.003798, 0.003512, 0.003640, 0.003946, 0.005139, 0.004922, 31.243086
0.002239, 0.003078, 0.003551, 0.003887, 0.003926, 0.004547, 0.005179, 0.005534, 30.799589
0.001904, 0.003452, 0.003443, 0.003660, 0.004232, 0.005258, 0.004715, 0.005149, 31.121300
0.002397, 0.003620, 0.003788, 0.003541, 0.003640, 0.004824, 0.005554, 0.005563, 30.409207
0.002880, 0.003305, 0.003709, 0.003591, 0.003946, 0.004774, 0.005120, 0.005021, 29.953386
0.002545, 0.003374, 0.003176, 0.003837, 0.004202, 0.004853, 0.004251, 0.005021, 30.354752
0.002949, 0.003610, 0.003334, 0.004173, 0.003906, 0.005248, 0.004636, 0.005406, 29.819829
0.002851, 0.003679, 0.004301, 0.003788, 0.004094, 0.004824, 0.005386, 0.005060, 29.858191
0.002101, 0.003196, 0.003739, 0.003640, 0.004321, 0.004498, 0.005198, 0.005011, 30.947282
0.002446, 0.003235, 0.004271, 0.004291, 0.003443, 0.004597, 0.004824, 0.005060, 30.439438
0.002180, 0.003729, 0.003946, 0.003837, 0.005386, 0.005346, 0.005465, 0.005021, 30.621725
0.002732, 0.002930, 0.003492, 0.003235, 0.004557, 0.005011, 0.004587, 0.005544, 30.247418
0.001963, 0.003107, 0.003679, 0.003541, 0.004113, 0.004942, 0.005820, 0.004547, 31.152946
0.002022, 0.002634, 0.003689, 0.004232, 0.004133, 0.004518, 0.004488, 0.004577, 31.258924
0.002407, 0.002821, 0.003275, 0.003956, 0.004538, 0.004893, 0.005011, 0.004981, 30.701712
0.002219, 0.002683, 0.003926, 0.004192, 0.004163, 0.004054, 0.004922, 0.005623, 30.919513
0.001953, 0.002427, 0.003758, 0.003965, 0.004064, 0.004962, 0.004429, 0.004547, 31.418894
0.002012, 0.003196, 0.003443, 0.004054, 0.003817, 0.004863, 0.004774, 0.004577, 31.041817
0.001716, 0.002861, 0.003265, 0.004804, 0.003640, 0.005366, 0.004784, 0.004903, 31.633880
0.002081, 0.002703, 0.003650, 0.004390, 0.004626, 0.004557, 0.004330, 0.004843, 31.145662
0.001499, 0.002683, 0.003531, 0.003531, 0.004538, 0.004173, 0.005524, 0.005070, 32.058524
0.001312, 0.002170, 0.002723, 0.003660, 0.004182, 0.004390, 0.004922, 0.005001, 32.796921
0.000671, 0.001361, 0.002427, 0.003719, 0.004340, 0.005011, 0.005149, 0.005721, 35.043900
0.000552, 0.001292, 0.002042, 0.002703, 0.004695, 0.004656, 0.005317, 0.005386, 35.699429
0.000503, 0.001075, 0.002436, 0.003610, 0.003926, 0.003896, 0.005544, 0.005198, 35.998348
0.000572, 0.001272, 0.002101, 0.002979, 0.004488, 0.004883, 0.004922, 0.004044, 35.598303
0.000671, 0.001223, 0.002584, 0.003827, 0.003936, 0.004390, 0.004735, 0.004686, 35.161984
0.000700, 0.001164, 0.002673, 0.003492, 0.003808, 0.004340, 0.004804, 0.004666, 35.111395
0.002259, 0.003472, 0.003166, 0.003620, 0.004715, 0.004587, 0.005001, 0.004666, 30.662834
0.002160, 0.002693, 0.003630, 0.003985, 0.004843, 0.005337, 0.004676, 0.005830, 30.999619
0.002644, 0.002949, 0.003522, 0.003709, 0.004626, 0.004498, 0.004824, 0.004360, 30.358544
0.002565, 0.003492, 0.003620, 0.003758, 0.003867, 0.004567, 0.004686, 0.005080, 30.254221
0.002466, 0.003867, 0.004222, 0.004981, 0.004390, 0.005376, 0.005011, 0.004794, 30.197485
0.002427, 0.003196, 0.003887, 0.003610, 0.005041, 0.005376, 0.004587, 0.004843, 30.504204
===========END============
=========================================
=              Memory Manager           =
=========================================
* Block size            : 32440320 Bytes
* Number of blocks      : 5
* Free mem in last block: 15000756
* Total mem alloced     : 147200844 Bytes

* Recycle list          : 
[  0(38016)] = 1         [  2(2)] = 1         [  4(202756)] = 5         [  6(6)] = 2         
[  8(813320)] = 4         [  8(3244104)] = 2         [  8(811016)] = 2         [  8(1622024)] = 7         
[ 12(12)] = 1         [ 16(16)] = 4         [ 18(912402)] = 1         [ 20(20)] = 1         
[ 21(1714773)] = 1         [ 27(912411)] = 1         [ 32(101664)] = 6         [ 34(3170)] = 2         
[ 39(671527)] = 1         [ 40(1622056)] = 2         [ 52(3244148)] = 1         [ 58(92282)] = 1         
[ 59(1621947)] = 1         
* Recycled Memory       : 70510772 Bytes
* Inused Memory         : 76690072 Bytes
0.000444, 0.000671, 0.000779, 0.000661, 0.000858, 0.000858, 0.001312, 0.001322, 37.692232
0.000592, 0.000533, 0.000700, 0.000868, 0.000789, 0.001065, 0.001065, 0.001065, 37.027705
0.000592, 0.000720, 0.000957, 0.000858, 0.000661, 0.000838, 0.001292, 0.000740, 36.698287
0.000760, 0.000543, 0.000631, 0.000582, 0.000848, 0.000917, 0.001253, 0.000868, 36.217140
0.000671, 0.000503, 0.000661, 0.000710, 0.000858, 0.001125, 0.001223, 0.000986, 36.676420
0.000543, 0.000592, 0.000819, 0.000838, 0.000937, 0.000740, 0.001628, 0.000750, 37.177690
0.000503, 0.000641, 0.000513, 0.000621, 0.000799, 0.001253, 0.001253, 0.000740, 37.474137
0.000513, 0.000977, 0.000641, 0.000898, 0.000572, 0.000986, 0.001213, 0.001342, 36.877960
0.000424, 0.000641, 0.000730, 0.000937, 0.001282, 0.001046, 0.001203, 0.000878, 37.850127
0.000375, 0.000681, 0.000967, 0.000641, 0.000858, 0.001184, 0.000858, 0.000789, 38.059574
0.000720, 0.000750, 0.000740, 0.000809, 0.000908, 0.001253, 0.001046, 0.001046, 36.111760
0.000602, 0.000543, 0.000720, 0.000868, 0.001046, 0.001194, 0.000888, 0.000730, 36.962984
0.000612, 0.000681, 0.000888, 0.000996, 0.000986, 0.000947, 0.001302, 0.001115, 36.653393
0.000414, 0.000917, 0.000917, 0.000868, 0.001174, 0.000631, 0.000878, 0.000917, 37.405641
0.000385, 0.000326, 0.000651, 0.000779, 0.000760, 0.001105, 0.000868, 0.000809, 38.799348
0.000395, 0.000710, 0.000730, 0.000572, 0.000996, 0.001036, 0.000957, 0.001440, 37.964164
0.000385, 0.000483, 0.000829, 0.000927, 0.000937, 0.001006, 0.001075, 0.001026, 38.376446
0.000375, 0.000306, 0.000661, 0.000690, 0.000819, 0.001164, 0.001391, 0.000996, 38.927096
0.000187, 0.000404, 0.000720, 0.000700, 0.001154, 0.001016, 0.001036, 0.001154, 40.538322
0.000385, 0.000473, 0.000414, 0.000700, 0.001115, 0.001549, 0.000917, 0.001174, 38.641119
0.000217, 0.000710, 0.000552, 0.000710, 0.000789, 0.001065, 0.001351, 0.001509, 39.507068
0.000168, 0.000375, 0.000661, 0.000503, 0.000750, 0.001085, 0.001154, 0.001036, 41.004831
0.000089, 0.000059, 0.000296, 0.000700, 0.000888, 0.001194, 0.001006, 0.001164, 44.589260
0.000099, 0.000118, 0.000424, 0.000690, 0.001046, 0.001055, 0.001134, 0.001065, 43.661745
0.000069, 0.000049, 0.000207, 0.000227, 0.000651, 0.000799, 0.001105, 0.001125, 45.920189
0.000187, 0.000118, 0.000049, 0.000434, 0.000582, 0.001016, 0.000858, 0.000967, 42.327141
0.000000, 0.000099, 0.000128, 0.000464, 0.000829, 0.001026, 0.001144, 0.000809, 49.503123
0.000079, 0.000138, 0.000148, 0.000316, 0.000641, 0.001016, 0.001115, 0.000967, 44.799101
0.000059, 0.000059, 0.000237, 0.000424, 0.000444, 0.001006, 0.001144, 0.000957, 46.053995
0.000000, 0.000059, 0.000138, 0.000187, 0.000562, 0.000789, 0.000878, 0.000977, 51.274125
0.000197, 0.000128, 0.000523, 0.000690, 0.000769, 0.000888, 0.001282, 0.000868, 41.560312
0.000059, 0.000207, 0.000483, 0.000493, 0.000838, 0.001085, 0.001223, 0.000957, 44.125418
0.000109, 0.000207, 0.000523, 0.000799, 0.000710, 0.000740, 0.000996, 0.001055, 42.779770
0.000109, 0.000197, 0.000641, 0.000690, 0.000710, 0.000848, 0.000908, 0.000602, 42.711953
0.000178, 0.000158, 0.000710, 0.001154, 0.000848, 0.001036, 0.000947, 0.001174, 41.455384
0.000089, 0.000335, 0.000661, 0.000927, 0.000710, 0.000996, 0.000967, 0.001470, 42.322876
0.000109, 0.000414, 0.000473, 0.000937, 0.000848, 0.000868, 0.000977, 0.000799, 41.824103
0.000197, 0.000207, 0.000543, 0.000838, 0.000888, 0.001125, 0.000858, 0.001282, 41.201862
0.000138, 0.000335, 0.000523, 0.000927, 0.001026, 0.001134, 0.000878, 0.001065, 41.603250
0.000138, 0.000276, 0.000543, 0.000651, 0.000829, 0.001144, 0.000769, 0.001203, 41.909476
0.000227, 0.000256, 0.000503, 0.000937, 0.000779, 0.000720, 0.001332, 0.001046, 40.657037
0.000138, 0.000256, 0.000533, 0.000710, 0.000779, 0.000809, 0.000592, 0.001026, 41.995966
0.000059, 0.000237, 0.000641, 0.000957, 0.000740, 0.001213, 0.000977, 0.000967, 43.492318
0.000089, 0.000444, 0.000621, 0.000937, 0.001105, 0.000779, 0.000957, 0.000858, 41.860453
0.000345, 0.000256, 0.000838, 0.000730, 0.000681, 0.001115, 0.001322, 0.001085, 39.131689
0.000227, 0.000414, 0.000710, 0.000977, 0.000868, 0.001194, 0.001302, 0.001263, 40.013312
0.000276, 0.000602, 0.000848, 0.000661, 0.000750, 0.000967, 0.001115, 0.000848, 39.047856
0.000395, 0.000750, 0.001026, 0.000878, 0.000868, 0.000740, 0.001223, 0.000977, 37.778997
0.000503, 0.000671, 0.000908, 0.000789, 0.000898, 0.000927, 0.000750, 0.001312, 37.269124
0.000552, 0.000681, 0.000809, 0.000681, 0.001194, 0.001026, 0.001401, 0.001075, 37.025761
0.000444, 0.000681, 0.000681, 0.000809, 0.001105, 0.000888, 0.001105, 0.000799, 37.695428
0.000602, 0.000651, 0.000602, 0.000700, 0.000917, 0.001164, 0.000898, 0.001312, 36.860540
0.000533, 0.000493, 0.000602, 0.001095, 0.000898, 0.000937, 0.001194, 0.000977, 37.440737
0.000414, 0.000927, 0.000700, 0.000681, 0.000868, 0.000700, 0.001184, 0.000908, 37.504453
0.000572, 0.000631, 0.000740, 0.001055, 0.000868, 0.000996, 0.000937, 0.000947, 36.950920
0.000365, 0.000641, 0.000750, 0.000700, 0.001065, 0.000937, 0.001065, 0.001065, 38.287069
0.000651, 0.000355, 0.000868, 0.000760, 0.000503, 0.001184, 0.000967, 0.001194, 36.905125
0.000444, 0.000197, 0.000908, 0.000572, 0.000967, 0.000986, 0.001559, 0.000878, 38.474720
0.000454, 0.000868, 0.000789, 0.000848, 0.000681, 0.000947, 0.000730, 0.001065, 37.310851
0.000424, 0.000562, 0.001036, 0.000829, 0.000977, 0.001194, 0.001263, 0.000986, 37.880759
0.000464, 0.000809, 0.001115, 0.000621, 0.001016, 0.000730, 0.000868, 0.001401, 37.234647
0.000592, 0.000661, 0.000947, 0.000523, 0.000740, 0.000750, 0.001105, 0.001065, 36.797776
0.000641, 0.000473, 0.000740, 0.000612, 0.000868, 0.001075, 0.001401, 0.000858, 36.847507
0.000888, 0.000799, 0.000720, 0.000908, 0.000671, 0.000937, 0.000927, 0.000967, 35.377580
0.000621, 0.000671, 0.000621, 0.000543, 0.000996, 0.001115, 0.001105, 0.001312, 36.736360
0.000464, 0.000681, 0.000740, 0.000799, 0.000947, 0.000977, 0.000769, 0.001292, 37.551168
0.000286, 0.001036, 0.000651, 0.000878, 0.000681, 0.001194, 0.001272, 0.001026, 38.177891
0.000444, 0.000651, 0.000434, 0.000789, 0.000888, 0.000829, 0.001243, 0.000700, 37.921004
0.000424, 0.000809, 0.000858, 0.000789, 0.000809, 0.001006, 0.001055, 0.000848, 37.582263
0.000365, 0.000513, 0.000858, 0.000769, 0.000908, 0.001115, 0.000858, 0.001470, 38.470567
0.000602, 0.000710, 0.000730, 0.001105, 0.000740, 0.001055, 0.000868, 0.000957, 36.711090
0.000464, 0.000513, 0.000868, 0.000730, 0.001016, 0.000829, 0.001085, 0.001184, 37.789087
0.000533, 0.000671, 0.000503, 0.000878, 0.001075, 0.000829, 0.001312, 0.001016, 37.230756
0.000789, 0.000612, 0.000838, 0.000552, 0.000829, 0.001105, 0.000927, 0.001085, 35.952087
0.000296, 0.000690, 0.001055, 0.000809, 0.000809, 0.001075, 0.001411, 0.000947, 38.588169
0.000276, 0.000690, 0.000829, 0.000779, 0.001036, 0.000986, 0.000848, 0.001095, 38.844004
0.000187, 0.000572, 0.000651, 0.000779, 0.000760, 0.000799, 0.001263, 0.001154, 40.106013
0.000266, 0.000602, 0.000760, 0.000858, 0.001036, 0.001213, 0.000878, 0.001115, 39.140831
0.000207, 0.000345, 0.000335, 0.000829, 0.000700, 0.000967, 0.001154, 0.001292, 40.780918
0.000168, 0.000109, 0.000375, 0.000533, 0.000681, 0.000769, 0.001154, 0.001125, 42.386403
0.000237, 0.000187, 0.000592, 0.000582, 0.001164, 0.000789, 0.000967, 0.000947, 40.736346
0.000128, 0.000464, 0.000612, 0.000700, 0.000621, 0.000996, 0.000602, 0.001174, 41.260109
0.000099, 0.000454, 0.000799, 0.000552, 0.000690, 0.001006, 0.001263, 0.000819, 41.558170
0.000197, 0.000404, 0.000799, 0.000404, 0.000760, 0.001085, 0.000908, 0.001233, 40.432238
0.000395, 0.000720, 0.000690, 0.000523, 0.001194, 0.001164, 0.001016, 0.001065, 37.979222
0.000385, 0.000562, 0.000917, 0.000720, 0.000799, 0.000878, 0.001134, 0.001539, 38.236015
0.000552, 0.000848, 0.000730, 0.000937, 0.000957, 0.000848, 0.000937, 0.001361, 36.784918
0.000760, 0.000779, 0.000779, 0.000819, 0.001164, 0.001184, 0.000898, 0.001144, 35.937476
0.000562, 0.000898, 0.000690, 0.001016, 0.000582, 0.001174, 0.000986, 0.001105, 36.695698
0.000493, 0.000779, 0.000829, 0.001006, 0.000838, 0.000779, 0.001351, 0.000621, 37.233292
===========END============
=========================================
=              Memory Manager           =
=========================================
* Block size            : 32440320 Bytes
* Number of blocks      : 5
* Free mem in last block: 15000756
* Total mem alloced     : 147200844 Bytes

* Recycle list          : 
[  0(38016)] = 1         [  2(2)] = 1         [  4(202756)] = 5         [  6(6)] = 2         
[  8(813320)] = 4         [  8(3244104)] = 2         [  8(811016)] = 2         [  8(1622024)] = 7         
[ 12(12)] = 1         [ 16(16)] = 4         [ 18(912402)] = 1         [ 20(20)] = 1         
[ 21(1714773)] = 1         [ 27(912411)] = 1         [ 32(101664)] = 6         [ 34(3170)] = 2         
[ 39(671527)] = 1         [ 40(1622056)] = 2         [ 52(3244148)] = 1         [ 58(92282)] = 1         
[ 59(1621947)] = 1         
* Recycled Memory       : 70510772 Bytes
* Inused Memory         : 76690072 Bytes
