15.680107,24.322945,33.023265,34.370713,35.399244,35.491907,
15.637035,24.182522,32.575630,34.126292,35.967622,36.032413,
15.684817,24.487747,32.609610,34.289407,35.988436,36.166381,
15.696831,24.361599,32.200071,33.770897,35.502537,35.591969,
15.634974,24.327545,33.070325,34.555916,35.644087,35.654393,
15.678073,24.528200,33.023084,34.544321,36.410703,36.454782,
15.587293,24.341464,32.680419,34.467361,35.924404,35.979891,
15.672771,24.503428,33.049613,34.685967,36.190369,36.137751,
15.636085,24.196773,32.324585,33.970585,35.260415,35.346161,
15.653994,24.444278,32.766085,34.085494,35.717536,35.759861,
15.558418,24.358899,32.883307,34.135711,35.765148,35.790270,
15.690279,24.422767,32.874974,34.609906,36.215701,36.243716,
15.650732,24.389411,32.532416,34.397553,36.412696,36.512600,
15.595862,24.282041,33.084610,34.777931,36.798514,36.793656,
15.682295,24.541565,33.564112,34.562040,36.262218,36.228363,
15.738606,24.318547,32.577600,34.166718,35.638890,35.722981,
15.574169,24.399805,32.328525,33.757891,35.482244,35.505436,
15.764645,24.593413,32.649604,33.896354,35.382979,35.429096,
15.525190,24.171548,32.662984,34.262767,35.591491,35.719980,
15.715408,24.407069,32.897022,34.501350,36.117054,36.175436,
15.653943,24.318172,32.790752,34.713981,36.080619,36.105814,
15.602341,24.258120,32.775296,33.991704,35.595588,35.653437,
15.649147,24.320797,32.545339,33.994910,35.954705,36.085488,
15.612620,24.249787,32.936390,34.376305,35.926690,35.997698,
15.671172,24.375973,32.209970,33.652768,35.306187,35.296745,
15.643849,24.313632,33.036067,34.583727,36.079783,36.102384,
15.702832,24.383710,32.806776,34.103903,35.522783,35.578557,
15.603612,24.335546,32.445103,33.704497,35.218827,35.345444,
15.699954,24.422116,32.980194,34.424292,35.973035,36.010276,
15.733717,24.292230,33.421600,34.750613,35.740797,35.800944,
15.529794,24.128607,32.005380,33.711178,35.459508,35.581817,
15.714382,24.300135,32.093703,33.278790,34.854894,34.920422,
15.578109,24.302121,32.709311,34.389268,35.893779,35.956795,
15.599195,24.308388,32.045952,33.572144,34.944353,34.944483,
15.638566,24.359896,33.014346,34.039979,35.664108,35.736709,
15.693360,24.326137,32.307315,33.735002,35.412855,35.459096,
15.613136,24.196919,32.567298,34.072681,35.665999,35.623675,
15.765517,24.316256,32.518952,34.102130,35.799905,35.796965,
15.724293,24.285808,32.458184,33.820863,35.279712,35.369620,
15.628877,24.100363,32.735045,34.153323,35.607480,35.638704,
15.808365,24.405221,32.558856,34.245985,35.976216,36.045797,
15.717035,24.364792,32.461808,33.984721,35.459760,35.376962,
15.734590,24.409557,32.796212,34.225381,35.924527,35.946057,
15.623498,24.195066,32.789267,33.973966,35.250785,35.354556,
15.604777,24.084042,32.450616,33.769987,35.362129,35.445032,
15.670621,24.183029,32.188671,33.964752,35.686338,35.766381,
15.715767,24.214990,32.305215,33.635953,35.075003,35.223861,
15.575019,23.936687,32.612739,34.007195,35.500734,35.613465,
15.698531,24.453128,32.259801,33.966491,35.923275,35.921788,
15.642613,24.249230,32.806089,34.550549,36.779620,36.876035,
15.667337,24.399533,32.157507,34.070896,35.519699,35.585501,
15.662815,24.355516,32.907555,34.143099,35.718035,35.791019,
15.648944,24.421153,32.784477,34.128638,35.349985,35.403120,
15.610957,24.228818,33.442452,34.842593,36.751938,36.705579,
15.616566,24.280846,32.351674,33.838566,35.444596,35.474587,
15.551317,24.088408,32.345163,33.839763,35.502661,35.452041,
15.591607,24.132151,32.205973,33.720953,35.283393,35.373373,
15.552025,24.163782,32.827244,34.435019,36.188520,36.121570,
15.670748,24.367367,32.307473,33.770503,35.469768,35.559831,
15.652841,24.275874,32.860046,34.004827,35.875875,35.878651,
15.690621,24.313949,32.423089,34.189644,35.859117,35.849203,
15.619244,24.125634,32.587645,34.272934,35.820316,35.761465,
15.581544,24.141550,32.971298,34.025714,35.440416,35.474513,
15.645415,24.201786,32.016235,33.667429,35.394592,35.346859,
15.663275,24.157526,32.310166,33.757424,35.063229,35.076048,
15.633551,24.260068,31.973862,33.699014,35.624363,35.629263,
15.732094,24.389682,32.610419,34.121464,35.219557,35.254903,
15.593841,24.328766,32.278378,33.829949,35.521930,35.583678,
15.694236,24.306769,32.705540,34.106705,36.097204,36.196603,
15.614756,24.352319,32.395858,33.899688,35.895973,35.894995,
15.642177,24.125817,33.229337,34.225107,35.503542,35.543082,
15.613434,24.072109,32.162749,33.747349,35.689992,35.719656,
15.602181,24.089631,32.271176,33.924620,35.792272,35.933990,
15.657816,24.145614,32.450096,34.375627,36.030133,35.974959,
15.590374,24.059876,32.445467,34.019868,35.393664,35.429482,
15.636145,24.310831,32.709515,34.436819,35.867751,35.836914,
15.585919,24.080306,32.330635,33.990196,36.023137,36.103866,
15.672535,24.119684,32.321141,33.732141,35.043092,35.180654,
15.529641,23.974142,32.555666,33.893364,35.663979,35.837108,
15.774586,24.242699,31.960813,33.387081,35.262174,35.271993,
15.565431,24.113586,32.365524,33.938748,35.908431,35.914980,
15.678209,24.091050,32.514549,34.165681,35.756500,35.725354,
15.530502,24.019265,32.545240,33.991029,35.795966,35.857972,
15.683518,24.249821,32.518011,34.211497,35.533439,35.539702,
15.638276,24.112780,31.821080,33.652851,35.825715,35.868283,
15.690754,24.219606,32.380664,33.771329,35.209785,35.192934,
15.650583,24.115045,32.440387,33.688357,35.213622,35.270957,
15.654789,24.120891,32.394832,33.752826,34.815409,34.909306,
15.638527,24.256045,32.371264,34.257907,36.234814,36.250676,
15.620956,24.196330,32.225662,33.961159,34.910859,34.959046,
15.609202,24.011553,31.921206,33.565313,35.281230,35.256936,
15.614107,24.104863,32.219660,33.676776,35.315596,35.409848,
15.581749,24.210383,32.748406,33.971868,35.389788,35.351828,
15.568421,23.928958,31.891531,33.328546,35.117335,35.188202,
15.589592,24.052174,32.185889,33.631863,35.492099,35.574648,
15.682429,24.071425,32.353376,33.733785,35.471372,35.527346,
15.658724,24.162536,32.497454,33.874959,35.816432,35.949859,
15.599005,24.097818,32.100779,33.751884,35.731977,35.710415,
15.749463,24.301624,32.786247,33.863455,35.488752,35.505880,
15.771697,24.127723,32.549531,33.866413,35.146028,35.164560,
15.773337,24.402127,32.279087,33.435422,34.753637,34.936569,
15.731963,24.439329,32.798740,34.116838,35.888170,35.889863,
15.614122,24.291519,32.261528,33.816446,35.079253,35.191673,
15.715746,24.269722,32.511087,33.271615,34.778705,34.876832,
15.683359,24.330560,32.065965,33.832544,35.629454,35.697778,
15.598447,24.010021,32.222351,33.612878,35.125206,35.221674,
15.681605,24.277775,32.118604,33.398034,34.647363,34.727915,
15.631644,24.045261,32.073263,33.461506,35.166846,35.247290,
15.598176,23.957516,32.600546,33.972509,35.875222,35.968015,
15.818866,24.254313,32.127291,33.313974,35.281021,35.321815,
15.685920,24.174684,32.507141,33.647695,34.998218,35.055016,
15.616566,24.053975,31.607536,33.036924,34.687411,34.694377,
15.717656,24.217777,32.184015,33.446474,35.226828,35.289945,
15.684459,24.014485,31.907927,33.285738,34.782526,34.897033,
15.738949,24.216203,32.118111,33.586822,35.265012,35.344244,
15.651960,24.157634,32.255928,33.813396,35.282710,35.295619,
15.614178,24.032560,32.434419,33.724911,35.541075,35.490487,
15.581453,24.061729,32.197558,33.578432,35.013411,35.147349,
15.622414,24.043431,32.136548,33.470917,35.034383,35.098887,
15.650473,24.124326,32.083682,33.634973,35.268913,35.299202,
15.616839,24.009477,31.505794,32.868878,34.508691,34.578751,
15.694548,24.032976,32.274766,33.303576,34.818225,34.862459,
15.673067,23.829511,31.438699,32.960639,35.239923,35.176291,
15.669190,24.126710,32.020124,33.445328,34.964686,35.016493,
15.762937,24.076644,32.006941,33.432084,35.073100,35.158998,
15.548730,23.974401,31.996047,33.546658,35.027838,35.088245,
15.700617,24.278479,32.527517,33.662724,35.172405,35.206721,
15.650457,24.181121,32.292123,33.476793,35.085159,35.074089,
15.641857,24.026818,32.111522,33.637156,35.207328,35.242628,
15.634493,23.922366,31.870156,33.255457,34.809026,34.828717,
15.699104,24.043587,32.026119,33.588024,35.065785,35.156775,
15.545107,24.038232,31.999859,33.348732,34.855191,34.833388,
15.549039,24.027897,31.302708,33.099098,34.912803,34.991631,
15.687520,24.237474,32.401371,33.957537,35.380383,35.427442,
15.757310,24.008543,32.447111,33.953922,35.912092,35.916171,
15.688288,24.060380,32.189079,33.309433,35.019949,35.100059,
15.693711,24.150474,32.457443,33.771115,35.404130,35.500392,
15.678843,24.214455,32.211780,33.720604,35.270276,35.396301,
15.657197,24.299283,32.185529,33.692049,35.413838,35.422073,
15.670562,24.364516,32.547773,34.010993,35.789410,35.812286,
15.712610,24.303427,32.316756,33.802000,35.609999,35.784241,
15.621358,24.385987,32.613982,34.335605,36.215304,36.239983,
15.762222,24.368354,32.226742,33.435617,34.759752,34.743883,
15.746023,24.234664,32.660244,34.012264,35.500441,35.541493,
15.685770,24.313986,32.579657,33.874293,35.581009,35.656458,
15.607002,24.288644,32.664120,34.177863,35.332616,35.409051,
15.709603,24.228506,32.216285,33.578774,35.020631,35.073352,
15.785080,24.314262,32.238784,33.656830,35.083555,35.117318,
15.637023,24.081628,32.302532,33.969269,35.293592,35.478970,
15.738015,24.256092,32.462142,33.657429,34.838440,34.939572,
15.685774,24.263837,32.021537,33.762727,35.176174,35.289646,
15.691971,24.331662,32.397101,33.965787,35.742635,35.838104,
15.662933,24.059458,32.023996,33.589734,35.223591,35.259351,
15.713766,24.177395,32.390120,33.822500,35.260401,35.263296,
15.668064,24.128208,31.892601,33.573054,35.073460,35.206238,
15.651711,24.069264,32.136933,33.581032,35.302945,35.296217,
15.703028,24.249364,32.447074,33.829945,35.577189,35.506763,
15.703393,24.129708,32.436665,33.658226,35.716770,35.734027,
15.733502,24.410182,32.537578,33.668546,34.784431,34.788612,
15.610241,24.166511,32.705023,33.494836,34.708316,34.738989,
15.653080,24.336421,31.964848,33.733031,35.840561,35.896857,
15.620629,24.229268,33.195936,34.207365,36.049621,36.037392,
15.649510,24.226046,32.115339,33.939579,35.183594,35.241833,
15.649153,24.068502,32.390470,34.060096,35.586407,35.662178,
15.735981,24.361945,32.204795,33.498964,34.822491,34.884930,
15.656718,24.333030,32.590840,33.986641,35.121133,35.178535,
15.582808,24.104631,32.414981,33.914781,35.604936,35.626006,
15.700659,24.517480,32.702608,34.470359,35.791127,35.831345,
15.687628,24.369912,32.842521,34.200889,36.019482,36.081998,
15.578581,24.134066,32.810644,34.040111,35.476963,35.528055,
15.715838,24.208560,32.889928,34.142505,35.453144,35.542218,
15.583972,24.348383,32.191124,33.493110,35.101117,35.106505,
15.684365,24.280387,32.025497,33.621791,35.002381,34.933457,
15.641519,24.267802,32.542756,34.185668,35.777244,35.820804,
15.605208,24.239421,32.583870,33.823969,34.964921,35.086251,
15.536491,24.093055,32.360135,33.675436,34.915109,35.036137,
15.584833,24.293519,32.554471,34.135998,35.571643,35.622812,
15.603935,24.298057,32.028468,33.548426,35.338612,35.389143,
15.667277,24.301876,32.120837,33.905572,35.484827,35.619584,
15.672789,24.087678,32.115515,33.476826,35.113419,35.150932,
15.679090,23.991166,32.539869,33.934332,35.573471,35.663037,
15.589082,24.006124,31.740518,33.482394,35.083827,35.163634,
15.640718,24.108796,32.519853,33.909013,35.416936,35.506573,
15.646540,24.295330,32.305375,33.603269,34.750969,34.845010,
15.627471,24.004497,32.519798,33.911637,36.129248,36.183395,
15.665030,24.148192,32.510485,34.052406,35.635491,35.690730,
15.728330,24.352976,32.171171,33.618034,35.453375,35.570467,
15.643466,24.224907,32.254745,33.841946,35.333621,35.405068,
15.717942,24.310349,32.707572,33.920133,35.489582,35.575478,
15.758688,24.289327,32.205373,33.696305,35.114919,35.168494,
15.673464,24.317374,32.163191,33.611510,35.290464,35.465921,
15.619848,24.218514,32.154202,33.680464,35.199652,35.249547,
15.638147,24.182839,32.877548,34.126235,35.443054,35.558668,
15.763719,24.306196,32.665968,34.116955,35.837177,35.816437,
15.622703,24.088088,31.959903,33.928474,35.585739,35.688889,
15.619625,24.056092,32.381082,33.805537,35.440709,35.537983,
15.543388,24.113979,32.315116,33.707268,35.596364,35.728817,
15.731395,24.326599,32.768879,33.646491,34.889450,34.973817,
15.746884,24.154094,32.342677,33.819567,35.301412,35.277928,
15.685135,24.306459,33.008059,33.883713,35.572993,35.577848,
15.568767,24.025635,31.918429,33.411358,35.149591,35.220366,
15.683502,24.065973,32.286761,33.949781,35.918904,36.004913,
15.656873,24.150387,32.483187,33.957652,35.422268,35.450129,
15.662627,24.140493,32.535157,34.152720,35.229809,35.306936,
15.708373,24.200136,32.716245,34.122135,35.776693,35.761256,
15.630032,24.027493,32.612674,33.760555,35.317036,35.374288,
15.640259,24.135728,32.250629,33.486421,35.268796,35.251270,
15.617246,24.016129,32.175997,33.638097,35.113612,35.248375,
15.713944,24.093551,32.524497,33.908292,35.213250,35.310824,
15.550910,24.265312,32.143803,33.546109,35.413098,35.438127,
15.674873,24.162416,31.427509,33.613987,35.171223,35.326031,
15.623242,24.098167,32.409435,33.838779,35.022394,35.107788,
15.642853,24.160244,32.752260,34.165296,35.412805,35.528676,
15.601320,24.288019,32.354245,33.853129,35.085635,35.122871,
15.574884,24.134585,32.439304,33.860647,35.578167,35.696965,
15.718105,24.483023,32.555389,34.057062,35.689934,35.700169,
15.609603,24.136473,32.255289,33.412893,34.950436,35.035145,
15.593052,24.206075,32.676730,33.799771,35.143139,35.110055,
15.744096,24.287623,32.438199,33.811258,35.481984,35.486435,
15.703079,24.224700,32.259966,33.758212,35.163831,35.209873,
15.621558,24.172690,32.333213,33.485668,34.880087,34.985456,
15.669760,24.390279,32.377307,33.614271,35.801365,35.901718,
15.643606,24.116246,32.325859,33.638194,35.102390,35.220857,
15.660772,24.067524,32.363291,33.509271,35.106618,35.061585,
15.613226,24.093052,32.396287,34.041163,35.531434,35.593387,
15.655363,24.149726,32.395316,34.169895,36.334904,36.353076,
15.684641,24.326459,32.975976,33.948087,35.685467,35.686209,
15.591386,24.046481,32.060354,33.758649,35.355820,35.468429,
15.628775,24.414232,32.508524,33.757735,35.804132,35.838786,
15.644160,24.198394,32.418757,33.582645,35.173094,35.425443,
15.594973,24.206134,32.318983,33.709936,34.654174,34.674430,
15.594240,24.232020,32.093599,33.792844,35.744762,35.760149,
15.638000,24.177331,32.139335,33.560808,35.187888,35.319023,
15.753677,24.332355,33.157096,34.487951,35.859224,35.873227,
15.574388,24.145861,31.910375,33.237152,35.369025,35.414657,
15.719921,24.428635,32.248300,33.745246,34.843358,34.932645,
15.659211,24.187268,32.358069,33.556567,35.174712,35.141882,
15.668932,24.269260,32.661349,34.194352,35.706241,35.698096,
15.732367,24.342192,32.063881,33.725935,35.267446,35.404034,
15.678071,24.294948,32.653633,33.932844,35.330239,35.380690,
15.678464,24.246118,33.000016,34.253412,35.805674,35.914080,
15.644518,24.331960,32.823406,33.935253,35.992508,35.921644,
15.622756,24.271008,32.630794,33.691023,35.335795,35.384360,
15.610884,24.163563,32.416767,33.623265,35.239281,35.251582,
15.659963,24.265281,32.212310,33.398460,35.090561,35.146062,
15.761884,24.354727,32.646765,33.882227,34.741976,34.812335,
15.723022,24.349123,32.279854,33.572561,34.833444,34.923719,
15.684967,24.342393,32.303275,33.906562,35.799519,35.910009,
15.614290,24.184054,32.226313,33.383161,35.024851,35.020698,
15.628785,24.295924,32.103489,33.716356,35.244327,35.356957,
15.597284,24.177995,32.205190,33.374700,35.053587,35.045493,
15.654361,24.268776,32.472288,33.837053,35.787929,35.833982,
15.578636,24.218696,32.381077,33.788581,35.354027,35.388215,
15.721681,24.247237,32.484444,33.705015,35.417229,35.451049,
15.649914,24.270783,32.248335,33.635921,35.622006,35.734014,
15.637438,24.142726,32.324146,33.775040,35.335777,35.405733,
15.610414,24.317918,32.562069,34.204327,35.924460,35.930186,
15.543171,24.198116,32.699461,34.243380,35.794710,35.765295,
15.704979,24.374660,32.646776,33.918172,35.259244,35.305981,
15.669745,24.466888,32.781244,34.293321,35.686167,35.838731,
15.584750,24.125180,32.477128,33.563801,34.876390,34.931898,
15.631672,24.273320,32.454622,33.840700,35.467855,35.497581,
15.633781,24.244194,33.287818,34.577817,35.702622,35.786260,
15.600837,24.310716,32.359687,33.731315,35.320687,35.390877,
15.708465,24.276246,32.119480,33.549497,35.417062,35.479915,
15.712067,24.410377,32.660322,33.906957,35.689377,35.743669,
15.656373,24.137716,32.370565,33.888040,35.716468,35.751045,
15.500893,24.103808,32.636071,33.929920,35.642575,35.686655,
15.562395,24.199451,32.519238,33.893131,35.676988,35.758966,
15.637404,24.140475,32.341993,33.651659,35.031218,35.059447,
15.598023,24.166120,32.611909,34.196253,35.880450,35.923860,
15.698975,24.470025,33.157696,34.373904,35.672630,35.755568,
15.675593,24.301491,32.419641,33.910739,35.313954,35.391169,
15.680691,24.459294,32.540604,34.017958,35.654221,35.621316,
15.682003,24.293979,32.187679,33.872432,35.729110,35.803573,
15.681580,24.278364,32.574326,34.045161,35.938831,35.993401,
15.688905,24.269103,32.825803,34.036840,35.876907,35.949748,
15.715493,24.240063,32.581911,33.985226,36.077508,36.200993,
15.690142,24.218450,32.438733,34.048213,35.267942,35.335676,
15.650418,24.229211,32.757877,34.292031,35.670227,35.665790,
15.575963,24.149687,32.686513,33.963887,35.560697,35.664061,
15.521443,24.018848,32.249173,33.914849,35.437523,35.559656,
15.597145,24.130782,32.515765,33.700501,35.390200,35.513018,
15.664775,24.325694,32.524287,33.672668,35.415496,35.424999,
15.646971,24.256182,32.154852,33.721549,35.286532,35.370411,
15.666392,24.381626,32.427376,34.229432,35.542555,35.528951,
15.612940,24.294844,32.769789,34.398522,35.992655,36.132075,
15.648385,24.282394,33.114588,34.549219,35.469044,35.534958,
15.629159,24.232488,32.623552,34.351049,36.042927,36.000187,
15.585598,24.259981,32.723006,34.177299,35.588554,35.628502,
15.695662,24.423512,32.752556,34.434205,36.227854,36.244876,
15.726370,24.485163,32.708285,34.014072,35.273432,35.369733,
15.593743,24.191357,32.689860,33.833316,35.707594,35.696308,
15.603229,24.053423,32.257486,33.860249,35.337556,35.329598,
15.702118,24.394179,32.596192,33.659438,35.404203,35.411655,
15.705092,24.238943,32.388592,33.793272,35.587003,35.569329,
15.610308,24.307328,32.473191,33.751817,35.505333,35.550404,
15.570383,24.196390,32.584172,34.142476,35.939801,35.947495,
15.745916,24.504870,32.940163,33.927776,35.494596,35.522757,
15.551641,24.304864,32.701699,34.095103,35.557351,35.563177,
18.456567,27.973598,37.859864,38.924889,40.096834,40.100696,
18.532177,27.965435,37.574228,38.377928,38.704392,38.724792,
18.408555,27.740463,37.931168,38.775389,39.342983,39.419628,
18.354490,27.760209,37.726187,38.771271,39.490514,39.488200,
18.580350,28.085522,37.884729,38.764311,39.501355,39.535432,
18.430746,27.831444,38.565775,39.160428,40.261429,40.226986,
18.626494,28.127382,39.440203,40.119434,41.009666,41.032845,
18.412318,27.818033,38.489147,39.238002,40.198535,40.202206,
18.403944,28.163533,39.810144,40.674285,41.424582,41.433041,
18.486661,28.153335,38.235677,39.088833,39.794947,39.793785,
18.590952,27.796489,38.659240,39.057443,39.758320,39.757316,
18.376182,28.049547,39.678300,39.920122,39.971176,39.978244,
18.444857,27.922925,39.055105,39.681807,40.453665,40.454755,
18.425832,27.938673,38.345413,39.548237,40.941869,40.940281,
18.305070,27.837958,39.335700,39.844556,40.512076,40.545263,
18.287808,27.715367,38.895031,39.446926,40.417961,40.299879,
18.381845,27.883450,38.625181,39.372623,40.847703,40.841237,
18.239353,27.824327,38.520032,39.352593,40.208229,40.229993,
18.403800,27.502587,38.034198,38.964084,39.496864,39.443157,
18.376840,27.804571,38.129711,38.786395,39.058600,39.036890,
18.359121,27.699449,37.692364,38.689424,39.695906,39.722610,
18.422697,27.936897,37.728162,38.663853,40.083503,40.079710,
18.469046,28.029419,37.633028,38.340681,39.299251,39.296516,
18.413431,27.767769,37.922601,38.593804,39.152589,39.137227,
18.487113,27.903492,38.668617,39.170943,40.122659,40.128403,
18.509894,27.912642,37.903804,38.573633,39.307332,39.331400,
18.347991,27.861533,38.022299,38.529564,39.240596,39.249056,
18.500370,27.925220,37.708356,38.470637,39.073599,39.085645,
18.440756,27.777995,38.841319,39.174117,39.820550,39.798732,
18.308095,27.590877,37.433627,38.339898,39.139334,39.149657,
18.321578,27.596819,37.717504,38.497473,39.907901,39.947595,
18.577006,27.963759,38.164214,38.861330,39.351356,39.376371,
18.493469,27.937141,37.897166,38.591064,39.583111,39.617367,
18.460349,27.749040,38.081701,38.901943,39.741148,39.775778,
18.440693,27.717179,37.514396,38.062082,38.519311,38.525396,
18.410762,28.000777,38.150155,38.523243,39.495661,39.477772,
18.337532,28.005308,38.150094,38.970540,40.477655,40.471122,
18.473902,28.023061,37.341748,38.028244,38.299962,38.280958,
18.247178,27.570052,36.660243,37.992265,39.315771,39.333055,
18.398776,27.728995,37.935769,38.084535,38.357529,38.379942,
18.425675,27.758689,37.283590,37.803413,38.744721,38.812560,
18.554379,27.918815,38.266905,38.817745,39.337193,39.333903,
18.364493,27.608309,38.104422,38.685499,39.160037,39.150806,
18.361365,27.838865,37.742214,38.517545,39.577542,39.591840,
18.508356,27.766742,38.422924,38.602649,39.077220,39.139983,
18.451045,27.705176,37.550760,37.935773,38.963196,38.983132,
18.547078,27.944405,38.152350,38.945129,39.642026,39.724050,
18.614140,28.027601,37.895104,38.576015,39.283911,39.330225,
18.599887,27.972661,37.812107,39.261871,40.175507,40.221014,
18.600288,28.115888,38.980521,39.435595,39.948994,39.941493,
18.415468,27.670752,37.343896,38.508895,39.897832,39.898308,
18.562910,28.036134,39.080173,39.866529,40.854074,40.822184,
18.489987,27.735766,37.911178,38.495605,39.350981,39.414921,
18.501526,27.883351,38.000015,38.654075,39.843507,39.932066,
18.289803,27.755161,38.180160,39.244287,40.823896,40.844269,
18.371968,27.747129,37.126998,38.258721,38.963181,39.009149,
18.577538,28.278343,38.447853,39.040264,39.737301,39.728944,
18.486162,27.735357,38.657542,39.244547,40.207683,40.219586,
18.487735,27.607310,37.688648,38.228108,38.862775,38.926170,
18.420746,27.821115,37.831133,38.483953,39.303531,39.307102,
18.545026,27.950387,38.744045,39.143157,40.536674,40.500306,
18.572659,28.074671,38.531222,38.952360,39.590599,39.563881,
18.423377,27.802862,37.415945,37.963031,38.633167,38.654931,
18.447806,27.863136,38.258523,39.109392,39.899408,39.962742,
18.745977,28.150736,37.892577,38.283269,39.165003,39.179203,
18.396017,27.683903,37.631939,38.226326,38.984164,38.987356,
18.502287,27.963858,38.396188,38.969625,39.603538,39.632505,
18.538221,27.654624,37.771122,38.358070,38.888824,38.974378,
18.426378,27.772216,37.900427,38.701133,39.303396,39.298623,
18.406884,27.606320,38.125199,38.725898,39.816133,39.763058,
18.468770,27.979736,37.771422,38.501279,39.504592,39.523372,
18.391133,27.599879,38.068108,39.173730,40.774850,40.786584,
18.401858,27.845311,37.931667,38.491618,39.750251,39.775703,
18.425194,27.869813,38.473816,39.011001,39.814416,39.821726,
18.563699,27.954678,38.116536,38.630691,38.957290,38.883283,
18.447734,27.754613,38.457634,39.143227,40.416583,40.407998,
18.386699,27.600730,37.908800,38.800262,39.914750,39.977293,
18.327354,27.510859,37.234814,37.977791,38.996006,39.002457,
18.521975,27.594729,37.280944,37.942684,38.875668,38.878807,
18.474565,27.744261,38.410122,38.839281,39.696649,39.777987,
18.358579,27.590032,38.219469,38.604301,39.307989,39.308776,
18.505314,27.832888,38.088678,38.504522,39.295334,39.288187,
18.345035,27.548672,38.152160,38.814164,39.595734,39.602949,
18.529154,27.963742,38.539027,39.204340,39.708634,39.710809,
18.568561,28.036753,38.556338,38.731084,39.263294,39.286219,
18.523199,27.837682,36.543703,37.580070,38.762190,38.786639,
18.492211,27.755958,38.460646,38.946938,39.611772,39.632687,
18.417274,27.712079,38.015990,38.777486,39.906173,39.887894,
18.533032,27.570952,37.456616,38.259913,39.393492,39.424802,
18.285842,27.774813,37.399631,38.231527,39.577398,39.688933,
18.386067,27.757368,37.598066,38.565363,39.475628,39.492448,
18.597544,27.672027,38.016996,38.314619,39.290436,39.295917,
18.523758,27.607083,38.102110,38.863196,39.952896,39.990855,
18.307299,27.662845,38.164033,39.231732,39.988035,40.037440,
18.398678,27.489540,38.870733,39.065182,39.558545,39.554702,
18.436668,27.681794,37.632279,38.179589,39.251190,39.247792,
18.560581,27.763289,38.418884,38.932348,39.641832,39.655388,
18.520174,27.823105,38.074282,38.974757,40.007467,40.004967,
18.454056,27.924235,38.299027,38.586090,38.900413,38.918012,
18.542524,27.668214,37.574726,37.990655,38.922878,38.909634,
18.497352,27.563239,37.055946,37.846775,39.023931,38.979239,
18.562766,27.718027,37.606119,38.279175,39.841379,39.909017,
18.471534,27.946671,37.592344,38.401660,39.189544,39.219192,
18.350215,27.741789,37.926506,38.317614,39.357642,39.312942,
18.616358,27.807261,38.553632,39.025316,40.193215,40.200922,
18.307006,27.425097,36.462725,37.173942,37.981341,37.944880,
18.325067,27.623894,37.806048,38.567935,39.761661,39.623996,
18.283531,27.604807,37.955787,38.401578,38.621045,38.619338,
18.267934,27.546582,37.754253,37.971166,38.397764,38.361245,
18.251178,27.448460,37.241651,38.210187,39.363555,39.384260,
18.442069,27.932316,37.961337,38.590773,38.866757,38.893872,
18.489410,27.602741,38.029889,38.320388,39.317201,39.296006,
18.397108,27.474718,37.055913,37.669394,38.400438,38.481445,
18.397682,27.612828,37.438673,37.955861,39.031099,39.033218,
18.549619,27.641650,37.679340,38.497142,39.446978,39.466634,
18.515681,27.776887,37.618307,38.303438,38.968222,38.991480,
18.354841,27.510077,38.158662,38.707963,39.952453,39.986045,
18.381175,27.612244,37.944428,38.031731,38.695948,38.732009,
18.437612,27.502766,37.433733,38.197014,39.148509,39.142188,
18.434678,27.529320,37.092889,37.380649,37.725656,37.726944,
18.570837,27.715499,36.978623,37.691299,38.673963,38.689448,
18.398820,27.421996,36.358548,37.074056,38.538439,38.544613,
18.692402,27.667154,37.247516,37.812055,38.930375,38.892748,
18.391178,27.578462,37.241463,37.747769,38.540788,38.541617,
18.408884,27.503734,37.479635,38.092176,38.705913,38.681932,
18.439156,27.522805,37.574699,38.052752,38.850967,38.823259,
18.284133,27.473047,36.731649,37.424209,38.209939,38.199764,
18.383460,27.510088,37.664809,38.574739,39.660996,39.651616,
18.391856,27.649161,38.494892,38.931972,40.217494,40.254989,
18.409991,27.695800,37.765495,38.316246,39.120570,39.115622,
18.461585,27.471008,37.285437,37.859635,38.721866,38.699780,
18.514163,27.486716,37.522563,38.264554,38.655114,38.712893,
18.366920,27.711917,38.128666,38.990974,39.882383,39.934927,
18.402435,27.447062,38.610899,39.139156,39.692952,39.725139,
18.173560,27.423760,37.611137,38.272996,39.214874,39.222937,
18.249968,27.512385,38.164655,38.860808,39.940876,39.945857,
18.449554,27.738081,36.685612,37.570284,39.142935,39.152193,
18.288604,27.584811,36.901515,37.955865,39.401543,39.438506,
18.464559,27.827286,37.906200,38.263533,38.853465,38.855718,
18.404484,27.895754,38.640035,39.304895,40.200681,40.241094,
18.458356,27.814436,37.935114,38.382166,39.329181,39.326235,
18.361640,27.803729,39.075063,39.542458,40.579820,40.596907,
18.528747,27.904861,38.536891,39.429022,40.839111,40.871819,
18.659269,27.608781,37.960270,38.622091,39.381168,39.418775,
18.438851,27.662813,37.676025,38.566339,39.440961,39.408834,
18.543634,27.778830,37.825998,38.479169,39.819589,39.790111,
18.385256,27.658194,37.262928,38.139681,38.770075,38.822284,
18.451538,27.744452,36.971872,38.139015,39.876263,39.881985,
18.526982,27.552036,38.390986,38.704783,39.719329,39.711740,
18.516423,28.083193,38.362546,38.940275,39.953320,39.934044,
18.529177,27.770758,38.221074,38.689088,39.597241,39.631682,
18.411302,27.486928,36.623907,37.155204,37.764774,37.786019,
18.357616,27.664862,37.644258,38.469099,39.021480,38.949581,
18.612216,28.023215,38.142540,38.678714,39.338607,39.381208,
18.339259,27.350967,36.875637,37.829518,39.113806,39.120505,
18.534387,27.760702,38.577392,39.407776,40.770544,40.842373,
18.556344,27.887278,38.173705,38.831673,39.536681,39.532556,
18.456740,27.722226,37.895773,38.854584,39.673983,39.653057,
18.520804,27.736520,38.683236,38.899774,39.024563,39.025105,
18.328452,27.667053,37.076055,37.736217,38.628956,38.827944,
18.387357,27.615631,37.493863,38.305658,39.749206,39.726598,
18.424845,27.713262,37.846510,38.522301,39.658584,39.610110,
18.430267,27.802371,38.097716,38.622503,39.247587,39.252000,
18.421805,27.705471,38.225183,38.981823,39.380288,39.464578,
18.477133,27.825700,38.062474,38.849768,39.301736,39.375624,
18.374005,27.856427,38.395955,39.132930,39.670964,39.745023,
18.446412,27.746209,37.994934,38.597852,39.389466,39.370788,
18.403385,27.597824,37.713673,38.242994,38.722558,38.722735,
18.383800,27.530495,37.806485,38.060586,38.124164,38.137543,
18.577866,27.643302,37.438534,38.267457,39.480840,39.496846,
18.232575,27.463284,38.499287,39.185845,40.175034,40.155563,
18.404514,27.849789,37.891283,38.932101,40.037879,40.026363,
18.489395,27.807605,38.495302,39.098704,39.366475,39.362844,
18.539991,27.854472,37.547530,37.929033,38.708481,38.709631,
18.403710,27.620127,38.353008,39.049443,39.580932,39.604037,
18.468374,27.581040,37.079924,37.694521,38.366841,38.376781,
18.463879,27.750488,38.147986,38.775175,39.666447,39.642117,
18.439066,27.434910,37.559548,37.993199,38.885642,38.899094,
18.602397,28.042677,37.401188,38.299387,39.492993,39.476604,
18.424553,27.633351,37.784682,38.366013,39.114499,39.094263,
18.525856,27.905962,38.061690,38.941390,39.491475,39.460311,
18.475740,27.659735,39.072806,39.136163,39.232307,39.227479,
18.395534,27.534768,37.933218,38.759129,39.981989,39.967049,
18.370224,27.614594,37.766968,38.685436,39.853521,39.837398,
18.440641,27.597623,37.325119,37.840275,38.745699,38.756531,
18.461962,27.452662,36.936221,37.132928,37.985552,37.998826,
18.409672,27.516864,38.387553,38.869940,39.597247,39.600400,
18.311839,27.527714,37.843650,38.624284,39.458595,39.459572,
18.617670,27.777409,37.235215,37.896837,38.750454,38.760164,
18.525193,27.836808,37.892638,38.400147,38.877860,38.867914,
18.310043,27.891838,38.103711,38.706197,39.953568,39.917581,
18.478891,27.840112,36.950382,37.752930,38.517442,38.583916,
18.554549,27.871725,37.710564,38.200182,39.081719,39.113366,
18.307669,27.477925,37.788786,38.378668,38.490701,38.592345,
18.570496,27.774072,37.770890,38.422044,39.531899,39.583051,
18.385421,27.614189,37.392784,38.440624,39.324627,39.316396,
18.560217,27.908116,38.340887,39.184807,39.606708,39.650595,
18.409093,27.715593,37.780317,38.160572,38.896339,38.897305,
18.600066,27.838007,38.155726,38.867696,39.981293,39.974515,
18.359741,27.622324,37.853996,38.442552,39.621676,39.552829,
18.523329,28.035687,37.569652,38.083645,38.850360,38.886417,
18.205460,27.562501,37.284739,37.979962,38.759184,38.790766,
18.443207,27.912379,37.610267,38.475063,39.258704,39.328543,
18.443474,27.438176,37.703966,38.127241,38.680347,38.797304,
18.254100,27.556814,37.846438,38.269275,39.423492,39.369511,
18.331888,27.747651,38.221323,38.544259,39.026305,39.019687,
18.420253,27.669666,37.133259,37.789098,38.880049,38.883761,
18.383770,27.583892,37.802281,38.299806,39.179399,39.181728,
18.527922,27.493344,37.614468,38.022646,38.707723,38.721036,
18.361588,27.884412,37.898461,38.927322,40.198991,40.172922,
18.452447,27.833615,38.078453,38.665185,39.607088,39.650054,
18.493733,27.680203,38.168801,38.940115,39.926504,39.805423,
18.517362,27.949021,37.447430,37.966667,38.394143,38.427696,
18.385554,27.640168,37.864354,38.262235,39.259548,39.383528,
18.546845,27.680150,37.654915,38.399076,39.331649,39.338845,
18.486125,27.785838,38.035686,38.718927,39.537705,39.549722,
18.367593,27.737553,37.809965,38.533854,38.859759,38.869438,
18.447595,27.749537,37.941499,38.449485,39.215072,39.225775,
18.325890,27.540050,36.979638,37.734930,39.309147,39.350964,
18.425341,27.739445,37.954515,38.257345,38.754231,38.784119,
18.355495,27.650931,37.519149,37.901703,38.463097,38.481681,
18.423668,27.591071,37.306072,38.311223,39.181510,39.190654,
18.263851,27.529499,37.587401,38.008378,38.899304,38.901109,
18.562114,27.930292,37.770673,38.292819,39.274563,39.239031,
18.353253,27.579196,38.288868,38.871627,39.583482,39.640813,
18.540751,27.754121,38.813051,39.886566,41.268421,41.289072,
18.455940,27.785766,37.837135,38.123446,38.967817,39.019934,
18.428024,28.010001,37.595513,38.584011,39.813608,39.850172,
18.419983,27.711998,37.462827,37.740362,39.051741,39.060127,
18.437636,27.776766,37.308819,37.985096,39.186779,39.209214,
18.329370,27.504796,37.737266,38.190060,38.703454,38.707923,
18.394807,27.780536,38.118863,38.722622,39.591942,39.599433,
18.483906,27.666280,38.078618,38.403772,39.596064,39.581698,
18.398420,28.059194,38.854285,39.232400,39.809665,39.924840,
18.497397,27.568167,37.336389,37.900130,38.885030,38.897627,
18.479070,27.689028,37.256236,37.846414,38.724832,38.743552,
18.399991,27.559136,37.885146,38.878405,39.516217,39.497351,
18.472249,28.000467,37.531039,38.291605,39.171171,39.168200,
18.416047,27.861748,37.482837,38.376795,39.322761,39.320665,
18.354801,27.803331,38.751185,38.930360,39.570524,39.568251,
18.448996,27.639768,37.701664,38.418376,39.063960,39.058366,
18.393927,27.837000,37.835738,38.927003,39.640006,39.636751,
18.463141,27.905258,37.283833,38.054385,39.421306,39.427076,
18.385995,27.641022,38.044794,38.574995,39.657573,39.651403,
18.410727,27.729646,37.196671,38.081785,38.799673,38.838515,
18.485494,27.602687,38.401774,38.856502,39.588333,39.581698,
18.404469,27.599891,37.428362,37.956536,38.984701,39.016508,
18.450576,27.792619,36.857037,37.527448,39.002902,39.010586,
18.512104,27.678278,36.789162,37.507354,38.355106,38.362402,
18.452411,27.727992,37.292121,37.797486,38.483052,38.494845,
18.517597,27.898737,38.025697,38.851938,39.640170,39.672424,
18.446310,27.714297,37.823579,39.252826,39.994821,39.949789,
18.510792,27.818804,37.558117,38.267913,39.303009,39.333519,
18.338988,27.773997,37.407106,37.838524,38.145742,38.164503,
18.472147,27.874606,38.077801,38.692217,39.769414,39.774327,
18.377823,27.799419,37.774503,38.697963,39.738362,39.741924,
18.271400,27.726852,37.818202,38.651095,40.142071,40.137064,
18.454681,27.835747,37.529984,38.177328,39.370845,39.317905,
18.523505,27.733184,37.774030,38.405588,40.084275,40.044104,
18.468171,28.137728,38.762790,39.278127,40.123418,40.159567,
18.420807,27.656177,37.710969,38.187133,38.887625,38.903355,
18.489802,27.771204,38.963596,39.534556,40.650826,40.628307,
18.412999,27.654937,37.074472,37.864511,38.719614,38.729845,
18.509854,27.935998,39.059215,40.015830,41.103796,41.129227,
18.409045,27.976344,37.965669,38.304383,38.781520,38.706055,
18.357095,27.677270,38.004194,38.725569,39.481653,39.597919,
18.523137,28.007646,38.654588,39.130238,39.928487,39.902126,
18.408045,27.505702,38.926767,39.523100,40.137451,40.157694,
18.484363,27.780271,37.589212,38.238750,39.194746,39.208171,
18.432221,27.868468,36.994228,37.635768,38.233329,38.302822,
18.449393,27.588506,39.769738,40.070948,40.726413,40.749597,
18.380250,27.743610,38.054718,38.276707,38.798558,38.816546,
18.548247,28.225581,38.057425,39.036146,40.230862,40.243713,
18.515369,27.961895,37.435262,38.035262,39.469111,39.469869,
18.678362,27.821032,37.016786,38.202441,39.146473,39.259560,
18.625504,27.897553,38.106952,38.825133,38.730096,38.766815,
18.493324,28.251751,39.086152,39.615919,40.418599,40.440725,
18.423097,27.727200,38.293010,38.997993,39.961782,39.961475,
18.443757,27.863858,38.748839,39.382768,40.419441,40.380102,
18.525928,28.158257,38.319117,38.754458,39.895027,39.785387,
18.389491,27.812493,37.624285,38.169190,38.811758,38.822525,
18.439364,27.952131,38.871413,39.275656,39.837385,39.838794,
18.523270,27.809587,36.973480,37.826525,38.964572,38.979083,
18.315599,27.457455,37.374558,38.071593,39.107112,39.105852,
18.484839,27.883684,38.372911,38.963165,40.186765,40.224516,
18.480445,27.945900,37.664943,38.340438,39.049131,39.080743,
18.376723,27.646554,37.973252,38.675930,39.408190,39.376931,
18.497297,27.799996,38.701958,39.229117,40.437999,40.431278,
18.526464,28.010284,38.781610,39.106710,40.264067,40.274343,
18.317304,27.844779,38.482940,39.021885,39.802054,39.753773,
18.488449,27.976677,37.783436,38.550356,39.543621,39.526969,
18.514534,28.001057,37.856344,38.614020,39.244597,39.249566,
18.528909,27.894757,37.847565,38.694308,39.904188,39.916702,
18.245229,27.564592,37.703562,38.497926,39.544273,39.564894,
18.475666,27.796665,38.217974,38.812339,39.257010,39.252992,
18.484984,27.767087,37.721486,38.512416,39.552098,39.552823,
18.465650,27.605917,38.273403,38.971912,39.855962,39.873185,
18.555615,27.738886,38.381639,38.668859,39.253175,39.270223,
18.439837,27.994788,39.952629,39.867947,40.725020,40.779601,
18.338315,27.729933,37.416563,38.105810,38.657024,38.689463,
22.405835,31.949759,44.664683,44.523983,44.707827,44.707613,
22.427941,32.438977,42.154587,42.269098,42.426523,42.426615,
22.247995,32.172177,43.297364,43.472458,43.717644,43.718141,
22.339096,32.309907,43.329337,43.546005,43.583747,43.583732,
22.409233,32.076581,42.650925,42.674618,42.773564,42.774388,
22.561653,32.048177,44.150375,44.574010,44.885997,44.891927,
22.259002,31.716068,44.250001,44.474047,44.698021,44.711549,
22.226029,32.311135,44.288597,44.241700,44.336202,44.336685,
22.346910,32.093968,42.953263,43.316000,43.657155,43.661409,
22.703419,32.452969,44.958893,44.922456,45.152106,45.151502,
22.680026,32.116137,43.054730,43.713490,44.568196,44.569309,
22.461229,32.096077,43.603580,44.257773,44.968231,44.961907,
22.281530,31.941202,43.485359,43.691932,43.919353,43.935889,
22.596735,32.241920,41.633749,41.969166,42.576362,42.579273,
22.371859,32.374604,45.088683,45.823599,46.991067,46.988432,
22.658118,32.184878,44.857759,45.193579,45.449385,45.448438,
22.401625,31.931849,42.930150,42.936882,43.660751,43.656773,
22.509681,32.187902,43.561086,44.239898,45.180203,45.181354,
22.302258,31.841256,42.916396,43.110005,43.299223,43.295760,
22.574038,31.907378,44.525608,44.873231,45.383984,45.361012,
22.557447,31.929908,44.709639,44.994452,45.416172,45.408887,
22.342157,31.895206,43.552822,43.503492,43.511678,43.512757,
22.339581,31.786321,43.467375,43.401822,43.486094,43.486344,
22.429016,31.679805,43.365407,43.493584,43.673687,43.670143,
22.410342,32.077144,44.726645,44.583275,44.539658,44.545227,
22.349958,32.360200,45.085070,45.810949,45.406644,45.437802,
22.411938,32.219869,44.343127,44.572631,44.930650,44.925178,
22.085590,31.859267,44.840293,44.914645,45.036183,45.058150,
22.325149,31.948301,44.964758,45.368014,45.937579,45.937166,
22.518032,32.514794,43.354739,43.799356,44.920389,44.919142,
22.512742,31.947162,42.270932,42.379264,42.463611,42.462693,
22.612200,32.210515,44.620437,44.542638,44.956747,44.965915,
22.149076,31.949011,44.367679,44.619120,44.599583,44.596164,
22.468677,32.199191,45.422367,45.794933,46.312270,46.306805,
22.200530,31.841247,43.294606,43.212264,43.751629,43.750395,
22.357890,32.206270,44.395795,44.447164,44.419060,44.423856,
22.289349,32.429825,44.758926,44.869004,45.817106,45.817458,
22.538354,31.593658,43.953847,44.048380,44.443130,44.351158,
22.476194,32.113441,43.742698,44.229732,44.666381,44.669218,
22.403312,31.561336,42.966808,43.272071,43.591814,43.607267,
22.780619,31.972191,43.894619,44.012251,44.469121,44.476207,
22.528152,31.959128,43.460675,43.917664,44.639013,44.659556,
22.913272,31.767265,42.284757,42.567726,43.433487,43.432194,
22.310249,31.799983,42.788913,43.069972,43.023585,43.013816,
22.436694,31.634968,43.288392,43.121264,42.887492,42.886928,
22.448739,31.987694,43.747474,44.034463,44.632365,44.637920,
22.513668,31.875832,42.372217,42.666954,43.350989,43.350533,
22.441499,31.880603,42.458119,43.020877,44.024183,44.036932,
22.346534,31.653028,42.610394,42.677034,42.880325,42.879775,
22.728571,32.220774,44.584070,45.166673,46.294522,46.289108,
22.308355,31.917800,42.846213,42.864509,43.027883,43.028756,
22.077397,31.884631,44.337722,44.716601,45.217519,45.129831,
22.577475,31.852902,44.122965,44.224919,44.208029,44.209487,
22.342374,31.890988,43.210222,43.366894,43.394488,43.393913,
22.430550,31.940345,44.064323,44.750558,45.346051,45.346186,
22.628670,32.207493,44.458735,44.476742,44.712231,44.687714,
22.342068,31.576854,43.170420,43.851897,44.954355,45.019953,
22.447740,31.844601,42.382878,43.289516,44.365860,44.441865,
22.513239,31.993121,42.941315,43.384696,44.190356,44.185898,
22.386167,31.257770,44.641161,44.590644,44.787499,44.787102,
22.504056,31.954428,45.437410,45.695726,45.994388,45.993786,
22.461973,32.078227,42.885213,42.935224,43.034503,43.034940,
22.368142,31.949108,44.356796,44.532730,44.858585,44.859009,
22.366124,31.871075,43.433603,43.804811,43.983882,43.979284,
22.600764,32.237897,43.319380,43.345178,43.315717,43.317088,
22.513187,32.284534,45.208767,45.575576,45.931353,45.957663,
22.515938,32.159450,43.248206,43.353027,43.726663,43.726539,
22.482133,31.748545,43.978362,43.943690,44.201939,44.198161,
22.321105,31.736893,42.827880,43.445181,44.213205,44.208619,
22.177064,31.672212,43.553823,43.521301,44.125094,44.107959,
22.238134,31.855287,43.116806,43.292609,44.044198,44.045603,
22.088417,31.330177,42.324338,42.474453,42.637723,42.644379,
22.594119,32.039079,43.691947,43.702010,44.119647,44.111863,
22.264744,31.757522,44.108061,44.319836,44.610445,44.610407,
22.435637,31.720111,41.968212,42.174835,42.439039,42.441547,
22.226083,32.119127,43.098090,43.007754,43.153092,43.153910,
22.430256,31.906974,42.122591,42.235303,42.470203,42.481761,
22.569832,31.690778,43.488962,43.552972,43.676928,43.661715,
22.301650,31.602123,45.454448,45.372665,45.323637,45.322560,
22.432937,31.704158,43.449567,43.524593,43.909731,43.916382,
22.433571,31.526081,44.002768,43.959811,44.094594,44.064827,
22.365516,31.523719,42.821794,43.047587,43.595280,43.595944,
22.379897,31.953011,43.799482,44.071467,43.989789,43.992150,
22.349326,31.438063,45.069652,44.960482,44.807025,44.894305,
22.830011,32.000009,43.461333,43.360205,43.468122,43.468575,
22.540900,31.594924,43.648661,44.356293,44.614218,44.610102,
22.415416,31.769017,42.705131,43.181221,43.824871,43.823886,
22.303344,31.704602,43.147459,43.150969,43.488227,43.484771,
22.587361,31.803581,44.144965,44.244360,44.366544,44.367985,
22.227600,31.464834,44.650897,44.889550,45.209969,45.207783,
22.236940,31.435335,41.069916,41.240192,41.589549,41.576800,
22.321623,32.269697,43.757337,43.508588,43.700867,43.705813,
22.666532,32.022372,43.959040,44.281775,45.158151,45.155667,
22.434013,31.753308,43.926116,44.024932,44.637786,44.659788,
22.575009,31.730046,43.057233,43.414255,44.385510,44.460078,
22.438380,31.561568,43.620364,43.743619,44.769562,44.767508,
22.430929,31.895556,43.779869,43.501795,43.184827,43.198840,
22.382468,31.766946,42.499824,42.606046,42.689315,42.689756,
22.143415,31.520064,41.336276,41.548560,41.766658,41.766460,
22.345589,31.542025,43.147472,43.249932,43.741389,43.737352,
22.054322,31.596664,43.555421,43.598825,43.548003,43.556781,
22.227047,31.907592,43.105828,43.371703,43.521479,43.535315,
22.202172,31.819583,44.231791,44.865084,45.770285,45.769265,
22.285503,31.571787,43.715164,43.804985,43.925482,43.928736,
22.084939,31.778703,42.493081,42.892850,44.463520,44.482545,
22.367062,31.624896,42.486255,42.635305,42.767205,42.758020,
22.287388,31.549311,43.060578,43.272841,43.788009,43.785063,
22.303193,31.763835,42.730581,42.926892,43.126390,43.125457,
22.359944,31.106159,43.350875,43.578142,44.029161,44.033362,
22.465226,32.030444,42.719328,42.872723,42.813865,42.865758,
22.518921,31.735589,41.270981,41.474077,41.693935,41.706721,
22.418007,31.566807,44.460649,44.692098,44.723379,44.721268,
22.512348,31.565615,42.464610,42.655646,42.929878,42.917131,
22.561929,31.585527,42.143079,42.772504,43.519212,43.519908,
22.480393,32.036775,43.143517,43.187941,43.284770,43.284727,
22.434767,31.592034,43.376632,43.588561,43.741373,43.742714,
22.313682,31.456505,44.134830,44.102754,44.030594,44.008518,
22.378823,31.820002,44.320941,44.096539,44.220773,44.220529,
22.619632,31.755800,43.199638,43.389496,43.609006,43.610020,
22.243249,31.699518,43.577932,43.368210,43.146194,43.142226,
22.614817,31.748803,42.874485,42.999558,42.954277,42.954576,
22.381813,31.437088,43.903608,44.346513,44.137084,44.136965,
22.065583,31.179123,43.202475,43.320752,43.565906,43.561909,
22.311271,31.150548,42.771655,42.999965,43.187132,43.177097,
22.819463,31.659249,44.192363,44.623607,45.120718,45.118576,
22.321765,31.734607,42.430994,42.397351,42.639005,42.638400,
22.548078,31.839756,42.715239,42.757660,42.954355,42.945039,
22.419546,31.550279,42.172488,42.146836,41.945859,41.952660,
22.809439,31.867444,42.796872,43.066460,43.551315,43.556078,
22.270552,31.813264,42.018222,42.721731,43.552703,43.552643,
22.642658,31.812919,43.178220,43.092285,43.370873,43.370715,
22.367988,31.437570,42.319334,42.423748,42.579237,42.627999,
22.657798,32.043834,43.383418,43.597226,44.129661,44.158504,
22.324751,31.700184,41.701200,41.745661,42.073984,42.077395,
22.342691,31.450670,42.746312,43.148683,42.971390,42.980344,
22.586294,32.090863,43.779381,43.928704,44.227638,44.161388,
22.594783,31.593365,43.902217,43.835757,44.273219,44.291710,
22.360256,31.867584,45.479294,45.494279,45.013700,45.008854,
22.675852,31.850725,44.426302,44.065701,43.795154,43.801142,
22.419289,31.855343,42.780357,43.101923,43.639787,43.618894,
22.426813,31.701118,42.989055,43.112918,43.203632,43.202502,
22.516461,31.893695,44.613017,44.669565,44.749653,44.770708,
22.252003,31.638019,41.917705,42.037611,42.297106,42.295138,
22.458508,31.994418,45.207412,46.018001,46.945863,46.956082,
22.660391,32.169680,44.862459,44.846161,44.573783,44.562692,
22.613772,31.950372,44.215431,44.048681,44.652608,44.651993,
22.492754,31.638360,44.381985,43.983750,43.348510,43.348324,
22.447264,31.652581,43.274073,43.347726,43.670971,43.671938,
22.466449,32.190200,43.724768,43.954649,44.180840,44.182876,
22.408352,32.225763,44.317663,44.054928,44.663179,44.664028,
22.307660,31.841942,43.368640,43.345975,43.256676,43.274297,
22.449141,31.743846,44.488912,44.505204,44.502565,44.520083,
22.557010,31.652703,42.408693,42.748767,42.290804,42.290760,
22.525335,31.918383,41.432582,41.550923,41.798030,41.795709,
22.476321,31.570301,43.590007,43.600002,43.583582,43.586891,
22.261317,32.094315,42.632055,42.704873,43.265904,43.279117,
22.269878,31.478208,43.548525,43.885615,44.334789,44.329073,
22.555388,31.963308,44.130070,43.893843,44.234410,44.229819,
22.382826,31.965280,42.709297,43.349806,43.871389,43.892132,
22.450186,31.793915,44.312930,44.525178,45.236464,45.228419,
22.555749,31.458907,43.780388,43.918103,43.858668,43.863011,
22.406144,32.254394,44.624295,44.896461,45.121189,45.125733,
22.358221,32.015345,43.247969,43.412794,44.239041,44.232315,
22.234821,31.818890,43.115091,43.171897,43.754412,43.753411,
22.564416,31.985733,44.462728,44.402217,44.429973,44.434360,
22.473056,31.706627,43.950704,44.167765,44.685853,44.685310,
22.393700,31.806437,44.695826,44.953345,45.198614,45.243179,
22.349051,31.905029,45.201515,45.240315,45.313884,45.316819,
22.756686,32.163730,44.226139,44.498145,44.793455,44.798544,
22.749833,31.931773,43.935384,44.279833,44.585679,44.585092,
22.332098,31.777849,42.414330,43.032741,43.961172,43.961205,
22.336404,31.684979,42.776734,42.983512,43.321389,43.310080,
22.323150,31.794677,42.790930,42.799181,42.967865,42.970371,
22.564884,31.751204,42.214969,42.274145,42.985451,42.995301,
22.381298,31.873314,44.349615,44.462913,44.560978,44.562485,
22.477538,31.843054,43.318729,44.089641,45.420622,45.420049,
22.210620,31.853101,44.726528,44.717870,45.541646,45.538721,
22.104226,31.679175,44.096353,44.558889,45.181354,45.165915,
22.378285,31.980467,43.899321,44.163037,44.407067,44.405013,
22.458100,31.969462,44.487227,44.523927,44.747864,44.768298,
22.411700,31.933507,44.063820,44.392786,44.979704,44.979663,
22.517735,31.846578,43.804020,44.092159,44.283877,44.284213,
22.431564,31.445895,44.263520,44.398224,44.591118,44.596278,
22.436179,31.458556,43.030437,43.392848,44.225616,44.225337,
22.265628,31.773844,43.573879,43.616333,44.147105,44.167490,
21.978864,31.413459,44.835897,44.566820,45.064172,44.978895,
22.332818,32.031483,43.659312,44.050439,44.351230,44.353168,
22.459267,31.718533,43.103969,43.283759,43.621547,43.622215,
22.256542,31.692035,42.678938,43.044784,43.437614,43.438021,
22.313351,32.029729,43.861841,43.995753,44.344721,44.345134,
22.568664,32.291824,44.128809,44.220442,44.730638,44.730736,
22.585448,32.227916,43.659465,43.784024,43.523614,43.523732,
22.400693,31.971580,44.200760,44.360696,44.871450,44.872543,
22.375126,32.027542,44.741558,44.801827,45.194189,45.194472,
22.125125,31.188106,42.864369,43.999938,44.738771,44.735104,
22.383828,31.846514,41.916855,42.366930,42.851317,42.850669,
22.514466,32.637342,45.764145,45.910697,46.275729,46.277154,
22.398281,31.690681,41.526848,41.859381,42.499156,42.499847,
22.271961,31.257844,43.639513,43.876083,44.106856,44.106161,
22.190383,31.484626,42.264169,42.195112,42.291709,42.291541,
22.679009,31.907436,42.740017,43.035033,42.987652,42.988491,
22.637310,31.767342,42.113204,42.659971,43.313441,43.310970,
22.639703,31.910562,42.483348,43.056767,43.240015,43.239668,
22.737065,31.698029,43.036981,43.676298,44.370778,44.394091,
22.640895,31.982086,42.080734,42.171076,42.162027,42.164726,
22.603108,31.836025,43.999623,44.335004,44.967714,44.969389,
22.414874,31.561855,44.447696,44.439411,44.848775,44.831125,
22.410215,31.671906,43.355851,43.336107,43.468634,43.715179,
22.481683,32.388622,43.472311,43.441061,43.578848,43.594346,
22.700110,31.980954,43.549077,43.626115,43.789270,43.793497,
22.367971,31.802666,44.597645,44.770313,45.114532,45.099584,
22.344642,31.662617,41.794474,42.072104,42.074791,42.074122,
22.254878,31.857644,42.947947,43.142403,43.887114,43.870956,
22.506730,32.046359,44.563804,44.242802,44.970610,44.971769,
22.491790,31.778378,44.922967,45.274247,45.446290,45.444351,
22.407586,32.192381,43.577331,43.385400,43.071843,43.072578,
22.346095,31.973874,45.175536,45.533653,46.270925,46.269696,
22.323359,31.712899,43.760750,43.912422,44.208358,44.190201,
22.453263,31.589918,43.367853,44.259969,44.776878,44.782760,
22.347021,31.843746,44.073756,44.504181,44.491413,44.490209,
22.424611,31.880612,41.751317,42.358009,43.246299,43.245242,
22.305241,31.838090,42.764440,43.471476,45.322380,45.332535,
22.300225,31.759841,43.686201,43.525735,43.244394,43.244157,
22.119953,31.579592,44.159619,44.234340,44.410303,44.389979,
22.451103,31.838219,44.607379,44.705140,44.756443,44.750243,
22.436534,31.800264,43.910849,44.209939,44.428895,44.412195,
22.460856,32.236400,43.729213,43.792629,43.890002,43.893682,
22.311089,31.833074,44.895363,44.978605,45.123118,45.128372,
22.343004,31.446515,44.395450,44.944594,45.776932,45.777356,
22.317414,32.112503,41.533876,41.801411,42.311004,42.310678,
22.168521,31.671880,43.699461,43.980141,43.927320,44.012450,
22.296869,31.753511,43.382485,43.425621,44.183429,44.199322,
22.345275,32.237914,44.613874,44.801289,45.046468,45.046321,
22.382559,31.641894,43.391984,43.847037,44.508235,44.507937,
22.415444,32.041365,42.019606,42.677607,43.080538,43.083432,
22.434254,32.037313,42.814747,42.994960,43.801711,43.803988,
22.364407,31.449718,43.084879,43.267665,43.729150,43.725964,
22.422152,31.504105,43.191471,43.157398,43.298688,43.298392,
22.511025,32.127366,43.237307,43.599594,44.313499,44.312859,
22.462801,31.743923,41.927368,42.148046,42.371011,42.370977,
22.663701,32.167915,42.319312,42.371580,42.471891,42.468365,
22.504437,31.782421,42.641147,42.806341,43.008478,43.006319,
22.507521,32.126735,43.300110,43.771272,44.059640,44.060009,
22.526399,32.082913,42.551715,42.627625,42.272810,42.272833,
22.481643,31.524768,43.699786,43.614742,44.158401,44.157851,
22.714718,32.165033,43.984113,44.309196,45.169206,45.176686,
22.207527,31.718803,43.662496,44.178373,44.753037,44.763442,
22.582957,31.767832,42.620934,43.020916,43.535122,43.550255,
22.508866,32.199664,43.125186,43.288238,43.595084,43.593758,
22.734761,31.814766,43.466702,43.890002,44.235109,44.233153,
22.432896,31.933868,42.930189,43.169942,43.384782,43.385774,
22.543139,31.852549,43.833957,43.728031,44.091669,44.041123,
22.424604,31.744621,41.728864,41.918997,42.432575,42.433255,
22.464954,31.886393,45.222648,45.382414,45.606992,45.610155,
22.627955,32.131064,44.906379,45.326893,45.836184,45.833356,
22.391248,32.043573,43.646494,43.787521,44.124089,44.130599,
22.468774,31.942290,42.991219,43.706509,44.282905,44.281475,
22.363711,32.230721,44.979849,45.158670,45.546747,45.546818,
22.560752,32.001635,42.918601,43.417582,44.042644,44.039169,
22.465638,32.262729,43.992679,44.434415,45.502597,45.509081,
22.158635,31.544831,43.933802,44.005336,44.456124,44.451862,
22.373888,31.939389,42.913779,43.124577,43.661286,43.661286,
22.377169,32.062895,43.465224,44.270436,45.599164,45.599642,
22.372501,31.913471,42.950572,44.214022,45.372029,45.377753,
22.482798,32.310584,43.128015,43.349051,43.425621,43.425215,
22.372186,32.126830,43.554838,43.739300,44.020357,44.020939,
22.240883,31.567996,43.996861,44.291339,44.638840,44.638054,
22.850195,32.584673,45.293708,45.324311,45.889116,45.877244,
22.264376,31.926774,43.372061,43.686740,44.115787,44.116042,
22.447680,32.213042,42.989199,43.345975,43.619637,43.623322,
22.511095,31.723000,42.574479,43.445050,44.673371,44.673622,
22.217476,32.057694,43.950966,43.989838,43.771728,43.771476,
22.562184,32.089725,44.260690,44.405904,44.535107,44.616887,
22.418316,31.857794,44.230046,44.380106,44.546334,44.532506,
22.168373,32.069295,44.319693,44.409976,44.525645,44.524301,
22.393546,31.822877,44.337042,44.338276,44.589620,44.597285,
22.422277,32.134849,45.523417,45.533959,45.534289,45.535420,
22.223417,32.004654,42.384543,42.060559,41.990472,41.948861,
22.470124,31.626291,42.666954,43.015161,43.521153,43.529164,
22.334435,32.109544,44.922742,44.881758,44.937811,44.881879,
22.282028,31.649443,43.320144,44.858989,45.355017,45.359632,
22.779516,31.892656,43.761549,44.372148,43.998961,44.003398,
22.309767,31.516761,43.312142,43.430481,44.096506,44.028761,
22.675805,32.007470,43.967114,44.269784,44.756877,44.762850,
22.564041,31.848104,44.003116,44.021654,44.076433,44.076096,
22.444123,31.442474,43.848971,44.062090,44.456970,44.465804,
22.184906,31.720821,43.825825,44.205824,44.406085,44.406085,
22.283376,32.187680,44.812289,44.857960,45.295224,45.294890,
22.352457,31.676551,41.954334,42.132312,42.261872,42.262538,
22.427089,32.093287,44.261094,44.633514,45.259404,45.259470,
22.343818,31.964988,44.772724,44.796118,45.166803,45.172782,
22.280452,31.451163,41.982966,43.091828,45.057876,45.057791,
22.315872,32.181858,43.333352,43.699585,44.272638,44.272937,
22.328261,32.126977,42.604773,42.969927,43.626571,43.629305,
22.532620,31.843484,44.720253,44.970445,45.723495,45.717937,
22.463971,31.895029,42.755485,43.100779,43.761941,43.777321,
22.468919,31.959165,43.294212,43.451608,43.337258,43.340839,
22.375848,32.140428,45.055744,45.242386,45.417341,45.426617,
22.586261,32.012899,43.678480,43.805950,43.843620,43.836809,
22.471679,32.017839,45.471832,45.604740,45.688103,45.688298,
27.760093,38.012787,52.813727,52.759910,53.502548,53.502548,
27.468921,36.982676,47.776742,47.628046,47.776742,47.776742,
28.452072,38.280350,51.926341,51.964906,52.027711,52.027711,
27.678392,37.767496,48.808362,49.020355,49.481319,49.481319,
27.379908,37.780210,51.527971,51.522730,51.552392,51.552392,
27.525728,36.420242,48.934198,48.885046,48.789226,48.789226,
27.600547,37.744103,52.752826,51.056258,49.889660,49.889660,
27.466724,37.484044,50.562020,50.526027,50.479501,50.479501,
27.707946,36.893485,53.005937,53.328827,54.268992,54.268992,
27.550283,36.643019,49.130308,49.124058,49.133383,49.133383,
27.608890,36.796024,54.003828,53.414168,52.431237,52.431352,
28.367561,37.870112,50.084873,50.095366,50.100150,50.100150,
27.400500,37.409471,46.794449,46.824947,46.853680,46.851638,
27.867995,37.132247,48.043312,48.001653,47.927969,47.927969,
27.770668,37.551232,52.957244,52.830635,52.599951,52.599951,
27.703829,36.598115,50.411177,50.410887,50.543015,50.543015,
28.217774,36.638198,52.503445,52.051103,51.590708,51.590708,
27.566767,37.126821,49.900529,49.841182,50.005323,50.284278,
27.815114,37.371679,52.388549,52.378626,52.368726,52.368726,
27.335766,37.455941,49.855114,49.869283,49.907875,49.907875,
27.773246,36.898611,53.352714,53.485462,53.681354,53.681354,
28.033640,36.842069,50.366002,50.362348,50.506883,50.506883,
27.574419,36.808360,48.490920,48.304075,48.124511,48.124511,
27.766003,38.233636,50.827386,51.029120,51.173612,51.173612,
27.590389,36.267824,45.503861,46.027282,46.764759,46.764759,
27.696381,37.499097,49.655424,49.881639,50.716426,50.716426,
27.715253,36.824776,51.459854,51.461514,51.477686,51.477686,
27.641732,37.153171,51.486212,51.556539,51.674468,51.668272,
27.872902,37.226729,48.819793,48.774445,48.733795,48.733795,
27.447663,38.100595,50.151421,50.226077,50.359986,50.359986,
27.957074,36.802986,51.134340,51.088812,51.086696,51.086696,
27.511733,36.293141,48.245400,48.290765,48.337103,48.337103,
27.876643,37.093988,49.531479,49.457879,49.163981,49.163981,
27.883676,37.135820,49.665294,49.725671,49.714922,49.714922,
27.646414,37.290656,49.093311,49.087327,49.096521,49.096521,
27.456947,36.616645,49.725361,49.735516,49.738616,49.738616,
27.869062,36.939544,50.699520,51.036306,51.433196,51.433196,
27.473491,37.047733,49.635690,49.644119,49.654207,49.654207,
27.407853,36.895673,49.360643,49.116579,49.314376,49.314376,
27.809993,36.988876,50.192340,50.210144,50.160708,50.160708,
27.665111,36.964494,47.496546,47.506181,47.524473,47.524324,
28.228781,37.577723,47.850934,47.868684,47.804828,47.804828,
28.460674,37.734399,52.451001,52.435736,52.394834,52.402159,
27.845752,37.593298,52.062317,52.495480,52.962454,52.962975,
27.878663,36.745325,53.324575,53.395410,53.394114,53.394114,
27.283867,35.980721,51.366628,51.387616,51.410164,51.410164,
27.161143,37.344968,52.014700,52.050258,52.131289,52.130859,
27.355916,36.466280,48.589873,48.715818,49.006025,49.006025,
27.616117,37.682809,51.260189,51.271034,51.304088,51.304088,
27.821457,36.341705,47.493622,47.338534,47.072054,47.072054,
27.464273,37.257014,48.610445,48.609057,48.638427,48.638427,
28.036674,37.738796,49.559247,49.631028,49.699833,49.699833,
27.594897,37.665424,48.388030,49.215534,51.579225,51.579225,
27.627920,37.304949,48.388348,48.574948,48.753331,48.753331,
27.734831,36.165291,46.596318,47.665871,48.221931,48.221931,
27.566569,36.625657,50.796489,50.858825,50.965544,50.965544,
27.753777,37.442682,53.440712,53.525928,53.578773,53.578773,
27.607605,36.694396,48.696987,49.414656,49.750481,49.750481,
27.529355,37.480948,48.023707,49.017569,52.157629,52.157629,
27.804827,37.014446,49.365650,49.339711,49.264145,49.264145,
27.812507,37.216607,49.753406,49.740416,49.737438,49.737438,
27.841719,37.041191,48.413742,48.251826,47.762629,47.762629,
27.516001,36.969596,46.861125,46.863909,46.868103,46.868103,
27.732009,37.386907,53.172307,53.224041,53.251951,53.252508,
27.318592,36.626321,49.329706,49.813513,50.710835,50.710835,
27.389836,37.231257,51.228514,51.138791,51.048115,51.048115,
27.492014,36.685280,47.811629,47.761763,47.710246,47.710246,
27.509461,36.679707,49.234328,49.246108,49.257255,49.257255,
27.694764,36.982159,51.266710,51.150539,51.027784,51.027784,
27.681674,36.734332,47.160710,47.308617,47.622212,47.622212,
27.780322,36.925581,45.662353,45.620574,45.636658,45.636562,
27.900231,36.340610,48.293788,48.305814,48.338137,48.338137,
27.332083,36.717530,49.908972,49.656824,49.442960,49.442960,
27.639150,36.710750,52.817507,52.836075,52.947882,52.947882,
27.583668,36.688380,47.907900,47.910954,47.914458,47.914498,
28.051228,37.619713,50.645831,50.951249,51.681254,51.681254,
27.707484,36.476732,51.924596,52.010930,51.968533,51.968533,
27.530443,37.177085,49.777124,49.784076,49.795689,49.795563,
27.593612,36.875621,47.642034,47.483719,47.369989,47.369989,
27.793690,36.771235,48.189200,48.193370,48.560971,48.560971,
27.908378,37.872218,51.004225,50.988976,50.969001,50.969001,
27.794381,37.461813,49.783700,49.812630,49.769682,49.768683,
27.596208,36.559556,50.839438,50.853770,50.883301,50.883301,
27.472144,36.979234,48.585447,48.612885,48.639631,48.639631,
27.737002,37.124418,48.847141,48.847848,48.879036,48.879036,
28.144630,36.925097,48.766205,48.828940,48.878883,48.878883,
28.194333,36.342066,48.949276,48.954607,48.955591,48.955591,
27.628499,36.485798,48.933322,48.734288,48.350601,48.350601,
28.034486,37.361397,49.854286,49.998468,50.261897,50.261897,
27.958927,36.868273,49.465096,49.448817,49.429767,49.429767,
27.867191,36.439771,48.161327,48.122757,48.124040,48.124040,
27.955418,37.785825,50.367078,50.318385,50.418063,50.418063,
27.651888,37.195932,49.431154,49.431963,49.435838,49.435838,
27.330043,36.665694,48.293388,48.297304,48.307242,48.307242,
28.043945,37.179076,49.006811,49.246662,49.497955,49.497955,
28.251218,37.105618,50.447030,50.590079,50.665291,50.665368,
27.353995,36.539101,49.663282,48.773799,47.372903,47.372903,
27.850158,37.441914,53.959663,54.321778,54.287341,54.287341,
27.538686,37.020507,49.615262,49.631210,49.657616,49.657616,
27.496483,37.318590,49.588093,49.305103,48.772954,48.772954,
27.576679,36.743980,49.758014,50.195027,51.216728,51.215333,
27.773414,36.808452,50.118121,50.162691,49.951241,49.951241,
27.188577,36.406323,47.157832,47.237032,47.366682,47.366682,
27.466384,36.920407,51.494569,51.516186,51.579130,51.579130,
28.006884,37.494799,49.167297,49.141269,49.118676,49.118676,
28.173832,37.255038,51.329068,51.322631,51.328978,51.323256,
28.218226,36.214632,50.562769,50.458144,50.364211,50.364211,
27.834467,36.953958,47.690652,47.890720,48.167717,48.170483,
28.108730,36.517192,50.092740,50.101364,50.096376,50.096376,
27.820393,37.392346,48.995818,48.991950,48.991533,48.991533,
28.166519,37.222626,48.425142,48.406661,49.226767,49.226767,
27.648033,36.976970,49.401320,49.385335,49.351498,49.347867,
27.365578,36.836637,49.043339,49.535029,49.765498,49.765498,
27.484500,36.021964,51.765411,51.797084,51.772540,51.772540,
27.566400,36.478357,50.187797,50.185665,50.187109,50.186009,
27.459967,36.644625,47.952282,47.923229,48.013104,48.013771,
27.878219,37.046765,45.851187,46.293343,47.345215,47.345215,
27.498047,36.019803,48.575280,48.637705,48.777526,48.777526,
27.814873,36.847606,50.700139,50.687926,50.736830,50.736752,
27.518977,37.337867,47.824465,47.818720,48.575090,48.575090,
27.726437,36.423609,49.765311,49.764375,49.765498,49.766497,
27.578985,36.779011,50.325480,50.110545,49.973448,49.973448,
27.670463,36.775193,47.851215,47.867232,47.871104,47.871104,
27.757871,37.199522,49.287007,49.315445,49.369124,49.369124,
27.784790,36.874937,48.487756,48.531133,48.633326,48.633326,
27.645572,36.170419,48.871205,48.875729,48.916041,48.922410,
27.636200,36.431441,49.486994,49.484009,49.504122,49.504122,
27.639233,36.754097,50.444621,51.183724,52.186417,52.184673,
27.530860,36.374343,49.974299,49.702354,49.440179,49.440179,
27.599965,37.574126,51.344035,51.334350,51.375843,51.375843,
27.577407,36.894294,50.581183,50.341630,49.966905,49.966905,
27.850448,37.051904,47.930751,47.731139,47.527642,47.527642,
27.411939,37.476572,48.548879,48.560073,48.591112,48.591112,
27.742185,37.740624,49.891909,49.895959,49.902525,49.902525,
27.703194,36.838860,49.376822,49.315558,49.319668,49.319668,
27.481129,36.852212,49.714305,50.007434,50.341273,50.343554,
28.001629,36.452307,48.766205,48.864200,49.061560,49.061560,
27.883201,36.130088,48.095646,48.109649,47.783934,47.783934,
27.752341,37.281366,50.351977,50.417555,50.572605,50.572605,
27.321547,36.638584,50.733865,50.820775,50.965214,50.965214,
27.509936,36.908988,51.235864,51.221962,51.106031,51.106031,
28.027725,36.963534,50.499189,50.599523,50.345409,50.345409,
27.226570,36.879344,51.351043,51.357613,51.367079,51.367079,
27.433375,37.355290,48.891166,49.062569,49.606588,49.606588,
27.675262,37.109673,51.442186,51.110028,51.521420,51.521420,
27.876031,37.067159,50.963487,50.859788,50.632321,50.632321,
28.018680,36.792431,47.580685,47.589110,47.585557,47.585557,
27.467510,36.405105,47.130798,47.186208,47.247995,47.247995,
27.563841,37.589072,52.071966,52.062317,52.055966,52.055966,
28.127046,36.795810,47.810873,47.828579,48.037270,48.037270,
27.508932,36.579639,47.581100,47.711840,47.829018,47.829018,
27.200714,36.409066,46.044975,45.954599,45.868405,45.868405,
27.272136,36.576811,49.504122,49.760445,50.731369,50.731681,
27.332987,36.845114,46.745908,46.762476,46.661403,46.661403,
27.407829,36.523371,49.137325,49.172140,49.240905,49.240850,
27.900919,36.891948,47.693944,47.706708,47.844392,47.844392,
27.369796,36.583960,47.131546,47.127260,47.148734,47.148870,
27.778872,36.925273,48.018778,48.106027,48.283482,48.283482,
27.785057,36.926107,46.644211,46.722582,46.770048,46.770017,
27.817164,36.776608,52.397351,52.410988,52.493257,52.493257,
27.677833,36.295867,52.408349,52.380108,52.093037,52.093037,
27.522260,37.086053,48.401505,48.402691,48.543458,48.543458,
27.482239,37.080560,48.946328,48.951863,48.948965,48.948965,
27.724413,37.429823,50.370807,50.459022,50.405025,50.405025,
28.420879,37.206885,48.109649,48.056263,48.211575,48.222762,
27.783584,37.524921,47.279221,47.318590,47.290998,47.290998,
28.113835,36.919331,48.762190,48.866280,49.089143,49.089143,
27.710155,37.250611,50.647513,50.650879,50.643920,50.643920,
27.407911,36.733338,49.685715,49.701062,49.640418,49.640418,
28.112969,37.760563,53.190674,53.123482,53.068516,53.068516,
27.641835,36.946753,49.028670,49.265258,49.466844,49.466844,
27.396150,35.973723,50.571553,50.591136,50.269812,50.269812,
27.724406,36.967125,48.688016,48.909578,48.732664,48.732664,
27.411101,36.653354,49.599373,49.596190,49.624437,49.686757,
27.597752,37.949981,46.581690,47.208046,48.043942,48.043942,
27.265430,36.974393,48.926782,48.993100,49.145542,49.145542,
27.496719,37.255770,49.381905,49.395813,49.543858,49.543858,
27.444662,36.334915,47.544490,47.536524,47.592098,47.592098,
28.369139,36.858705,48.982350,49.205646,49.434392,49.434392,
28.127766,36.537305,47.494325,47.485602,47.616652,47.616652,
27.581301,36.975525,50.109599,49.756768,49.370719,49.370776,
27.322731,36.663964,48.208216,48.218739,48.336340,48.336340,
27.689316,36.754328,47.724033,47.298985,47.670454,47.670454,
27.672172,37.242772,47.564711,47.770902,48.037899,48.037228,
27.769390,36.445115,49.502536,49.565561,49.546765,49.546765,
27.832148,37.101286,48.205121,48.210833,48.226878,48.226878,
27.477894,37.587318,48.319886,48.382942,48.474567,48.474567,
27.971267,37.038375,48.671343,49.001101,49.661088,49.661088,
27.308973,36.651494,51.863254,51.865177,51.853855,51.853855,
27.556666,36.944392,45.684906,45.846931,46.109828,46.109828,
27.100595,36.553959,48.773451,48.940543,48.671585,48.684024,
28.059601,36.328851,47.346430,47.353982,47.368839,47.368839,
27.815078,36.932416,48.741037,48.957041,49.147545,49.147545,
27.390035,36.109196,50.502369,50.487528,50.449002,50.449002,
28.192741,37.447946,49.342088,49.565323,50.982858,50.982858,
27.879216,36.768054,48.119722,48.692207,49.357914,49.357914,
27.831122,36.546380,46.059868,45.943711,45.817508,45.817508,
27.720317,36.417896,48.640980,48.641558,49.535266,49.535266,
28.028087,36.977496,50.956255,50.995434,51.339728,51.339728,
27.593886,36.613194,50.176667,50.473913,50.761333,50.766361,
28.021350,37.660466,47.781680,47.839341,48.052390,48.009519,
28.169363,37.251804,49.467601,49.262533,48.866788,48.866788,
28.095012,37.371280,50.790241,50.915719,51.037812,51.037812,
28.013761,37.055542,47.528648,47.730240,47.531110,47.531110,
27.647165,37.062969,50.608685,50.950019,51.355092,51.355092,
27.613305,37.572600,47.124983,47.158757,47.193970,47.193970,
27.523979,36.825569,50.699907,50.607018,50.471342,50.471342,
27.867376,36.752431,49.216249,51.437964,51.320755,51.320398,
27.796174,37.320676,49.470866,49.514596,49.518487,49.518487,
28.073205,37.663427,45.339806,45.537565,45.876351,45.876351,
27.644748,36.919428,47.106230,47.136893,47.050621,47.050621,
27.609615,37.207748,50.143650,50.221222,50.295053,50.295053,
27.751773,37.032596,48.839972,48.825269,48.738080,48.738080,
27.242885,36.308976,48.849364,48.837703,48.829494,48.829494,
27.902040,37.242667,49.205207,49.263534,49.378935,49.378935,
27.177706,37.251069,48.034420,48.088725,48.176626,48.176799,
27.656735,37.046311,49.067350,49.074158,49.114913,49.114913,
27.882342,36.688472,48.337732,48.295168,48.243333,48.243333,
27.310639,36.572006,48.540915,48.712829,49.065809,49.065809,
27.570791,36.211811,52.786735,52.810957,52.845071,52.843042,
27.717431,36.846025,47.103964,47.237520,47.084325,47.084325,
28.009932,37.169875,48.806359,48.800357,48.525969,48.525969,
27.825412,37.366801,48.285967,48.288055,48.277717,48.277717,
27.666325,36.908228,50.164470,50.185665,50.209798,50.209798,
27.595118,37.019007,48.172515,48.227359,48.271695,48.271695,
27.824278,36.776432,46.648960,46.699165,46.747932,46.747932,
27.702048,36.871467,48.997700,49.011635,49.012055,49.012055,
27.629877,36.712360,49.580909,49.649950,49.780066,49.780066,
27.878351,37.198558,52.379196,52.289989,52.130859,52.130859,
27.469195,37.218138,47.955696,48.091271,48.317694,48.317694,
28.011615,37.679869,51.378286,51.403424,51.505923,51.505923,
27.739878,36.715343,48.386121,48.201461,48.022244,48.022244,
27.939020,37.214698,48.773004,48.755012,48.709646,48.709646,
27.806275,36.720715,50.221499,50.215748,50.037699,50.037699,
27.582480,36.810237,47.504735,47.550483,47.599863,47.599863,
27.928065,37.430571,49.986367,49.995242,50.024627,50.024627,
27.092684,36.653835,50.365572,50.459755,50.642316,50.642316,
27.461265,37.304184,48.351322,48.461603,48.591302,48.591302,
27.996883,36.826428,47.408706,47.457555,47.727897,47.727897,
28.229200,37.287275,48.819793,48.754270,48.639968,48.639968,
27.472377,36.845875,50.793562,51.148135,51.210107,51.210107,
27.811493,37.205064,49.335356,48.912039,48.542375,48.542375,
27.852367,36.928269,49.066872,49.074425,48.674740,48.674546,
27.769108,36.881040,48.520810,48.474753,48.456475,48.456475,
27.610641,37.138025,52.902145,53.588546,53.554360,53.554360,
27.599003,36.350573,50.256513,50.133855,49.751165,49.751165,
27.758138,36.640726,51.034634,50.946659,51.043421,51.043421,
28.109411,36.999154,47.951707,47.974128,47.988366,47.988366,
27.607956,37.478024,51.618831,51.719261,51.999535,51.999535,
27.828114,36.395976,50.353835,50.386838,50.400471,50.400471,
28.229695,37.510142,48.421018,48.444578,48.058032,48.058032,
27.721794,36.619739,47.171860,46.677959,45.790582,45.790582,
27.453500,37.331508,48.663490,48.676829,48.692158,48.692158,
28.056101,37.293626,48.666542,48.676100,48.733254,48.733254,
28.016585,37.766011,50.570501,50.812664,51.635889,51.635889,
28.201465,38.031291,48.949120,48.953985,48.960151,48.960151,
27.559782,36.855485,50.915719,50.920928,50.932345,50.932345,
27.495181,36.827885,48.269969,48.235251,48.222456,48.222456,
27.860120,37.309191,46.772617,46.615376,46.563496,46.563496,
27.780284,37.233285,48.751255,49.272161,49.445627,49.445627,
27.731218,36.984202,48.691622,48.907016,49.369808,49.369808,
27.501458,36.430514,47.508259,47.585141,47.827500,47.827500,
28.382467,38.127523,50.312576,50.617486,51.281021,51.281021,
27.437796,37.037199,48.267935,48.272181,48.230427,48.230427,
27.529145,37.396150,50.392964,50.325977,50.198335,50.198335,
27.662680,36.497018,51.637330,51.669240,51.749217,51.749217,
27.592155,37.319717,49.823433,50.104940,50.719146,50.719146,
28.368707,38.387439,48.582024,48.771862,49.155403,49.155403,
27.516950,36.193026,49.588513,49.937647,50.070921,50.070921,
27.609749,37.022740,49.097484,49.078259,49.047835,49.047835,
27.908655,36.513149,47.460675,47.450407,47.435269,47.435269,
27.772580,37.455391,47.489666,47.852943,48.607193,48.607193,
27.523461,37.338113,50.482003,50.399604,50.219142,50.219142,
27.354780,36.190548,51.799077,51.784248,51.840146,51.840146,
27.485644,36.900366,50.595970,50.588495,50.620829,50.620829,
27.611576,37.346491,49.905812,49.899499,49.948962,49.948962,
27.362174,36.629691,47.329691,47.506923,47.551195,47.551195,
27.928687,37.151598,53.495912,51.611569,49.304822,49.304822,
27.540845,37.054318,49.795815,49.814208,49.828180,49.828180,
28.490626,37.882495,51.512078,51.518428,51.551450,51.552957,
27.754225,37.531263,48.623621,48.702994,48.760555,48.760555,
27.917674,37.247722,51.880286,52.007163,52.108533,52.108533,
27.712020,37.154177,50.328819,50.402133,50.547646,50.547646,
27.669137,37.059892,50.411684,50.730824,51.351943,51.351943,
27.889538,37.243715,49.451139,49.408213,49.367529,49.367529,
28.418790,37.900033,50.851765,50.837361,50.857781,50.857781,
28.448649,37.419439,52.378398,52.383984,52.389349,52.387522,
27.669467,36.299170,46.806023,46.807286,46.811173,46.811173,
27.360064,36.399284,47.581289,48.302158,49.258699,49.258699,
28.642561,37.380685,45.927095,45.923847,45.919056,45.919056,
27.941593,37.450645,51.452116,51.579509,51.543829,51.543829,
27.677692,37.226750,48.798059,48.545532,48.065790,48.065790,
27.555530,37.751736,53.265066,53.116455,53.125781,53.125781,
27.671432,37.479207,51.423768,51.492711,51.559368,51.559368,
28.085560,37.112857,51.251303,51.258692,51.265476,51.265476,
27.526587,37.310411,51.068374,50.738782,50.362420,50.362420,
27.788022,36.708535,48.764024,48.971262,49.205481,49.205481,
28.384005,37.685290,53.310433,53.342034,53.442749,53.442749,
27.812162,37.946982,47.937711,48.103472,48.278160,48.278160,
27.556932,37.649186,52.535101,52.697670,52.898291,52.896237,
34.287555,41.219179,59.944341,59.943691,59.943691,59.943691,
35.361536,44.670434,63.385774,63.391524,63.401605,63.401605,
33.616795,43.494836,57.856320,57.856320,57.856320,57.856320,
34.998680,43.238126,55.840682,55.842705,55.847767,55.847767,
35.205637,43.053905,62.241812,62.246230,62.255079,62.255079,
33.831099,43.622822,54.768298,54.768298,54.768298,54.768298,
34.994088,43.995753,52.597794,52.597794,52.597794,52.597794,
34.261041,43.121927,63.243045,63.243045,63.243045,63.243045,
34.381280,44.882143,56.017159,56.021374,56.026648,56.026648,
34.378183,43.351986,54.867791,54.867791,54.867589,54.867589,
34.962626,43.356351,60.448637,60.448637,60.448637,60.448637,
33.924932,43.796307,59.903556,59.903556,59.903556,59.903556,
34.680029,43.373092,54.952479,54.952479,54.952479,54.952479,
34.194735,43.790942,59.601777,59.599373,59.599373,59.599373,
34.409888,43.614409,58.401961,58.401961,58.401961,58.401961,
34.558141,44.345044,57.173372,57.173372,57.173372,57.173372,
34.144486,43.088540,60.544658,60.544658,60.547646,60.547646,
33.903518,44.969410,59.240352,59.384306,59.535562,59.535562,
34.487053,43.193092,64.286104,64.284336,64.282570,64.282570,
35.008113,42.984861,58.380128,58.380128,58.380128,58.380128,
35.145827,44.948875,57.687518,57.687518,57.684424,57.684424,
35.210059,44.314584,58.467201,58.467201,58.467201,58.467201,
34.862493,45.662231,62.261728,62.261728,62.261728,62.261728,
34.683183,43.267623,62.640421,62.640421,62.640421,62.640421,
35.165034,43.476813,64.058835,64.057157,64.058835,64.058835,
33.815272,43.195346,63.171350,63.171350,63.171350,63.171350,
34.170928,44.632155,56.416811,56.417966,56.419121,56.419121,
33.901984,41.767905,60.290120,60.287303,60.281676,60.281676,
34.056358,41.704769,55.164249,55.167712,55.174647,55.174647,
34.126491,42.779832,61.291741,61.290854,61.287308,61.287308,
34.330348,43.899984,60.148761,60.148761,60.148761,60.148761,
35.449297,43.226492,58.882192,58.882192,58.882192,58.882192,
34.951406,43.928883,60.169948,60.169948,60.170633,60.170633,
34.261674,45.181397,60.339706,60.339706,60.339706,60.339706,
34.960431,43.170229,57.926866,57.926866,57.926048,57.926048,
34.105725,43.399472,63.103511,63.098130,63.092755,63.092755,
34.110926,44.317022,59.534970,59.534378,59.533195,59.533195,
34.945114,44.331609,56.414790,56.414790,56.414790,56.414790,
34.058528,41.897935,59.890688,59.890688,59.890688,59.890688,
35.098316,44.624428,57.231839,57.230446,57.229053,57.229053,
35.159526,44.589184,61.843368,61.843368,61.843368,61.843368,
34.716593,42.821327,56.359736,56.359736,56.359736,56.359736,
33.799204,43.058286,59.425090,59.425090,59.425090,59.425090,
34.021400,44.053252,59.759074,59.758450,59.757204,59.757204,
33.755006,43.080659,59.427399,59.429710,59.432021,59.432021,
34.732277,44.276269,61.089828,61.089828,61.089828,61.089828,
34.752039,44.954788,58.036138,58.036138,58.036138,58.036138,
34.137508,42.761552,60.047013,60.047013,60.036370,60.036370,
33.952170,43.007780,61.086442,61.086442,61.086442,61.086442,
33.833950,43.551643,61.912401,55.048743,55.042006,55.042006,
34.242799,43.284615,56.645002,56.645307,56.646220,56.646220,
33.376467,42.158538,54.929255,54.929255,54.929255,54.929255,
33.279083,45.371734,60.196060,60.196060,60.196060,60.196060,
35.124303,43.107040,58.730548,58.730548,58.730548,58.730548,
35.113276,45.911828,59.764063,59.764063,59.766559,59.766559,
33.981161,42.012951,59.991427,59.991427,59.991427,59.991427,
34.872353,45.094748,58.441355,58.441355,58.442276,58.442276,
34.502960,43.374382,60.659690,60.659690,60.659690,60.659690,
34.800324,44.536979,55.188332,55.188332,55.188332,55.188332,
34.000260,42.976826,53.389079,53.379887,53.361276,53.361276,
34.604807,44.282746,65.078977,65.078977,65.078977,65.078977,
34.657677,43.235003,55.836386,55.836386,55.852581,55.852581,
33.762065,43.540895,52.743647,52.743647,52.743647,52.743647,
33.972287,43.074423,55.071557,55.075159,55.085346,55.085346,
34.544413,44.869833,63.055316,63.055316,63.055316,63.055316,
34.502628,43.463132,58.330953,58.447342,58.689916,58.689916,
34.373686,43.826048,57.800379,57.800379,57.800379,57.800379,
34.726250,44.191515,53.178604,53.179152,53.180248,53.180248,
34.768849,44.308646,57.007177,57.007177,57.007177,57.007177,
35.223214,44.597228,58.674837,58.674352,58.672895,58.672895,
34.275428,44.119392,53.845744,53.805048,53.724628,53.724628,
34.215097,42.077831,55.357369,55.357369,55.357369,55.357369,
33.606864,42.688300,62.778108,62.778108,62.779357,62.779357,
35.680057,44.704206,54.588577,54.588577,54.588577,54.588577,
34.212416,43.135386,57.703407,57.703407,57.703407,57.703407,
35.991875,44.583293,60.078428,60.078428,60.078428,60.078428,
33.671447,43.559322,56.268106,56.272572,56.281518,56.281518,
34.632652,43.039939,60.817433,60.804728,60.795223,60.795223,
34.429759,42.540726,58.343532,58.341733,58.341733,58.341733,
34.291213,42.763320,58.422072,58.407437,58.371063,58.371063,
35.229227,44.551799,53.938890,53.938890,53.938890,53.938890,
33.874216,42.833518,54.899839,54.899839,54.899839,54.899839,
34.091294,43.503182,57.129607,57.129607,57.129267,57.129267,
34.979804,43.301307,61.822268,61.822268,61.822268,61.822268,
34.523317,44.122557,54.448173,55.269811,56.293007,56.293007,
34.261294,43.389884,55.076007,55.076007,55.076007,55.076007,
34.051641,44.339422,61.470101,61.470101,61.470101,61.470101,
34.874943,44.690933,55.472204,55.472436,55.476386,55.476386,
34.212539,44.361937,57.228705,57.228705,57.228705,57.228705,
34.803539,45.845666,61.242349,61.242349,61.228339,61.228339,
34.619028,43.107310,55.738731,55.740708,55.743674,55.743674,
33.897388,44.527775,51.608323,51.632818,51.682613,51.682613,
34.198712,43.340455,65.764741,65.937062,66.303682,66.303682,
35.358453,44.120430,58.102025,58.102025,58.102025,58.102025,
34.472129,42.730284,60.845357,60.845357,60.845357,60.845357,
34.209063,42.892401,63.629533,63.629533,63.629533,63.629533,
34.112639,44.058482,54.155861,54.155861,54.155861,54.155861,
35.203152,44.083783,57.764400,57.764400,57.764400,57.764400,
35.110555,44.593507,57.502732,57.502732,57.502732,57.502732,
34.865861,45.840783,55.676937,55.676937,55.680834,55.680834,
35.563186,44.215274,52.922628,52.923145,52.923661,52.923661,
33.927363,44.518330,56.294410,56.294410,56.294410,56.294410,
34.023223,43.425070,56.362871,56.362871,56.436487,56.436487,
34.069415,45.099094,57.829058,57.829058,57.629114,57.629114,
33.830427,44.338867,57.821871,57.821871,57.822270,57.822270,
34.778179,43.997869,55.493858,55.739719,56.896802,56.896802,
33.349906,42.876350,62.261728,62.261728,62.261728,62.261728,
35.611882,44.638438,50.384102,50.384102,50.384102,50.384102,
35.026253,45.065039,61.443380,61.443380,61.443380,61.443380,
34.180949,43.356237,59.939141,59.939141,59.939141,59.939141,
34.276407,43.153351,60.883947,58.432162,56.864677,56.864677,
33.918364,41.439295,54.815962,54.815762,54.815363,54.815363,
33.922790,43.720126,55.391661,55.391661,55.391661,55.391661,
35.451197,43.581868,55.136426,55.136426,55.136426,55.136426,
34.548789,43.238487,51.625436,51.625436,51.625053,51.625053,
34.644870,42.209542,55.724677,55.724677,55.724677,55.724677,
35.193855,43.730363,56.801762,56.801762,56.801762,56.801762,
34.823077,44.474397,55.937579,55.937579,55.937579,55.937579,
34.201429,44.220181,55.726400,55.725416,55.722462,55.722462,
34.535234,43.044253,59.461603,59.461603,59.461603,59.461603,
33.612724,42.401014,58.194500,58.194500,58.194500,58.194500,
34.352061,44.316364,60.231355,60.231355,60.231355,60.231355,
34.759125,42.252666,58.609297,58.609297,58.608818,58.608818,
34.323391,44.827480,51.553052,51.554936,51.558708,51.558708,
35.060023,44.085909,55.298280,55.297388,55.295603,55.295603,
35.261727,42.994513,57.469127,57.469127,57.469127,57.469127,
34.503934,43.809291,53.874588,53.864310,53.854057,53.854057,
33.747616,42.280723,55.395995,55.455050,55.575623,55.575623,
34.958181,42.486606,59.270880,59.261977,59.253092,59.253092,
34.826088,44.461918,55.639602,55.639602,55.639602,55.639602,
34.336366,43.753958,59.533786,59.534378,59.534970,59.534970,
33.982672,42.441512,57.229750,57.229750,57.229750,57.229750,
34.715899,45.370395,55.882857,55.882857,55.882857,55.882857,
33.681391,43.315491,50.627751,50.627751,50.627751,50.627751,
34.702083,43.964060,56.185754,56.185754,56.185754,56.185754,
34.449338,45.415369,56.493117,56.493117,56.493117,56.493117,
34.599040,44.652781,56.386315,56.386315,56.386315,56.386315,
34.396821,42.699730,59.941740,59.952154,59.973055,59.973055,
35.080490,44.946240,62.092077,62.092077,62.092077,62.092077,
34.892468,42.461590,55.471042,55.471042,55.471042,55.471042,
35.397753,45.147060,56.261415,56.279280,56.315230,56.315230,
33.806814,45.722019,60.207793,60.207793,60.207793,60.207793,
34.685070,45.294310,57.877283,57.877283,57.877283,57.877283,
33.846654,43.808214,59.515480,59.553358,59.630121,59.630121,
34.696162,43.454935,57.980745,57.980745,57.980745,57.980745,
35.412051,44.790933,57.756139,57.756139,57.745149,57.745149,
34.734648,43.289123,54.278863,54.278863,54.278863,54.278863,
35.154314,44.938489,61.959731,61.959731,61.959731,61.959731,
35.132453,42.486816,55.188767,55.188767,55.188767,55.188767,
34.892472,45.186809,55.230528,55.230528,55.230528,55.230528,
34.487758,43.162089,53.973293,53.973293,53.973293,53.973293,
34.831915,43.806963,54.580815,54.580815,54.580815,54.580815,
34.418521,43.529282,53.899904,53.899904,53.900065,53.900065,
34.304941,43.699446,62.238501,62.308559,62.525780,62.525780,
34.414900,44.454379,58.740889,58.740889,58.733008,58.733008,
35.054132,45.081014,59.043022,59.049369,59.059968,59.059968,
34.725874,43.275516,55.544338,55.544338,55.548118,55.548118,
34.861288,45.248183,55.870619,55.869601,55.867565,55.867565,
34.288098,43.759310,59.067935,59.065809,59.061560,59.061560,
33.831699,44.014010,54.783930,54.834974,54.834974,54.834974,
35.339411,43.755616,61.977353,62.251759,62.858792,62.858792,
33.509321,42.550328,54.917997,54.917997,54.917997,54.917997,
35.000982,43.038321,62.027501,62.027501,62.040129,62.040129,
34.082025,42.718182,54.881758,54.121859,52.912696,52.912696,
34.635241,43.142145,53.756743,54.450191,56.314102,56.314102,
34.360455,42.924566,59.050428,59.050428,59.050428,59.050428,
34.040428,42.060379,47.274681,47.276933,47.281440,47.281440,
34.583903,43.776802,58.776035,58.783994,58.799957,58.799957,
33.742596,42.611596,59.266983,59.266983,59.266983,59.266983,
34.178736,43.951113,50.489445,50.489445,50.489445,50.489445,
34.604151,43.473176,50.650496,50.650496,50.650496,50.650496,
34.062582,42.803149,64.687675,64.687675,64.687675,64.687675,
33.969846,43.972668,54.885814,54.938078,55.044531,55.044531,
34.180690,43.396864,58.370158,58.369705,58.368800,58.368800,
35.046793,43.871052,52.560687,52.568297,52.583558,52.583558,
34.848572,44.804793,56.233926,56.229499,56.225077,56.225077,
34.003952,44.492803,59.900336,59.890046,59.859322,59.859322,
34.574510,43.986867,56.045691,56.114081,56.254179,56.254179,
34.493567,45.678544,61.986712,61.986712,61.986712,61.986712,
33.709659,44.957036,62.912568,62.911279,62.908704,62.908704,
34.185241,44.740145,55.921837,55.921837,55.921837,55.921837,
34.030859,44.357604,62.735847,62.735847,62.735847,62.735847,
34.225271,43.937683,58.601173,58.608818,58.624149,58.624149,
33.877196,42.565525,60.508956,60.508956,60.508956,60.508956,
35.197643,43.326233,56.560033,56.577973,56.615285,56.615285,
34.539487,43.392560,56.172089,56.172089,56.172089,56.172089,
34.799345,43.063911,59.525509,59.525509,59.525509,59.525509,
34.500167,43.939788,55.744415,55.744415,55.744415,55.744415,
34.710801,42.517044,52.057341,52.057341,52.057341,52.057341,
34.457529,45.459077,55.483134,55.543157,55.665751,55.665751,
34.396828,42.784933,54.527420,54.159980,53.661715,53.661715,
35.093428,43.471388,53.706648,54.391482,55.204899,55.204899,
34.251958,43.246953,59.889403,59.889403,59.889403,59.889403,
34.551934,44.669237,60.912303,60.915556,60.912303,60.912303,
35.128541,43.752848,59.514302,59.514302,59.514302,59.514302,
33.021953,43.745897,57.645940,57.645940,57.645940,57.645940,
33.474843,44.760996,58.247424,58.247424,58.247424,58.247424,
33.783916,44.860643,49.879332,49.879332,49.879588,49.879588,
35.044921,43.543427,54.125946,54.125946,54.125946,54.125946,
34.005629,42.534085,60.837361,60.837361,60.837361,60.837361,
34.970085,44.318518,55.933186,55.933186,55.933186,55.933186,
34.217659,43.654174,54.482065,54.485024,54.490950,54.490950,
35.412273,44.088729,57.297464,57.297464,57.120092,57.120092,
33.533729,42.853261,59.969783,59.959327,59.938491,59.938491,
34.400049,42.985385,49.886707,49.886771,49.886899,49.886899,
34.084358,44.209643,58.067268,58.067268,58.067268,58.067268,
35.008687,42.982452,54.322847,54.322847,54.322491,54.322491,
34.084085,43.228126,60.332587,60.287303,60.332587,60.332587,
33.970258,43.820598,57.203718,57.203718,57.203718,57.203718,
34.218652,43.905389,57.718186,57.719744,57.721303,57.721303,
34.326227,43.629062,54.694272,54.694272,54.694272,54.694272,
34.299200,43.197781,59.089250,59.089250,59.089250,59.089250,
34.315378,44.241000,59.371175,59.371175,59.371175,59.371175,
34.923674,44.065667,57.261896,57.636754,58.500192,58.500192,
35.236492,45.219469,58.454259,58.454259,58.454259,58.454259,
35.607835,42.636889,55.888733,55.872402,55.856132,55.856132,
34.795800,43.161530,59.034046,59.031937,59.029829,59.029829,
36.272893,43.984723,56.996936,56.996936,56.996606,56.996606,
34.453407,43.169641,54.399458,54.399458,54.399458,54.399458,
34.705311,43.125646,60.270443,60.272547,60.280973,60.280973,
35.182360,43.768337,57.685971,57.692162,57.698363,57.698363,
34.893254,42.905565,62.483558,62.482391,62.482391,62.482391,
34.548260,45.590444,56.328788,56.328788,56.328788,56.328788,
34.139768,43.280350,58.333645,58.333645,58.333645,58.333645,
34.112481,44.003762,61.424133,61.427793,61.427793,61.427793,
35.834585,45.544668,54.910439,54.910439,54.910439,54.910439,
34.588771,43.570895,58.408807,58.408807,58.410634,58.410634,
34.727801,46.157188,62.957895,62.952690,62.947492,62.947492,
34.397892,42.442333,53.812649,53.810114,53.805048,53.805048,
35.141383,43.047042,56.246955,56.246955,56.246955,56.246955,
34.906541,42.161647,59.648917,59.687983,59.687983,59.687983,
33.979716,44.443405,54.586493,54.589525,54.592559,54.592559,
33.731342,42.376622,56.312129,56.312129,56.312129,56.312129,
34.365849,43.140148,56.678296,56.757196,56.677070,56.677070,
34.227769,42.250575,62.435967,62.435967,62.435967,62.435967,
34.512814,43.887308,59.453462,59.453462,59.453462,59.453462,
34.210296,42.370261,56.228393,56.516391,56.819781,56.819781,
34.234045,42.669560,56.733220,56.733220,56.734462,56.734462,
35.152842,45.067831,57.974541,57.974541,57.974541,57.974541,
34.736284,43.096342,55.761512,55.765486,55.773445,55.773445,
35.443271,43.839727,65.314377,65.278688,65.199443,65.199443,
34.247381,42.996824,56.549007,56.550198,56.556454,56.556454,
34.588621,45.499862,59.644666,59.644666,59.644666,59.644666,
34.712522,43.892939,56.853170,56.853170,56.853170,56.853170,
35.076468,43.647333,53.605439,53.604834,53.604230,53.604230,
34.631047,44.177373,60.674285,59.950199,58.786983,58.786983,
33.943111,43.110302,50.380433,50.380433,50.685457,50.685457,
34.051415,42.121904,51.544487,51.550509,51.550509,51.550509,
34.723334,44.794945,56.928841,56.928841,56.928841,56.928841,
34.378770,43.094313,54.659460,54.656379,54.650224,54.650224,
34.369098,42.279375,63.823759,63.823759,63.823759,63.823759,
33.509599,43.214142,58.723177,58.723177,58.723177,58.723177,
33.866490,43.212140,54.842201,54.842201,54.842201,54.842201,
34.022560,43.363120,53.542280,53.539898,53.535137,53.535137,
33.769608,43.582409,57.980331,57.980331,57.981986,57.981986,
34.500533,43.698365,56.923322,56.902609,56.880709,56.880709,
34.791385,43.666877,60.639032,60.688158,60.788108,60.788108,
34.234145,43.750238,55.699885,55.699885,55.703803,55.703803,
33.693082,44.253754,59.982887,60.027742,60.118866,60.118866,
34.277723,44.177477,52.291664,52.291664,52.291664,52.291664,
34.944037,45.145659,56.561227,56.638314,56.716793,56.716793,
35.022340,44.527103,56.276763,56.276763,56.276763,56.276763,
34.853220,43.932759,56.626178,56.626178,56.626178,56.626178,
34.734332,44.795780,60.045681,60.045681,60.045681,60.045681,
34.915975,43.019424,58.017734,58.019404,58.019404,58.019404,
34.953751,44.312556,57.909325,57.910954,57.907697,57.907697,
34.984351,44.025281,54.856287,54.856287,54.856287,54.856287,
34.660901,44.901876,50.359843,50.359843,50.359843,50.359843,
34.956580,44.890525,55.282243,55.282243,55.282243,55.282243,
35.088360,43.526536,56.527631,56.527631,56.532372,56.532372,
34.102085,43.891357,55.230967,55.011610,54.603765,54.603765,
33.842916,42.345667,64.415271,64.533404,64.533404,64.533404,
34.750023,43.677788,61.342599,61.342599,61.342599,61.342599,
33.566178,43.375844,55.075795,55.075795,55.075795,55.075795,
34.752775,43.415947,56.231435,56.230329,56.230329,56.230329,
35.244228,44.538515,59.013000,59.013000,59.013000,59.013000,
35.287407,44.047962,56.954252,56.954252,56.954252,56.954252,
34.195924,43.265401,57.727545,57.727545,57.727545,57.727545,
33.129119,43.252522,61.630132,61.630132,61.630132,61.630132,
33.917857,42.153927,61.099152,61.099152,61.099152,61.099152,
33.889592,43.632573,58.583545,58.584021,58.586875,58.586875,
34.344395,42.867670,58.433540,58.433540,58.433540,58.433540,
35.066547,42.309635,51.100256,51.100256,51.100256,51.100256,
35.782901,43.045289,62.630751,62.630751,62.631958,62.631958,
35.287384,42.963483,53.451929,53.451929,53.452513,53.452513,
35.024112,43.940163,54.925977,55.858163,58.751255,58.751255,
34.475815,43.703370,62.695218,62.617490,62.468412,62.468412,
34.266535,44.140331,64.569102,64.699323,65.140944,65.140944,
34.873237,46.314384,56.621333,56.621333,56.621333,56.621333,
33.589170,43.452834,56.100370,56.100370,55.345397,55.345397,
34.462763,46.077214,55.985674,55.985674,55.984629,55.984629,
33.483074,42.834379,56.774403,56.774403,56.774403,56.774403,
35.618853,44.382798,59.974365,59.974365,59.974365,59.974365,
34.731799,44.052783,64.595595,64.595595,64.595595,64.595595,
34.173607,43.305762,57.799982,57.801570,57.803159,57.803159,
34.369833,43.547675,57.916659,57.916659,57.916659,57.916659,
35.194343,44.700412,61.469177,61.469177,61.469177,61.469177,
34.835337,43.379084,53.376876,53.376876,53.376876,53.376876,
34.428690,44.441664,55.684248,55.684248,55.688152,55.688152,
33.938437,43.837032,54.793852,54.794846,54.797629,54.797629,
