15.513116,24.910611,33.091031,34.686830,35.871118,35.912841,
15.509052,24.944437,33.707810,34.466981,35.661268,35.663938,
15.602127,24.881145,33.212300,34.433332,35.785067,35.812693,
15.529747,24.886140,32.910806,34.602776,35.830772,35.842958,
15.615138,25.115875,33.985617,35.170021,36.400460,36.504173,
15.620870,25.049213,33.345683,34.727981,36.057861,36.084608,
15.638126,25.048227,33.678722,35.310974,36.705720,36.786609,
15.538023,24.895013,33.311218,34.931084,36.390262,36.406591,
15.584107,25.008073,33.647637,34.844663,35.964907,35.972042,
15.576547,24.985415,32.969773,34.467930,36.226282,36.298195,
15.606626,25.233771,33.100147,34.823771,36.518134,36.625796,
15.569250,24.958622,33.293566,34.837589,36.238099,36.290558,
15.682279,25.006967,33.109233,34.532863,35.825082,35.937318,
15.524099,24.939956,33.779285,35.018319,36.364320,36.448708,
15.530039,24.754621,32.970084,34.462143,35.733395,35.807531,
15.559764,24.842730,33.321600,34.627093,35.838827,35.886448,
15.538733,24.842212,33.575267,34.976162,36.396180,36.440761,
15.635628,25.007271,33.529182,34.841413,36.046253,36.086135,
15.630695,24.827726,33.740793,34.754195,36.439902,36.471151,
15.606649,24.903671,33.128368,34.599155,36.030722,36.107868,
15.682896,25.013911,33.995533,34.956543,35.867858,35.963477,
15.502164,24.763565,32.885540,34.384808,36.090439,36.105451,
15.513020,24.822529,33.063531,34.607853,35.977716,35.907191,
15.611456,24.973346,33.078685,34.570600,36.662595,36.717480,
15.603190,24.854633,33.029413,34.590264,35.882749,35.824445,
15.669676,25.178866,33.530800,34.780193,36.445516,36.497132,
15.611480,25.037134,33.997420,35.008837,36.091136,36.151660,
15.689245,24.925216,33.744756,34.714703,36.381115,36.410328,
15.507939,24.873957,33.451274,34.854576,35.839949,35.903662,
15.614101,25.253923,34.155225,35.123105,35.941765,35.913206,
15.629377,24.985992,33.326587,34.690483,36.324490,36.405439,
15.558426,24.949815,33.423880,34.887278,36.443607,36.531829,
15.574489,25.046978,33.816373,35.048027,36.625027,36.563806,
15.668181,24.905704,33.571318,34.816529,36.170506,36.177309,
15.583602,25.075419,32.711056,34.093753,35.448089,35.491490,
15.642784,25.222653,34.070475,35.234022,36.435924,36.447353,
15.579499,24.888906,33.319422,34.616983,35.881305,35.906716,
15.586889,25.130009,33.892295,34.736549,35.674277,35.795796,
15.612635,25.038982,33.743081,34.902542,36.404296,36.398703,
15.527529,24.887423,33.664761,35.029178,36.460126,36.565135,
15.685368,25.187696,33.956784,35.104748,36.743439,36.819081,
15.633583,25.052098,33.467865,34.639161,36.255862,36.278443,
15.674932,25.150427,33.622024,35.043999,36.534267,36.565787,
15.565878,24.934963,33.733668,34.830282,36.461100,36.476188,
15.522924,24.930709,33.946217,35.258851,36.587301,36.575882,
15.702053,25.353545,33.636035,35.065749,36.135784,36.231314,
15.663211,25.037413,33.432294,34.891445,36.166953,36.211466,
15.659232,25.060778,33.096605,34.597528,36.172334,36.272678,
15.675739,25.070858,33.857993,35.193067,36.252630,36.317010,
15.594893,25.177694,33.766725,34.950353,36.304062,36.308160,
15.653718,25.206398,33.864328,35.166393,36.510272,36.507500,
15.554223,24.962621,33.523163,34.525948,35.545840,35.658249,
15.661046,25.083128,33.522133,34.744576,35.739260,35.871541,
15.606272,24.872623,33.634698,34.709220,36.095844,36.079978,
15.562670,24.971528,33.805032,35.117228,36.460152,36.507060,
15.645338,25.217728,33.273552,34.738191,36.017843,36.051770,
15.629646,25.213558,33.892301,35.269915,36.262995,36.306414,
15.649152,25.083660,33.184133,34.590333,35.970096,36.016269,
15.651662,25.245288,33.718941,34.732686,35.846957,35.891126,
15.645256,25.287089,33.143210,34.871483,36.504998,36.595993,
15.506343,25.062065,33.279584,34.744702,36.133341,36.181117,
15.653671,25.075427,33.621264,34.898075,36.381974,36.427011,
15.556328,25.018486,33.145732,34.528037,36.333980,36.384349,
15.500916,25.048057,33.441550,34.811306,36.056537,36.025559,
15.626755,25.166040,33.815673,35.433562,36.679213,36.713500,
15.573054,25.079525,33.626042,34.949138,36.641103,36.683739,
15.585110,24.961319,33.506785,35.117510,36.512783,36.535320,
15.525425,24.906450,33.568599,34.852656,36.292664,36.304903,
15.649614,25.040788,33.258837,34.445984,35.796087,35.868581,
15.563645,24.982962,33.830422,34.955681,36.310489,36.407807,
15.601167,25.298239,33.980289,34.938838,36.433014,36.591254,
15.507702,24.911478,33.517873,34.832598,35.922803,35.948615,
15.594098,24.955713,34.138430,34.932128,36.201611,36.235315,
15.572174,24.942305,33.368567,34.733970,36.037331,36.022563,
15.568445,24.805670,33.760328,35.055115,36.352749,36.406447,
15.665791,25.048751,33.431544,34.580164,35.819898,35.917089,
15.591630,24.902801,33.271163,34.445121,35.832137,35.855820,
15.674571,25.030414,33.230751,34.636652,35.962678,36.004201,
15.545302,25.241572,33.602910,35.015403,36.428114,36.410988,
15.663745,24.934664,33.177790,34.670147,35.995780,36.058169,
15.699911,24.954682,32.842979,34.439993,36.116995,36.206724,
15.637517,25.051405,33.048511,34.810934,36.599891,36.659623,
15.485613,24.848928,33.406794,34.536361,35.885625,35.967820,
15.571245,25.126669,33.737628,35.019909,36.340417,36.462145,
15.583424,24.953304,33.495984,35.027903,36.528712,36.579091,
15.545711,24.983514,33.488512,34.692265,35.665426,35.692553,
15.524994,24.978906,33.633878,34.724932,35.734194,35.867347,
15.691198,25.127657,33.560712,34.943607,36.245039,36.278826,
15.542856,24.919221,33.354003,34.870298,36.353824,36.504249,
15.577518,25.131194,33.993305,35.128949,36.534326,36.488803,
15.581258,24.988978,33.359700,34.791485,36.328143,36.403009,
15.678626,25.267025,34.207773,35.184111,36.392659,36.358035,
15.503133,24.936989,33.196821,34.418171,35.730757,35.756421,
15.652978,25.142087,33.570531,34.748487,35.930323,35.960565,
15.530646,24.993984,33.364004,34.830782,36.323860,36.419378,
15.616101,24.948541,33.797248,34.858751,36.352191,36.385186,
15.518893,24.880581,33.646404,34.945439,36.702516,36.706254,
15.615427,24.945382,33.874691,35.025646,36.281171,36.349763,
15.662687,25.136825,34.233247,35.068633,36.160662,36.182960,
15.511044,24.817426,33.209976,34.519225,35.889328,35.973251,
15.644337,24.954124,33.205966,34.550837,36.028628,36.024448,
15.590841,25.091298,33.435521,34.616719,36.066718,36.161748,
15.540216,24.967249,33.342155,34.588958,35.943947,36.003984,
15.516145,24.944284,33.127653,34.534330,35.666623,35.705329,
15.607489,25.219670,33.492718,34.969712,36.150739,36.146310,
15.608621,24.991729,34.150578,35.488059,36.437224,36.519517,
15.575708,24.917189,33.403874,34.388515,35.880807,35.871600,
15.529275,24.933958,32.809744,34.402674,35.945881,36.021247,
15.538165,25.082983,33.514441,34.980917,36.580898,36.636916,
15.578918,25.059139,33.831791,34.989120,36.419415,36.381244,
15.596761,25.077876,33.671312,34.630541,35.718235,35.740058,
15.452794,24.875838,33.244530,34.961339,36.579324,36.627945,
15.691797,25.033290,33.881552,34.806824,36.440154,36.471733,
15.597590,24.962114,33.716116,34.666265,36.273885,36.304836,
15.638489,25.225970,33.430372,34.420098,35.888150,35.926631,
15.685414,25.109091,33.122765,34.818323,36.289344,36.295134,
15.594836,25.112865,33.308112,34.889956,36.238767,36.362472,
15.565069,24.977601,33.675277,34.896374,36.413327,36.424164,
15.659671,25.304282,33.659018,34.844641,36.468150,36.498109,
15.570455,25.022106,33.839165,35.188894,36.415789,36.571787,
15.648409,25.066931,33.174327,34.601820,35.838501,35.822166,
15.670796,25.050791,33.825205,35.046885,36.127030,36.163120,
15.557556,24.894727,33.865162,34.990943,36.053891,36.112387,
15.591898,25.076777,33.400530,34.967793,36.326500,36.380537,
15.541933,25.125349,33.612441,34.743510,36.450389,36.519245,
15.534331,25.150955,33.620282,34.946972,36.130704,36.192740,
15.598563,24.916636,33.612235,34.824489,36.485584,36.532318,
15.557182,25.162546,33.350107,34.866663,36.196218,36.253940,
15.553882,25.035270,33.476601,34.812221,36.244285,36.270054,
15.630133,24.998637,33.660359,35.118300,36.382404,36.440500,
15.705616,25.133027,33.683077,35.094007,36.170626,36.269825,
15.561401,24.798005,33.022524,34.524276,35.847699,35.856805,
15.530269,24.980164,33.245206,34.837314,36.803018,36.748543,
15.584393,25.123096,33.765731,34.812389,36.156241,36.309880,
15.633063,25.171456,33.962414,35.170929,36.385092,36.439205,
15.551422,25.120124,33.352162,34.964442,36.478044,36.470473,
15.658234,25.231520,33.539470,35.211870,36.758386,36.755014,
15.646029,25.058053,33.469543,34.829344,36.064473,36.142443,
15.601841,25.031291,32.863930,34.479837,35.957987,35.960367,
15.584609,25.069355,33.926323,35.139865,36.460365,36.451183,
15.707302,25.061153,33.520818,34.866979,36.296100,36.344427,
15.595451,24.963194,33.690580,34.672202,36.166376,36.205292,
15.525978,24.788961,32.936991,34.296786,35.474536,35.592497,
15.621374,24.891425,32.972676,34.353601,36.051874,36.054720,
15.516237,24.866597,33.392897,34.811479,36.414219,36.440950,
15.675768,25.105308,33.679948,34.960938,36.193100,36.262332,
15.647989,25.043949,33.681451,35.133501,36.472092,36.549325,
15.522022,24.846705,33.184379,34.439063,36.357292,36.367441,
15.497032,24.946353,33.933219,35.136042,36.434393,36.512641,
15.609757,24.966859,33.761687,35.135012,36.691987,36.755504,
15.658146,24.957309,33.175133,34.543792,35.933747,35.907715,
15.655408,25.053219,33.129897,34.623746,36.027899,36.081499,
15.565504,24.892738,33.483145,35.064961,36.212023,36.236836,
15.565256,25.267709,33.368309,34.731399,36.066881,36.080625,
15.583406,25.112063,33.650050,35.170775,36.384682,36.409455,
15.533755,25.024416,33.137600,34.443834,35.632506,35.744331,
15.606885,24.983809,33.464330,34.828707,36.242806,36.257576,
15.511511,24.937520,33.525781,34.986775,36.675344,36.734242,
15.597548,24.982678,33.693206,34.881450,36.509980,36.567116,
15.692711,25.163314,33.892577,34.981637,36.249837,36.334048,
15.596432,25.077508,33.612284,35.275183,37.156586,37.178811,
15.573726,25.023675,34.142334,35.333786,36.558571,36.519730,
15.513311,24.861525,33.581704,34.857438,36.193127,36.156168,
15.550258,24.946399,33.092946,34.687702,36.199227,36.264642,
15.620552,25.067241,33.832874,35.314597,36.624827,36.640131,
15.582667,24.832036,33.298045,34.542316,35.950168,36.051414,
15.654513,25.074492,33.318040,34.779783,35.978108,36.037310,
15.538014,24.965632,33.978222,35.009244,36.354061,36.378957,
15.713794,25.206026,33.583723,34.840373,36.015321,36.057906,
15.580841,25.104779,33.392918,34.831368,36.973930,37.016305,
15.564807,24.976973,33.352728,34.663580,36.006717,36.001488,
15.590682,25.161504,32.892104,34.447848,35.484371,35.509046,
15.579972,24.961140,33.814967,35.223709,36.853176,36.892657,
15.563107,24.842151,33.023613,34.420841,36.158926,36.176350,
15.500092,24.910865,33.140060,34.601390,36.177408,36.298465,
15.730112,25.070032,33.910592,35.270194,36.417287,36.472238,
15.510585,24.903029,33.280652,34.385899,35.402425,35.499752,
15.634418,25.121312,33.543734,34.923880,36.467980,36.536465,
15.529814,24.963891,33.120391,34.608700,36.100891,36.164199,
15.710707,25.316172,33.643691,35.017375,36.344334,36.327400,
15.622768,25.099646,33.504781,34.636577,35.716495,35.795941,
15.679671,25.160345,33.812263,34.784485,36.287368,36.286740,
15.593937,25.211512,33.484783,34.891968,36.398666,36.427778,
15.638386,24.970263,33.494941,34.937366,36.260850,36.360878,
15.582212,25.285840,33.676399,35.062028,36.328291,36.382029,
15.618672,25.160132,33.077049,34.434644,35.815932,35.895126,
15.513242,24.905284,32.661576,34.133714,35.451285,35.522205,
15.647376,24.982445,32.946204,34.536047,35.965529,35.966695,
15.517706,24.713395,32.881759,34.617870,35.981287,36.109261,
15.537811,24.891641,33.255859,34.597152,36.058695,36.094595,
15.517327,24.919934,33.422823,34.791514,35.885612,35.910083,
15.499951,25.003060,33.533404,34.801333,36.202941,36.259104,
15.575486,24.845042,33.592876,34.604166,35.890694,36.005186,
15.574511,25.006069,33.754762,35.187632,36.468325,36.503183,
15.632820,24.853000,33.004462,34.715947,36.550171,36.455026,
15.607592,24.956834,33.192031,34.537560,36.263725,36.330500,
15.641052,25.102597,33.554561,35.294538,36.671500,36.812798,
15.581601,25.100263,33.472660,34.869574,36.547692,36.587373,
15.555912,24.992409,33.136394,34.442644,35.915703,35.942787,
15.627222,25.035288,33.570009,34.470864,35.896178,35.941620,
15.540018,24.875600,33.715943,34.738189,36.227064,36.260722,
15.720673,25.211640,33.313660,34.595020,36.105422,36.180504,
15.526292,24.831887,32.966515,34.528009,36.107279,36.114091,
15.563580,24.963948,33.540785,34.697597,36.116246,36.203024,
15.621415,24.907692,33.369607,34.496501,35.981395,35.991288,
15.573859,24.830374,33.372654,34.678909,36.575247,36.652939,
15.653032,25.023627,33.155043,34.365496,35.704106,35.689812,
15.744630,25.321400,34.182217,35.203908,36.435298,36.457482,
15.527067,25.041961,33.586652,34.876224,36.181861,36.278477,
15.570767,24.996001,33.270395,34.577069,35.744027,35.779891,
15.644595,25.055627,33.083882,34.482275,35.942828,35.997467,
15.622187,24.961906,33.704816,35.250087,36.707396,36.713203,
15.497606,24.916745,33.750459,34.939411,36.716104,36.759723,
15.569551,24.858868,33.026428,34.729304,36.127311,36.263427,
15.564859,25.132532,33.538514,34.644834,36.057034,36.105897,
15.547869,24.714517,33.389858,34.611458,36.034673,36.076477,
15.593750,24.905265,33.062291,34.471548,35.902896,35.939470,
15.595093,24.832333,33.182334,34.664007,36.108416,36.155352,
15.697040,25.090124,33.924259,34.672745,36.343735,36.367875,
15.560349,24.950869,34.167010,35.284020,36.371865,36.399704,
15.628015,24.817462,33.399831,34.657238,35.792592,35.862109,
15.459284,24.687789,33.631250,34.658811,36.121883,36.145436,
15.573622,24.829624,33.205763,34.404408,35.750072,35.736396,
15.649813,24.875736,33.474417,34.908180,36.267528,36.361403,
15.611865,24.946467,33.301695,34.542260,35.884463,35.928254,
15.562715,24.798595,33.424015,34.571129,35.900542,35.975890,
15.626036,24.861919,33.035393,34.446789,35.580626,35.662134,
15.526173,24.769575,33.301396,34.578192,36.096241,36.097732,
15.622530,24.906529,33.676120,34.594498,35.903447,35.947627,
15.641606,25.038468,33.828250,34.906231,36.253150,36.278413,
15.734974,25.240016,33.302281,34.490536,35.728928,35.769539,
15.471931,24.802799,33.449249,34.794993,35.920905,35.946332,
15.749793,25.171001,33.347766,34.774963,36.448510,36.424404,
15.696556,24.963154,33.374657,34.961201,36.543323,36.547784,
15.482299,24.789418,33.191464,34.360543,35.810224,35.843117,
15.616187,25.123061,33.855236,35.052548,36.260037,36.351711,
15.511771,24.833588,33.211544,34.621941,36.065355,36.050703,
15.628302,24.771562,32.702558,34.198704,35.230750,35.248909,
15.618620,24.993232,33.217402,34.675532,36.266655,36.318548,
15.628379,24.968204,33.284305,34.997851,36.448682,36.502220,
15.544305,24.895110,32.803797,34.495373,36.097595,36.178047,
15.507186,24.594493,32.901356,34.629822,35.979128,35.986161,
15.455173,24.740878,32.821711,34.275959,35.950541,35.996830,
15.652028,24.953459,33.601471,35.067647,36.484420,36.471303,
15.635911,24.913949,33.771988,34.749201,36.321286,36.350667,
15.598422,24.852273,33.701496,34.907099,35.836990,35.853056,
15.595122,24.806576,33.249287,34.679398,36.182282,36.263051,
15.654404,24.865543,33.358613,34.205240,35.418399,35.460066,
15.666084,25.069245,33.177467,34.239321,35.486232,35.483250,
15.606124,24.894887,33.213619,34.854717,36.155127,36.210737,
15.578151,24.863885,33.178197,34.490360,36.183012,36.208518,
15.509879,24.813334,33.296622,34.394828,36.053944,36.063366,
15.519718,24.896382,33.382285,34.631142,35.931441,36.011801,
15.544562,24.791071,33.417625,34.845155,36.195176,36.329326,
15.628027,25.030571,32.857446,34.241259,35.700340,35.689866,
15.689616,24.981105,33.532726,34.670697,35.919215,35.968231,
15.710116,25.083802,33.277845,34.598483,35.729862,35.786403,
15.587556,24.798840,33.109285,34.447486,35.956582,35.905110,
15.607284,24.913536,33.184142,34.846480,36.009048,36.065395,
15.591595,24.961251,33.852289,34.720243,35.848717,35.803891,
15.622063,24.816737,32.722574,34.512767,36.018288,36.126692,
15.648686,25.037024,33.491638,34.819914,36.158134,36.247804,
15.700509,25.150240,33.739159,34.741464,36.029848,36.042109,
15.632476,25.030896,33.705374,35.046148,36.414086,36.428061,
15.613778,24.987736,33.677550,35.133497,36.316925,36.357027,
15.670407,25.054781,33.719816,35.000601,36.329012,36.339481,
15.650714,25.172805,33.486230,34.580864,35.698225,35.780417,
15.494295,24.989288,33.035287,34.213706,35.584705,35.650222,
15.515965,24.757728,33.860493,35.037891,36.336261,36.380079,
15.592382,25.071499,33.487424,34.618093,35.691624,35.740713,
15.580337,25.070203,33.449011,34.989391,36.248299,36.342071,
15.469549,24.855233,33.497620,34.862158,36.381132,36.399704,
15.663783,25.101849,34.460284,35.448420,36.608678,36.590263,
15.615482,25.031371,33.416908,34.650435,36.135905,36.145452,
15.540467,24.945827,33.372058,34.670102,35.669858,35.750508,
15.674228,25.267408,34.109950,35.129160,36.538499,36.553024,
15.637242,25.056065,33.058160,34.303020,35.628144,35.655193,
15.678749,25.109915,33.779979,35.118084,36.469716,36.508098,
15.616719,24.957004,33.615884,34.690871,35.853859,35.948493,
15.515717,24.664335,32.779672,34.102303,35.934519,35.937579,
15.652904,24.934324,33.210434,34.307512,36.155969,36.190690,
15.589012,25.033438,33.926001,34.969139,36.213956,36.306375,
15.600936,24.947128,33.204877,34.650685,35.760202,35.759606,
15.656248,25.281687,33.369692,34.750458,36.406052,36.561098,
15.618470,25.365836,34.502206,35.408637,36.465057,36.481893,
15.644509,25.128334,33.757981,35.177806,36.584518,36.634108,
15.565758,24.897283,33.669986,34.929450,36.382610,36.441603,
15.574803,25.081370,33.687168,34.514550,36.235327,36.250282,
15.643606,25.201556,33.895237,35.069180,36.810342,36.804744,
15.564038,25.046292,33.695234,34.818277,36.136409,36.109869,
15.522060,24.972946,33.205947,34.497061,36.182558,36.240563,
15.649401,25.277391,33.881834,35.123947,36.332306,36.360610,
15.649918,25.126618,33.949781,35.009651,36.331282,36.345447,
15.580277,25.207653,33.774831,35.143001,36.387795,36.425388,
15.649122,25.107961,33.816101,34.808821,36.432779,36.557506,
15.467223,24.913868,33.372017,34.974148,36.489149,36.514764,
15.645424,25.028905,33.391120,34.701445,35.957852,35.962520,
15.570380,25.112634,34.181898,35.222347,36.680151,36.709774,
15.596842,25.163307,33.795982,34.600573,36.355501,36.383819,
15.616323,25.221807,34.155360,35.292286,36.448510,36.451012,
===========END============
18.360336,28.351149,38.765481,39.225609,40.066999,40.038856,
18.354745,28.430365,38.390208,38.703204,39.135300,39.207880,
18.320580,28.379471,38.426986,38.938355,39.487498,39.501572,
18.541142,28.545393,38.939036,39.518168,40.145408,40.162144,
18.334037,28.267127,38.834322,39.876488,41.115288,41.059368,
18.397247,28.436690,38.041587,38.577629,39.361740,39.360717,
18.368170,28.321677,38.202707,38.997271,39.846190,39.884307,
18.319708,28.430842,38.250457,38.828744,39.355795,39.343068,
18.565828,28.508095,38.042174,38.705727,39.575904,39.558230,
18.460722,28.634383,38.747239,39.102148,39.801104,39.830125,
18.469388,28.621271,39.082556,39.649245,40.709500,40.737299,
18.449794,28.415002,38.992233,39.232560,39.923176,39.903492,
18.497652,28.683577,38.263988,38.678340,39.102673,39.119187,
18.416220,28.733027,38.848060,39.147155,39.705924,39.719367,
18.438931,28.435916,39.094616,39.496782,40.021991,40.041955,
18.604622,28.724188,38.802412,39.475961,40.097757,40.141397,
18.403762,28.701092,38.556565,39.544119,40.132864,40.084550,
18.602273,28.630626,39.335384,39.889705,40.327831,40.339755,
18.389715,28.220919,38.812530,39.424282,39.971903,39.953796,
18.408542,28.501939,39.159386,39.290822,39.592649,39.591138,
18.357970,28.336526,38.604029,39.071859,39.844944,39.831437,
18.331952,28.398055,37.860154,38.313032,39.340282,39.354705,
18.433528,28.464959,38.123228,38.820687,39.314781,39.354029,
18.544264,28.987447,39.740087,39.939290,40.196164,40.201460,
18.503548,28.454756,38.149526,38.106939,38.922009,38.926370,
18.397333,28.588219,38.386608,39.105643,39.937576,39.934901,
18.489636,28.641854,38.731237,39.343561,40.411481,40.405459,
18.393556,28.407878,38.324888,38.892079,39.578128,39.565257,
18.250754,28.272103,38.526138,39.090030,40.146375,40.162131,
18.329149,28.629634,38.614312,39.120021,39.777862,39.787714,
18.322902,28.468295,38.431111,39.343736,39.966611,39.997158,
18.493733,28.501820,39.499188,40.059245,40.549605,40.533604,
18.216796,28.360697,38.493439,38.825375,39.246457,39.245394,
18.402923,28.377663,38.817555,39.175670,39.741123,39.772470,
18.455932,28.498391,38.885035,39.027100,40.037899,40.010867,
18.375416,28.334841,38.475156,39.098174,39.849568,39.892468,
18.447714,28.441822,39.702163,40.224502,40.605313,40.616537,
18.479234,28.647383,38.704681,39.266788,40.620760,40.630774,
18.367986,28.514989,39.009086,39.482196,40.657068,40.668333,
18.411595,28.537760,38.135055,38.925270,39.856491,39.862767,
18.299178,28.241326,37.994884,38.892120,39.756176,39.765779,
18.431403,28.614472,38.775016,39.165356,39.719113,39.694874,
18.290039,28.607956,38.639491,39.348519,39.983773,39.980913,
18.380021,28.530798,37.935868,38.829101,39.976383,40.004545,
18.296663,28.462607,40.123540,40.576576,41.727000,41.747010,
18.395581,28.571023,38.684890,39.434427,40.477221,40.463770,
18.424805,28.611111,39.024637,39.781507,40.359427,40.360372,
18.371635,28.693039,38.290329,38.853248,39.499164,39.548784,
18.390144,28.363792,39.153169,39.695433,39.946150,39.955269,
18.504032,28.645944,39.609947,39.825711,39.641935,39.650485,
18.299909,28.551363,39.284665,40.100804,40.652142,40.600544,
18.499342,28.578902,38.751848,39.135175,39.221301,39.223769,
18.310973,28.546798,38.854806,39.399001,40.217078,40.217826,
18.569546,28.394445,38.657653,39.507979,40.273964,40.291994,
18.543276,28.801011,38.044009,38.977162,39.997112,39.984384,
18.327247,28.368868,37.874584,38.782999,39.586679,39.616782,
18.303960,28.391898,38.251439,38.917540,39.698050,39.651835,
18.529036,28.423716,38.233536,38.811903,39.329508,39.347318,
18.393396,28.371546,39.269543,39.764063,40.565740,40.568623,
18.439801,28.653353,38.879189,39.183611,39.948389,39.985684,
18.366042,28.720521,38.079719,38.531222,39.073770,39.094686,
18.677121,28.752623,39.234344,39.625144,40.213333,40.189868,
18.596638,28.843343,39.471858,39.683791,40.545883,40.500402,
18.504733,28.475152,38.620604,38.884847,39.407494,39.398261,
18.531150,28.859107,39.518740,39.908385,40.113459,40.109592,
18.433940,28.561201,38.143765,38.505667,39.358341,39.376474,
18.377012,28.708292,38.571717,39.222584,39.834422,39.815363,
18.418705,28.351826,38.367959,38.989308,39.753978,39.726351,
18.491309,28.282126,38.709460,38.970493,39.137238,39.162416,
18.470276,28.733591,38.358915,38.953100,39.446851,39.437487,
18.486794,28.616437,38.260835,38.700605,39.622184,39.665886,
18.462806,28.484780,37.984417,38.840421,39.648692,39.636121,
18.541319,28.682790,38.521940,39.051566,39.285850,39.297558,
18.332701,28.524522,39.047216,39.122114,39.378849,39.358909,
18.428409,28.463439,38.493345,39.122340,40.324082,40.320874,
18.453181,28.784896,38.518768,39.132488,40.407933,40.405126,
18.497658,28.620210,38.874127,39.334751,39.557706,39.584254,
18.432814,28.525521,38.654283,39.337091,40.632877,40.635164,
18.441773,28.698581,38.761690,39.206112,39.695623,39.673665,
18.483668,28.716980,39.090286,39.181996,39.510333,39.547169,
18.361296,28.426779,38.591445,39.218240,39.850936,39.856338,
18.459488,28.460707,39.234421,39.598382,40.146546,40.162493,
18.442389,28.461062,38.852438,39.423001,40.256289,40.215361,
18.299959,28.463999,38.997800,39.749306,40.586224,40.611664,
18.403552,28.690744,39.163160,39.824047,40.218138,40.207482,
18.382231,28.677222,38.598276,39.161737,39.599619,39.603201,
18.392706,28.650551,38.395700,38.577587,38.685056,38.723245,
18.357298,28.215387,38.956212,39.894609,40.385182,40.323365,
18.285289,28.508902,38.781471,39.312908,40.255946,40.256785,
18.505446,28.604953,38.864733,39.518410,40.682395,40.693263,
18.413210,28.516099,38.814008,39.009196,39.445586,39.451575,
18.331892,28.420411,39.358574,39.836053,40.231369,40.245149,
18.402975,28.570700,38.934765,39.508744,40.338252,40.358583,
18.623820,28.481628,38.405707,38.951464,40.006504,39.989198,
18.322794,28.318285,38.713716,38.850360,39.798839,39.824047,
18.513251,28.669605,37.787384,38.629307,39.394025,39.387085,
18.358882,28.575926,38.753553,39.493667,40.169571,40.179310,
18.399534,28.593432,38.470734,38.865879,39.736192,39.742868,
18.341445,28.731471,38.767202,39.460305,40.608162,40.559718,
18.244150,28.309754,39.097698,39.838204,40.445080,40.469117,
18.186724,28.249571,38.351079,38.897724,39.705456,39.709398,
18.456598,28.796236,39.454833,39.812327,40.158781,40.157278,
18.378169,28.382684,37.735900,38.426609,39.938348,39.951385,
18.355345,28.332455,39.075372,39.595878,40.231035,40.283040,
18.410673,28.429406,38.306006,38.640493,39.404564,39.405828,
18.358052,28.523354,38.968165,38.929685,39.604116,39.630151,
18.560731,28.860119,38.555672,39.131954,40.108660,40.130982,
18.476474,28.718064,38.517508,39.332117,40.094242,40.103408,
18.661006,28.458904,38.160296,39.205805,40.208961,40.195681,
18.507056,28.602417,39.114741,39.295177,40.139049,40.139458,
18.211028,28.546917,39.217740,39.523909,39.945649,39.942865,
18.415932,28.418508,38.705448,39.156553,39.587410,39.571622,
18.401994,28.691994,38.603551,39.032301,39.384586,39.376839,
18.350774,28.533089,38.284325,39.025731,39.792145,39.786296,
18.570053,28.850598,39.096178,39.796229,40.680137,40.709330,
18.335725,28.550878,39.649944,39.992223,40.251393,40.227944,
18.268925,28.622882,38.426614,38.923084,40.009949,40.051084,
18.443362,28.927128,39.434646,39.802911,39.992597,39.949639,
18.407290,28.671264,39.141210,39.493972,39.723649,39.725504,
18.509995,28.830191,39.992420,40.156205,40.272673,40.271271,
18.437205,28.607144,39.284704,39.846520,40.468508,40.483476,
18.161124,28.353044,39.126293,39.802930,41.261800,41.256659,
18.495653,28.775140,39.073717,39.747913,40.196412,40.202178,
18.331356,28.338403,39.584906,39.934778,40.851861,40.879782,
18.531532,28.778290,39.098126,39.365229,40.193580,40.211970,
18.432258,28.736340,39.772126,39.921344,40.501489,40.492772,
18.509761,28.618983,39.389809,39.837372,40.514456,40.496515,
18.482253,28.535083,38.755932,39.145851,39.748012,39.775328,
18.376842,28.507179,38.096802,38.977557,39.567124,39.599637,
18.410291,28.407960,38.394571,38.631248,38.784582,38.783108,
18.344294,28.476392,39.236714,39.488610,39.893426,39.874081,
18.350685,28.570059,39.388733,39.599505,39.930120,39.914614,
18.373808,28.467129,40.021891,39.891305,40.536152,40.534960,
18.453794,28.490166,38.582956,39.085106,39.663355,39.690681,
18.302132,28.459898,38.628601,39.183923,40.088872,40.094040,
18.516488,28.776628,38.737178,39.245571,39.705573,39.693572,
18.494459,28.627663,38.182202,38.482536,38.983700,38.994788,
18.400307,28.390811,37.499797,38.243781,39.311777,39.315850,
18.612774,28.328468,38.242805,38.823721,39.453451,39.518133,
18.304894,28.345035,38.531091,38.894050,39.765567,39.750189,
18.607993,28.640117,38.142124,38.976074,39.564924,39.669450,
18.354917,28.447366,38.409679,39.193892,39.998132,39.964937,
18.456603,28.320810,38.573221,39.352621,41.019195,41.031609,
18.340280,28.424235,39.208577,40.069596,40.809821,40.788029,
18.288786,28.312615,38.200569,39.151873,39.809318,39.785299,
18.368931,28.515215,38.858867,39.463023,40.198101,40.208153,
18.225274,28.269899,38.793879,39.479069,39.926524,39.918162,
18.400505,28.698390,39.408265,39.497339,40.489732,40.497468,
18.330189,28.352954,38.351367,39.318710,40.176722,40.211278,
18.404186,28.380415,39.038801,39.524529,40.462964,40.471738,
18.433614,28.463860,38.269823,38.611368,39.690589,39.665020,
18.495380,28.645858,38.823651,39.260710,40.273277,40.265566,
18.339406,28.394043,38.510218,39.270785,40.351855,40.383922,
18.484455,28.453999,39.472185,39.947751,40.824278,40.809678,
18.597121,28.834258,38.288610,38.932843,39.706090,39.725466,
18.413524,28.464159,37.599495,38.666712,40.128634,40.176399,
18.360821,28.472218,37.884623,38.777143,39.719978,39.743936,
18.361762,28.538653,37.508018,38.598658,40.122612,40.124645,
18.438524,28.657650,37.836518,38.721336,39.103681,39.090238,
18.345517,28.549678,38.916842,39.047147,39.433686,39.428462,
18.475532,28.909384,39.247233,39.574208,40.106607,40.130765,
18.419549,28.512725,38.959830,39.507097,40.299568,40.295758,
18.408375,28.691625,38.994066,39.422350,39.866350,39.842573,
18.314747,28.231207,38.739115,39.041606,39.612272,39.616179,
18.450439,28.526392,38.966742,39.192519,39.864019,39.890997,
18.207414,28.504965,38.601202,39.064927,39.725163,39.754277,
18.432278,28.554937,39.865947,40.064664,40.750270,40.737916,
18.416422,28.480411,39.104297,39.523502,40.122144,40.165839,
18.276436,28.718642,39.244159,39.430865,40.208042,40.214212,
18.311419,28.393295,39.057820,39.659394,40.111437,40.132062,
18.464156,28.431558,38.627299,39.398278,40.215506,40.210386,
18.292609,28.528008,38.858498,39.511116,39.895361,39.864242,
18.422510,28.504375,38.952624,39.858945,40.758704,40.888350,
18.411359,28.559962,38.824887,39.197303,40.057615,40.033966,
18.391980,28.469643,37.878556,38.485677,39.413580,39.401440,
18.374175,28.621230,37.819075,38.175358,38.790707,38.828331,
18.481909,28.543265,38.583797,39.116455,39.215325,39.233113,
18.424831,28.373955,38.678991,39.211658,40.139573,40.148972,
18.404490,28.712676,38.854989,39.269688,39.751489,39.742141,
18.362339,28.600405,39.156417,39.658145,40.159000,40.139553,
18.395275,28.783263,38.292517,39.356960,40.433890,40.448593,
18.342918,28.527526,38.657276,39.415244,40.137866,40.124096,
18.424928,28.561659,38.619846,38.690062,39.235438,39.241608,
18.374539,28.155571,38.506559,39.054114,39.817630,39.876680,
18.583625,28.843173,39.167395,39.609032,40.565575,40.570561,
18.333002,28.476856,38.221721,38.958244,40.092121,40.101391,
18.378662,28.356376,38.597675,39.208385,40.195695,40.189166,
18.354491,28.423149,38.178034,39.140086,40.091146,40.100036,
18.454869,28.308863,39.106731,39.754900,40.228535,40.226174,
18.477080,28.624585,38.651211,39.471281,40.127005,40.130942,
18.252672,28.403404,39.279137,39.351299,39.942111,39.930762,
18.607139,28.846439,39.736328,40.086089,40.870732,40.870088,
18.550989,28.494407,38.467830,39.096585,39.865526,39.838553,
18.504348,28.497024,37.192786,37.807726,38.514212,38.546413,
18.307938,28.482199,39.325913,39.695285,40.482798,40.489636,
18.602751,28.740094,37.920045,38.907334,39.740304,39.773845,
18.409411,28.475282,38.736503,39.305316,40.097508,40.126279,
18.410192,28.569320,38.599631,39.633807,41.042843,41.055661,
18.385090,28.637642,40.029320,40.355879,40.670547,40.707236,
18.463461,28.405510,38.829529,39.619394,39.965421,39.953672,
18.404669,28.237599,38.790268,39.878544,41.026407,41.008120,
18.278077,28.100447,38.155459,38.722210,39.613182,39.602925,
18.375423,28.570317,38.135596,38.868432,39.840267,39.888183,
18.438577,28.428722,38.583536,39.176041,39.503229,39.528712,
18.243499,28.236160,38.839337,38.920519,39.417386,39.421075,
18.479429,28.644743,38.424551,39.172549,40.085901,40.095157,
18.327511,28.344468,37.887340,38.552230,39.207106,39.184332,
18.459664,28.444609,38.767425,39.311766,39.758887,39.763776,
18.456209,28.709642,38.940502,39.772307,40.321250,40.348463,
18.375034,28.341441,38.766731,38.955570,39.851484,39.883512,
18.360754,28.404462,39.967820,40.040092,40.801042,40.809036,
18.378517,28.773276,39.507491,39.995736,40.511231,40.567414,
18.220420,28.414661,37.824792,38.302176,38.578242,38.846504,
18.552883,28.547185,38.438977,38.872196,39.473766,39.469193,
18.401886,28.627929,38.596883,39.087824,39.689976,39.703837,
18.356194,28.427842,39.148514,39.466931,40.057649,40.048472,
18.434779,28.342496,38.189243,38.349646,39.024195,39.038152,
18.392194,28.386834,38.302756,38.987972,39.315164,39.324492,
18.399943,28.469851,38.177484,38.655603,39.282313,39.303946,
18.582420,28.546419,38.643404,39.372834,40.232599,40.219939,
18.232472,28.191209,38.037711,38.845448,39.212169,39.193963,
18.340846,28.372164,38.347052,38.820988,39.551160,39.589400,
18.296934,28.333629,39.241127,39.848314,41.037645,41.021011,
18.493659,28.723423,39.171966,39.549686,40.089027,40.038244,
18.427022,28.363439,37.760594,38.297958,38.798808,38.800247,
18.395600,28.276023,38.474975,39.445465,40.364440,40.360000,
18.394197,28.350804,37.948600,38.715289,38.917170,38.832665,
18.325478,28.332524,38.126894,38.967090,39.643154,39.667790,
18.434915,28.606758,38.821350,39.229161,40.027570,40.002052,
18.387671,28.615965,38.515256,39.066021,39.773983,39.815963,
18.282031,28.660097,39.091056,39.654353,40.051744,40.047533,
18.378439,28.163795,37.845034,39.170638,40.204353,40.261799,
18.439723,28.507005,38.514984,38.699428,38.756526,38.815869,
18.502129,28.274507,38.866645,39.129403,39.905786,39.900297,
18.243737,28.194036,38.358346,38.740859,39.834936,39.829586,
18.644732,28.447350,37.278492,38.268912,39.972839,40.033070,
18.416039,28.465206,38.211623,38.818548,39.498918,39.507873,
18.387347,28.489142,38.927621,39.379945,40.055366,40.078113,
18.631511,28.870026,38.045521,38.499282,39.621012,39.638290,
18.211290,28.042544,38.313635,38.964748,39.733718,39.737686,
18.536204,28.470780,38.463744,39.122695,40.456599,40.357732,
18.545607,28.153954,38.839876,39.105836,39.653094,39.662057,
18.364043,28.053054,37.645863,38.279809,39.152182,39.182945,
18.355916,28.365115,39.006093,39.791272,40.604995,40.627804,
18.329486,28.220329,38.394790,38.764946,39.373878,39.397212,
18.463765,28.574529,38.762309,38.888115,39.520822,39.492899,
18.424023,28.416050,38.733574,39.436480,40.193104,40.195309,
18.433691,28.481681,39.259254,39.352894,39.649318,39.753231,
18.587188,28.702138,38.997878,39.282850,39.889236,39.884820,
18.394101,28.360738,38.676328,38.922488,39.778457,39.683613,
18.392273,28.584580,38.646924,39.146841,40.187646,40.159177,
18.431217,28.396011,37.928898,38.862765,40.048912,40.031888,
18.433026,28.484818,39.114951,39.232400,39.708221,39.772563,
18.341628,28.423501,38.637478,38.935080,39.474221,39.482354,
18.516203,28.478093,39.672730,39.833579,40.326531,40.319151,
18.263980,28.406293,38.177120,38.537489,39.254701,39.274145,
18.359838,28.770049,39.247233,39.998738,40.502317,40.520163,
18.399737,28.514337,38.434624,39.279600,40.271397,40.283786,
18.472812,28.319027,39.234007,39.765511,39.754190,39.748043,
18.264026,28.090653,37.969242,38.423286,39.026463,39.054925,
18.404680,28.182646,38.786445,39.192541,39.538096,39.542031,
18.631527,28.664783,37.956441,38.525016,39.303817,39.196804,
18.324738,28.621825,39.605000,39.788893,40.319349,40.308019,
18.224351,28.492132,38.992280,39.517620,40.429444,40.445445,
18.344841,28.511642,38.862298,38.998249,40.368677,40.382411,
18.419265,28.174507,38.715200,39.381756,40.391147,40.401107,
18.480921,28.674441,38.384522,38.959208,39.500585,39.646439,
18.498254,28.601834,38.694757,38.999861,39.291118,39.286912,
18.424261,28.509710,38.241962,39.038469,39.704139,39.708868,
18.356514,28.588213,39.562963,40.159806,41.084023,41.118696,
18.521438,28.441730,38.325286,38.821822,39.496477,39.503194,
18.460254,28.526115,38.857120,39.202108,39.807074,39.778808,
18.419415,28.447819,38.823882,39.170877,40.065581,40.076966,
18.302451,28.576549,38.267457,39.319352,40.180223,40.221263,
18.508644,28.617255,39.270100,39.853553,40.879548,40.846086,
18.532058,28.760030,38.569721,39.216326,39.917574,39.877269,
18.456837,28.466463,39.000065,39.348389,40.104508,40.087373,
18.484804,28.337334,38.490827,38.917037,39.407799,39.398106,
18.503003,28.764499,38.697524,39.290598,40.144808,40.139553,
18.295588,28.353622,39.549799,40.628185,41.324695,41.341064,
18.507163,28.583035,39.239711,39.704643,39.969312,39.991979,
18.369307,28.320405,39.181750,39.437047,39.891543,39.905032,
18.447524,28.458980,38.451910,39.473579,40.005303,39.952825,
18.489984,28.673123,39.032565,39.398433,40.408838,40.399265,
18.407588,28.623062,39.022879,39.567314,39.866982,39.869795,
18.374916,28.656362,38.285102,39.256189,39.977130,39.974404,
18.551290,28.817216,39.011893,39.349121,39.980821,40.011363,
18.226696,28.231635,38.399381,39.032138,39.794935,39.780404,
18.393502,28.908896,38.720403,39.487609,40.304336,40.310813,
18.312327,28.727047,39.512187,39.928169,40.481495,40.481819,
18.359184,28.536442,39.472797,39.651282,40.282330,40.327220,
18.493698,28.775591,39.107048,39.661216,40.299095,40.302428,
18.418289,28.787104,39.678110,39.784628,39.877679,39.908585,
18.419687,28.852095,39.102711,39.646342,40.332331,40.369100,
18.394081,28.687848,39.338811,39.918537,40.627758,40.622919,
18.175030,28.470877,38.919625,39.545270,40.231876,40.148181,
18.370470,28.457398,38.878771,39.308675,40.215818,40.249264,
18.364132,28.469669,38.058828,38.691529,39.324678,39.344552,
18.440318,28.546395,39.459851,39.831772,40.631125,40.633197,
18.421877,28.972375,38.940367,39.573843,39.827484,39.839226,
===========END============
22.281080,32.288524,43.554435,43.601828,43.715458,43.716450,
22.603996,33.182185,45.330534,44.800891,45.629042,45.655321,
22.334857,32.776938,44.234585,44.494138,44.853829,44.878069,
22.756703,32.722094,45.518931,45.856361,46.229195,46.234950,
22.609964,32.563908,44.021621,43.969118,44.911337,44.933275,
22.651338,32.751480,43.750020,43.846127,43.966358,43.963994,
22.270864,32.915649,42.894363,43.177754,43.095495,43.101735,
22.292541,32.761164,44.460557,44.215796,43.930544,43.926377,
22.316010,32.392348,43.319960,43.739471,44.578318,44.577713,
22.766830,32.600381,43.603006,44.289163,44.714377,44.730638,
22.381267,32.408534,43.572484,44.035564,44.394145,44.399077,
22.143807,32.443848,43.486785,43.474451,43.479381,43.477502,
22.390367,32.854224,43.895426,44.260672,44.581061,44.584694,
22.247612,32.317286,43.368797,43.672536,43.466804,43.452308,
22.523014,32.372587,44.852399,44.435586,44.214596,44.217309,
22.485846,32.905073,44.116144,44.320281,44.482545,44.500930,
22.384537,32.565640,44.616830,44.607151,44.651300,44.657765,
22.195133,32.394911,44.026463,44.272180,45.099882,45.105002,
22.449678,32.199718,43.837797,43.817756,43.764072,43.756305,
22.418314,32.428418,45.090746,45.349865,45.820200,45.848882,
22.593345,32.680690,44.644039,44.849600,45.194951,45.196695,
22.402130,32.767990,42.931366,43.103942,43.387096,43.388015,
22.376133,32.754017,45.506833,45.435498,45.477898,45.470090,
22.364847,32.419028,44.058566,44.088459,44.117062,44.152569,
22.211160,32.433345,43.636620,43.637107,43.621183,43.620698,
22.383468,32.362001,44.304082,44.313677,44.675806,44.670859,
22.622966,32.742079,43.966177,44.104449,44.606257,44.601540,
22.303692,32.418156,43.179206,43.112487,43.179480,43.200795,
22.219008,32.326473,44.755104,44.978543,45.154890,45.156272,
22.462041,32.841221,44.603137,44.504330,44.419006,44.421339,
22.591675,32.403686,44.522751,44.444101,44.576844,44.584410,
22.329238,32.365533,42.641074,43.006832,43.642590,43.641615,
22.272127,32.459948,43.740718,43.863476,44.099011,44.104364,
22.252040,32.652698,45.069144,44.920082,44.536399,44.541195,
22.294697,32.659421,44.183584,43.915278,43.835072,43.833797,
22.520213,32.854980,44.457926,44.673950,44.890058,44.890708,
22.520509,32.562565,44.700451,44.487060,44.208011,44.211346,
22.271333,32.835208,43.273555,43.692703,43.691716,43.692703,
22.660596,33.078352,43.703571,43.733724,44.020540,44.021338,
22.535205,32.903668,44.811272,44.789622,45.069334,45.069673,
22.319696,32.708418,45.237564,45.322986,45.318231,45.318142,
22.335878,32.404267,44.829903,45.081545,45.492901,45.486931,
22.343111,32.709705,43.169915,43.513408,43.435681,43.433821,
22.216454,32.111803,43.728653,43.735623,43.799624,43.796023,
22.547657,32.725696,45.091214,45.116222,45.307484,45.315721,
22.719630,33.276856,44.525216,44.572990,44.727838,44.723457,
22.434290,32.728778,43.822456,44.214474,44.782027,44.781552,
22.328307,32.846821,44.589336,45.137372,45.543157,45.541646,
22.401362,33.105690,44.141955,44.315759,44.372220,44.346979,
22.586786,33.086264,42.859429,43.525958,44.719471,44.719784,
22.361605,32.608839,44.223107,44.433190,44.523722,44.503828,
22.358522,32.871605,44.575105,44.811451,45.014912,45.015916,
22.287631,32.866837,45.035700,45.162388,45.423286,45.418878,
22.621306,32.867886,44.936826,45.129187,45.438539,45.436972,
22.169506,32.319723,43.541788,44.004209,44.623301,44.626970,
22.678140,32.988817,45.113077,45.327500,45.620982,45.614833,
22.502808,32.650589,44.954973,45.325658,45.701770,45.703337,
22.577213,32.698086,42.836834,42.980475,43.072899,43.070172,
22.508051,32.505927,44.797549,44.819478,44.840955,44.853829,
22.669025,32.953830,45.530662,45.678252,45.767425,45.792157,
22.713557,32.927666,44.159465,44.376802,44.579112,44.585168,
22.280742,32.768718,43.362277,43.479234,43.861809,43.849003,
22.353312,33.061859,44.750656,44.957985,45.460907,45.461278,
22.258764,32.561861,43.374109,43.507553,43.661485,43.658792,
22.594851,33.039355,44.799439,44.943524,45.018781,45.019200,
22.279600,32.828968,44.911500,44.881960,44.961515,44.958872,
22.235453,32.627105,44.572348,44.562466,44.273466,44.299487,
22.663974,32.885982,44.099502,44.572367,45.244810,45.247632,
22.317565,32.589011,43.816963,43.892439,43.913217,43.911920,
22.608223,33.191317,44.557364,44.611893,44.726019,44.724533,
22.425902,32.767463,44.451642,44.726332,45.126441,45.128157,
22.435154,32.587181,44.481085,45.429560,45.779150,45.885334,
22.337691,32.604877,44.676638,45.038390,45.407147,45.398370,
22.293875,32.657690,43.568587,43.556198,44.599336,44.583861,
22.456435,32.515252,42.992991,43.260052,43.138235,43.138832,
22.483957,32.439731,45.218549,45.189203,45.044952,45.046974,
22.278586,32.609126,44.198006,44.387771,45.532852,45.530121,
22.373103,32.337850,43.643215,43.705364,43.941061,43.950737,
22.407623,32.937562,43.163290,43.445574,43.783677,43.790737,
22.226937,32.505634,45.713883,45.888451,46.117071,46.090423,
22.335584,32.585845,44.279004,44.462986,44.528130,44.529327,
22.375467,32.963170,45.989205,46.052030,46.084322,46.087318,
22.157795,32.275563,45.093364,45.213360,45.278887,45.277466,
22.407588,32.354606,44.897865,44.692855,44.371481,44.367445,
22.116006,32.199555,45.321393,45.528897,45.727755,45.727755,
22.513553,32.725998,43.831091,44.161646,44.542038,44.519598,
22.217699,32.680224,44.472460,44.598481,44.631963,44.631045,
22.412858,32.680396,44.016701,44.616601,45.293017,45.293017,
22.493756,32.791609,45.029319,45.102249,45.495539,45.489192,
22.092560,32.405841,44.649532,45.089087,45.212112,45.212112,
22.450486,32.270542,43.878464,43.742667,43.604517,43.599685,
22.622516,32.871201,45.791907,45.398826,45.091172,45.089470,
22.374188,32.992781,44.121008,44.320246,44.830684,44.832849,
22.414750,32.081280,44.471150,44.585982,44.611588,44.622575,
22.315050,32.634890,44.422215,44.629227,44.850869,44.855703,
22.374250,32.432573,41.758334,42.003964,42.575873,42.577400,
22.292721,32.595078,45.308736,44.633035,43.459550,43.475008,
22.704342,32.609789,42.795643,43.077914,43.500925,43.502105,
22.476438,32.377183,43.374382,44.205651,44.557458,44.561072,
22.395899,32.947359,45.150143,45.240624,45.483157,45.494349,
22.166330,32.604820,43.423549,43.449946,43.618818,43.620031,
22.578684,32.704567,45.531204,45.578145,45.672873,45.673651,
22.222926,32.233088,43.339489,43.365879,43.385199,43.386118,
22.322815,32.640284,44.457779,44.496642,44.529943,44.531814,
22.703891,32.657397,45.696899,45.714350,46.044684,46.037376,
22.673078,32.815426,45.518954,45.512667,45.471693,45.465380,
22.295684,32.260612,43.620395,43.893504,44.352109,44.354120,
22.558243,32.799368,44.493693,44.838947,45.453847,45.457179,
22.215617,32.724529,44.044549,44.152346,44.316951,44.317806,
22.303932,32.964613,44.323543,44.596829,44.891724,44.892049,
22.268257,32.628039,44.718222,44.905177,45.527415,45.535326,
22.449106,32.492679,44.929194,45.107692,45.586412,45.595578,
22.657122,32.827816,44.664953,44.798205,44.786606,44.786289,
22.520267,32.678989,43.371975,43.593366,43.381035,43.356765,
22.469243,32.399016,43.783551,44.232315,45.237960,45.220302,
22.385952,32.543877,43.645396,43.822774,44.029111,44.010492,
22.588293,33.252815,45.479992,45.555854,45.616610,45.616994,
22.304529,32.865813,43.338394,43.509342,43.522724,43.526284,
22.274878,32.586467,44.093765,44.607570,45.472622,45.484159,
22.407587,32.600985,44.607513,44.876672,45.235958,45.228134,
22.218525,32.507822,45.342082,45.209860,44.989711,44.978750,
22.622749,32.903123,44.878252,45.391319,45.901149,45.936158,
22.219289,32.721189,44.746547,44.848836,44.770432,44.765376,
22.519002,32.448791,45.407857,45.861337,45.851086,45.849464,
22.477404,32.590663,44.187124,44.555841,44.674743,44.675362,
22.366902,32.581012,43.855609,43.792046,44.398496,44.397336,
22.408162,32.568255,44.380612,44.738477,44.741224,44.741538,
22.497372,32.897151,44.412559,44.148920,44.683780,44.685640,
22.375508,32.580805,43.288406,43.681231,44.193037,44.190823,
22.523920,32.899561,44.286298,44.670936,45.246617,45.249441,
22.457583,32.483166,44.805371,44.674917,44.531626,44.532824,
22.249085,32.233438,43.621593,44.225250,45.014724,45.016062,
22.542058,32.898752,44.438990,44.586247,44.768673,44.763619,
22.184342,32.682343,44.121382,44.582896,45.722757,45.682394,
22.445627,32.723644,43.956025,44.101144,44.182048,44.182048,
22.174738,32.693717,44.833751,45.124297,45.276222,45.277644,
22.488341,32.901902,44.526075,44.702435,44.387174,44.386595,
22.577030,32.581402,44.024166,43.802976,43.588712,43.590157,
22.260115,32.480362,43.705179,43.793592,43.976996,43.982267,
22.243475,32.285524,44.929010,45.452737,46.269389,46.273745,
22.202450,32.427458,43.593004,43.747864,43.608885,43.610580,
22.393046,32.477730,44.033095,44.605419,44.915932,44.926407,
22.485023,32.693160,44.455169,44.667886,44.701287,44.781690,
22.865802,33.334409,45.746642,45.607183,45.526944,45.527321,
22.672350,32.837215,42.720893,42.921970,43.677097,43.694091,
22.359832,32.412791,43.994381,44.312930,44.347643,44.349364,
22.355176,32.680788,43.418175,43.930560,43.958139,43.962599,
22.347118,32.474779,44.117861,44.077242,44.731930,44.731303,
22.292468,32.097819,43.899176,43.628090,43.891551,43.891551,
22.343713,32.434198,44.188559,44.741263,45.403145,45.404608,
22.298524,32.312367,44.034880,44.034412,44.250124,44.250124,
22.345292,32.935026,44.998470,44.762179,44.355844,44.363898,
22.533486,32.412237,43.494542,43.508292,43.801395,43.806456,
22.408230,32.649252,45.674673,45.717716,45.650503,45.687053,
22.680570,32.866601,43.956959,44.228981,44.490783,44.491969,
22.339606,32.551695,44.581590,44.981239,45.161242,45.176491,
22.519633,32.498355,42.917543,43.367395,43.630962,43.636559,
22.429811,32.813164,44.269168,44.293534,44.290560,44.289994,
22.429266,32.297389,43.919158,43.898481,44.673545,44.694000,
22.356544,32.780800,43.833702,43.697979,43.522087,43.523095,
22.316899,33.296641,45.088683,44.811431,44.763974,44.766501,
22.469626,32.274229,44.217100,44.368057,44.431855,44.437709,
22.188306,32.841636,44.253035,44.314869,44.415526,44.419899,
22.558175,33.087010,43.975679,44.141527,44.453662,44.454838,
22.167738,32.402500,43.879510,44.176460,45.014410,45.010733,
22.306511,32.691377,43.668977,43.839998,43.831950,43.833224,
22.438208,32.799938,43.922896,44.090891,44.598785,44.598177,
22.657411,32.985193,45.202650,45.119540,45.355221,45.355221,
22.585657,33.070939,44.153357,44.558362,44.922251,44.906889,
22.441136,32.622554,45.078913,45.165569,45.233187,45.232132,
22.356196,32.528417,44.628424,44.402307,44.773021,44.772705,
22.386038,32.674513,45.235210,45.244016,45.356804,45.363685,
22.399099,32.558359,44.053453,44.100772,44.056084,44.056353,
22.589832,32.636573,43.898432,43.949428,44.066272,44.070307,
22.098981,32.304568,44.019808,44.767014,44.979206,44.985514,
22.220216,32.408204,43.510539,43.869398,44.278210,44.273413,
22.238980,32.333477,44.502620,44.565877,44.547141,44.567008,
22.561994,32.401221,44.741126,44.800254,45.169271,45.174126,
22.327409,32.479669,44.148389,44.501413,44.932290,44.932290,
22.276597,32.251934,44.554374,45.075711,45.370509,45.369420,
22.525714,32.983923,44.414033,44.556894,44.707652,44.712953,
22.280102,32.550995,44.750499,44.798205,44.927718,44.929358,
22.393772,32.619220,42.800059,43.363391,44.524170,44.545133,
22.528887,32.555681,44.886302,45.053043,45.336878,45.342645,
22.399567,32.395669,42.130966,42.360095,42.617803,42.617995,
22.378426,32.564230,43.646921,43.913120,44.281899,44.281051,
22.622436,32.720260,44.269485,44.317503,44.309890,44.315581,
22.246515,32.561875,44.618051,44.711861,44.640163,44.639243,
22.300257,32.576603,43.609369,43.498742,43.977572,43.978099,
22.306337,32.270995,43.944230,44.217866,44.684361,44.679094,
22.636821,32.794408,43.518856,43.836410,44.146933,44.146659,
22.444258,32.810420,43.367710,43.597316,44.085892,44.086703,
22.405520,32.367188,44.252894,44.396774,44.349167,44.352612,
22.266122,32.008636,45.459494,45.530097,45.628175,45.612410,
22.492597,32.940274,45.138125,45.190313,45.241284,45.220982,
22.228182,32.251000,43.915667,43.965357,43.970679,43.973310,
22.471215,32.982134,45.119647,44.901143,45.496707,45.504188,
22.259225,32.930956,45.776060,45.606153,45.521890,45.520011,
22.452612,32.768030,43.529936,43.365679,43.970334,43.974544,
22.472918,31.859693,44.204298,44.239758,44.684341,44.688683,
22.253122,32.541078,44.491932,44.636502,45.002950,45.007539,
22.589646,33.097384,44.224657,44.502360,44.647976,44.646746,
22.588986,32.746909,44.613608,44.265138,43.677988,43.680693,
22.498900,32.724883,44.731382,44.851795,45.188963,45.189660,
22.313049,32.915432,44.619501,44.684651,44.621410,44.627219,
22.448148,32.446779,43.325284,43.686309,45.146629,45.145250,
22.820877,32.586874,44.267390,44.372851,44.679211,44.679520,
22.371066,32.342703,44.567385,44.570102,44.698410,44.698099,
22.256737,32.328688,43.973853,43.810938,43.767177,43.771947,
22.440213,32.420369,44.071013,44.233694,44.508570,44.501431,
22.153394,32.290280,43.572709,43.703772,43.941665,43.940620,
22.278238,32.183658,44.246006,44.416018,44.622117,44.643252,
22.061592,32.831916,43.532907,43.643749,43.782796,43.781536,
22.370377,32.265751,43.030053,43.551539,43.883037,43.884068,
22.387798,32.652985,44.672559,44.792839,45.009250,44.988588,
22.461657,32.397766,44.471426,44.619654,44.862459,44.862459,
22.198217,32.558616,43.877708,43.718234,43.724193,43.709557,
22.221285,32.156527,44.558004,44.973322,45.463085,45.463827,
22.528478,32.994269,44.898252,44.118796,44.231337,44.231616,
22.364039,32.369490,43.642469,43.795470,43.722020,43.719288,
22.340842,32.447324,43.662067,44.123204,44.766501,44.766501,
22.264574,32.872484,43.915521,43.983833,43.605620,43.609974,
22.074120,32.434906,44.671419,44.919183,45.197262,45.212900,
22.482281,32.908242,43.998862,44.190028,44.755281,44.760010,
22.581087,32.290962,44.515888,44.600267,45.261970,45.263386,
22.186743,32.718000,42.632840,43.546169,44.663565,44.668504,
22.527276,32.477950,44.828421,44.831546,44.841980,44.838767,
22.208420,32.300470,44.188956,44.277945,44.043530,44.041658,
22.069691,32.285968,44.559434,44.814584,45.066075,45.087790,
22.389936,32.361049,43.492671,44.009629,44.236437,44.233921,
22.550849,32.873267,43.626905,43.995935,44.483896,44.479754,
22.327254,32.347068,45.286959,45.254585,45.091810,45.086366,
22.514029,32.587547,44.509947,44.834353,45.332940,45.332940,
22.451602,32.278820,43.408055,43.666203,43.923140,43.924961,
22.132347,32.234778,42.846632,43.025687,42.995432,42.998795,
22.392285,32.829299,44.520978,44.808998,44.927923,44.926940,
22.290565,32.266681,43.091828,43.754568,44.714572,44.710828,
22.334465,32.094302,44.355089,44.547347,44.882528,44.872158,
22.290818,32.355292,44.573953,44.789543,45.251979,45.250213,
22.768295,32.490469,43.684585,43.802644,43.833813,43.832794,
22.155806,32.581203,45.323974,45.264848,45.472111,45.473597,
22.394846,32.440823,44.026863,44.442947,45.021125,45.025147,
22.321620,32.732781,44.540407,44.659190,44.834172,44.834493,
22.265986,32.533249,43.858732,43.325170,42.886160,42.890055,
22.154369,31.941684,43.176796,43.297688,43.350661,43.349749,
22.227374,32.361777,43.876164,44.053303,43.791494,43.795028,
22.496655,32.648059,42.744403,42.877857,42.894863,42.892247,
22.392794,32.517169,43.296534,43.408936,43.579374,43.579854,
22.126822,32.328676,42.870770,43.334985,43.309219,43.312608,
22.321342,32.532214,44.831907,45.104874,45.045100,45.043753,
22.350932,32.434608,45.130432,45.232264,45.363096,45.364636,
22.213158,32.357239,44.298991,44.428256,44.707808,44.723731,
22.396708,32.640337,44.713480,44.460869,45.248294,45.250059,
22.358273,32.164160,44.632040,44.707886,44.810933,44.810933,
22.474111,32.479307,44.415745,44.673545,44.622518,44.603004,
22.498289,32.504401,44.503642,44.505129,44.574463,44.573254,
22.262465,32.813236,44.950707,44.987196,45.129166,45.129166,
22.317153,32.296325,43.913363,43.978675,44.189285,44.190114,
22.354365,32.704035,44.402307,44.303443,44.284177,44.283047,
22.300152,32.265179,43.953028,44.072595,44.118133,44.108621,
22.731065,32.532156,43.790942,44.337150,44.290684,44.296917,
22.363412,32.479934,43.770848,43.765765,43.791430,43.787647,
22.422757,32.283373,43.318786,43.689774,44.361505,44.293551,
22.595265,32.553099,44.395414,44.610940,45.115430,45.108845,
22.336926,33.030911,44.200102,44.197607,44.372977,44.381931,
22.499241,32.659936,43.746959,43.787363,43.269539,43.267525,
22.465666,32.623238,44.383612,44.779115,44.962568,44.957944,
22.473325,32.715512,44.474397,44.572140,44.776305,44.776621,
22.405669,32.685586,44.708743,44.171671,43.853993,43.849642,
22.318493,32.628603,44.098469,44.164309,44.291480,44.290631,
22.481138,32.424162,43.003292,43.229567,43.730270,43.734502,
22.283852,32.109286,45.157136,45.394740,45.469301,45.457063,
22.380868,32.969792,44.388966,45.159556,45.344742,45.344021,
22.397959,32.711975,43.542652,43.725917,44.061805,44.065634,
22.365384,31.945822,44.250509,44.222897,44.296757,44.297892,
22.511066,32.607185,44.731029,44.521538,44.265806,44.272285,
22.146390,32.298666,44.032962,44.124634,44.251123,44.245796,
22.046541,32.279734,43.396735,43.597286,43.710238,43.710238,
22.177601,32.574126,43.700017,43.776236,43.967163,43.986125,
22.455251,32.451447,44.328431,44.212614,44.147687,44.142485,
22.363765,32.731795,43.206016,43.650569,44.358413,44.346065,
22.465892,32.587011,45.443244,45.747310,45.894386,45.886509,
22.126186,32.398548,44.224257,44.356526,44.483618,44.482434,
22.244006,32.273688,43.803355,44.108587,44.373969,44.441810,
22.477672,32.894815,44.280945,44.351643,44.476077,44.498294,
22.858201,33.165790,44.935101,45.731304,45.818565,45.813738,
22.390723,32.967512,43.396922,43.617681,44.041675,44.037399,
22.227444,32.513903,42.805197,42.958806,43.224207,43.220444,
22.504221,32.695382,45.468698,45.131592,44.140809,44.141083,
22.107650,32.379709,45.253503,45.351695,45.729283,45.728100,
22.603480,32.908823,43.880685,43.634505,43.516783,43.525082,
22.486128,32.777616,44.399367,44.576523,44.915360,44.919612,
22.495041,32.913055,45.559905,45.614761,45.772450,45.771255,
22.569251,32.773952,43.601179,43.658440,43.779869,43.797270,
22.333801,32.776354,44.529719,44.747471,44.810673,44.810992,
22.299869,32.145353,43.693690,44.184620,45.171503,45.169076,
22.475208,32.675138,43.521924,43.783236,44.054643,44.050087,
22.281660,32.281228,42.728098,43.115874,43.704530,43.690452,
22.450100,33.002366,43.930951,43.930560,44.118269,44.132714,
22.441930,32.603343,45.045521,45.471948,46.028206,46.034123,
===========END============
28.147830,38.020085,50.484875,50.487233,50.475456,50.475456,
27.472967,37.847698,47.554945,47.590812,47.615700,47.615700,
27.976829,37.877578,48.533717,48.592779,48.609584,48.609584,
27.494791,37.604301,50.520156,50.434269,50.533246,50.533246,
28.395413,38.426522,48.890757,48.897499,48.918814,48.922102,
27.528491,38.025078,49.310552,49.568304,49.832679,49.832679,
28.201962,38.212732,51.145990,50.814174,50.197370,50.197370,
27.390577,38.561757,48.302872,48.523014,48.724552,48.724552,
27.644291,37.611205,49.545222,49.556153,49.644605,49.643634,
28.060542,38.098694,49.274613,49.504710,50.239771,50.239771,
27.737796,37.231647,48.239554,48.260513,48.294545,48.294545,
27.647788,37.564598,48.783347,48.771415,48.765858,48.765858,
27.711257,38.171023,51.747739,51.804464,51.833307,51.833307,
27.940431,38.276632,50.418353,50.447176,50.511920,50.507179,
28.199080,37.845266,50.409294,50.451194,50.477000,50.477000,
27.660989,37.709040,49.210477,49.213994,49.676715,49.676715,
27.277004,37.534522,51.649642,51.679023,51.755727,51.755727,
27.769379,38.504947,50.723035,50.750513,50.663986,50.663986,
28.196680,37.372140,48.842243,48.965911,49.224342,49.224342,
27.627203,37.433503,51.906981,51.782857,51.631379,51.631379,
28.103382,37.760637,50.584498,50.536823,50.473472,50.473472,
27.270541,37.450044,48.722931,48.979380,49.750668,49.750668,
27.616080,37.832325,49.980985,50.056147,50.216025,50.216025,
27.729972,37.880286,52.559856,52.414088,52.184564,52.184564,
27.517878,37.714580,51.598793,51.496800,51.331842,51.331842,
27.481269,37.184379,52.159253,52.181406,52.190124,52.190124,
27.796316,37.236401,52.179447,52.216165,52.231116,52.231116,
27.848375,38.038054,48.263913,48.261793,48.260557,48.260557,
27.645525,37.678062,48.536162,48.529395,48.518327,48.518327,
27.811859,36.629988,51.743603,51.458287,50.996014,50.996014,
27.629408,38.719030,52.548823,52.571631,52.625321,52.625321,
27.891759,37.734078,51.462344,51.516186,51.574868,51.574868,
27.879017,37.995216,50.773125,50.754274,50.700681,50.700681,
27.982203,38.272872,49.541012,49.565263,49.576962,49.576962,
27.588329,37.513262,52.608111,52.623030,52.585589,52.585589,
27.588479,37.478905,51.764026,51.766796,51.808159,51.808159,
28.097083,38.046508,49.657555,49.803175,49.992611,49.992611,
28.403016,38.409478,50.164333,50.162418,50.129713,50.129713,
27.565110,37.635863,51.588143,51.655907,51.814657,51.814657,
27.864141,37.182092,49.808215,49.849510,50.134603,50.134603,
27.986705,38.205234,50.053545,50.146307,50.236917,50.236917,
27.735566,37.810045,50.167003,50.182366,50.295688,50.295688,
27.557076,37.991871,49.123411,49.090799,49.187413,49.187413,
27.644837,37.758899,50.997422,50.707577,50.155243,50.155243,
27.267271,37.114064,50.454850,50.514664,50.718446,50.738392,
27.635899,37.403014,51.559462,51.556821,51.557953,51.557953,
27.954267,37.604988,52.303853,52.322257,52.349332,52.349332,
28.085755,37.671660,48.770621,48.831406,48.993884,48.993884,
27.679293,37.615792,48.837149,48.839569,48.893361,48.893361,
27.420747,37.736432,50.383023,50.383023,50.369516,50.387918,
27.858535,37.745291,50.750983,50.831931,50.989224,50.989224,
28.536572,37.382390,50.667058,50.661837,50.658463,50.658463,
28.079962,37.922135,48.658891,48.673818,48.707933,48.707933,
27.295924,37.142936,48.312867,48.312152,48.303585,48.303585,
28.256191,38.168698,49.482196,49.497897,49.477754,49.476820,
27.578706,37.386485,48.462389,48.495810,48.510746,48.510746,
27.585806,37.353699,50.185321,50.210974,50.249599,50.267499,
27.434799,38.011590,50.084335,50.383526,51.399876,51.399876,
27.668651,37.716382,52.085044,52.100404,52.078235,52.078235,
27.856101,37.736671,48.812369,48.806759,48.794763,48.794763,
28.216523,38.411338,51.882420,51.888115,51.935179,51.935179,
28.039917,38.521415,51.829993,51.862243,51.878458,51.878458,
28.197917,37.454929,47.514686,47.500879,47.549770,47.549770,
27.900618,38.053367,52.342886,52.381019,52.348313,52.348313,
27.524579,37.792291,51.347089,51.345651,51.344215,51.344215,
27.434653,37.448971,52.493140,52.538764,52.615564,52.615564,
27.335277,37.431191,53.851177,53.822488,53.718265,53.718265,
28.032248,38.709959,48.329249,48.305636,48.161758,48.161758,
27.227645,37.487666,51.633202,51.642808,51.643962,51.643962,
27.626760,38.111283,51.138791,51.135709,51.129552,51.129552,
27.810794,38.193353,50.168030,50.161734,50.407919,50.407919,
27.874947,37.447869,51.153373,51.181993,51.009708,51.009708,
27.777741,38.448595,48.527095,48.536868,48.557236,48.557236,
27.774321,38.250342,50.932508,50.967601,51.063490,51.064837,
27.605510,38.024924,51.187706,51.274478,51.272711,51.272711,
28.001301,37.716670,48.967209,49.991493,51.496521,51.490574,
27.950910,37.906643,51.528721,51.529096,51.516373,51.516373,
27.714869,37.512121,50.754587,50.519042,50.649272,50.649272,
27.464196,38.203417,47.781166,47.794626,47.866587,47.866587,
27.388941,37.668940,48.505279,47.845916,47.934762,47.934762,
27.694258,37.272726,50.012717,50.014039,49.862576,49.862576,
27.882423,37.146373,51.599364,51.617684,51.665371,51.665371,
27.595655,37.544026,49.133815,49.120882,49.123465,49.122604,
27.704967,37.609883,50.752785,50.813379,50.905887,50.905887,
27.831713,38.054423,50.005785,49.982625,49.909746,49.909746,
27.910322,37.955346,48.229112,48.453567,48.914450,48.914450,
27.899363,37.790536,48.982558,49.086366,49.251761,49.251761,
28.155855,38.033863,51.503874,51.538287,51.604127,51.604127,
27.673309,37.570186,48.731876,49.327448,49.826344,49.826344,
27.510629,38.277513,51.721415,51.735932,51.832102,51.833709,
28.270562,37.594483,50.354764,50.694879,51.452484,51.452484,
27.392949,38.657875,49.701124,49.760819,49.759572,49.759572,
27.886133,37.600621,49.727650,49.282034,48.901590,48.901590,
27.903089,37.058007,51.034718,51.391790,51.805562,51.805562,
27.558669,37.902081,51.519363,51.797283,52.317087,52.324282,
27.958001,37.987263,49.595770,49.850911,50.411104,50.411104,
27.657136,37.198613,50.467965,50.580656,50.664908,50.667365,
27.792666,38.318464,48.580313,48.782600,49.457182,49.225334,
27.568192,37.876870,48.567077,48.760209,49.182607,49.182607,
27.437900,37.431154,49.305833,49.375795,49.478806,49.478806,
28.000123,38.262495,49.495432,49.787275,50.300204,50.300204,
27.824873,37.804375,49.539175,49.550328,49.584679,49.584679,
28.020501,38.357204,49.399196,50.481046,51.941149,51.941149,
27.929274,37.401597,50.661837,50.657236,50.648966,50.648966,
27.393505,38.485436,47.884441,47.843189,47.825104,47.825104,
27.546286,37.423019,51.186407,51.232362,51.291564,51.291564,
27.962326,38.043635,48.835687,48.883517,48.877001,48.877001,
27.572087,37.620878,50.429539,50.436235,50.449367,50.449367,
28.010502,38.533901,51.516279,51.637522,51.989524,51.989524,
27.374130,38.304459,49.051646,49.321696,49.920406,49.918337,
28.295409,37.936978,48.316577,48.283792,48.248436,48.251254,
27.844681,38.279831,50.431212,50.708818,51.339459,51.339459,
28.014501,37.685901,51.553805,51.447700,51.394332,51.394332,
28.021935,37.947392,51.559085,51.574205,51.586719,51.586719,
27.972767,37.399798,49.793175,49.808278,49.862321,49.858238,
27.763004,37.821165,52.170858,52.198314,52.371796,52.371796,
27.543381,37.721405,51.618640,51.278810,50.913929,50.913929,
27.892848,38.008932,48.201679,48.151975,48.217034,48.217034,
27.680452,37.783661,49.109435,49.199012,49.383905,49.365650,
27.306255,37.492298,51.492711,51.905653,52.314617,52.307438,
27.361851,37.490357,47.875626,47.889220,47.915232,47.915232,
27.510288,37.221639,48.155765,48.001362,47.701272,47.701272,
27.660199,38.133915,52.153083,52.247114,52.347748,52.345938,
27.623717,38.079702,51.665081,51.739963,51.899017,51.899017,
27.761196,37.628404,47.855234,47.933124,48.042053,48.042053,
27.269059,37.238155,49.899434,49.911812,49.921118,49.987878,
27.606808,37.412705,48.427664,48.451214,48.466553,48.466553,
27.423476,37.985192,47.625871,47.645442,47.683922,47.683922,
27.670017,37.939412,47.207145,47.249464,47.231038,47.231038,
27.501066,37.519741,50.746991,50.744487,50.774306,50.774306,
27.783861,38.368986,49.681794,49.966970,49.863597,49.863597,
27.648347,37.825751,48.583735,47.880112,47.274189,47.274189,
27.513318,37.939986,51.429899,51.423310,51.321738,51.321738,
27.780771,38.538755,50.507771,50.517260,50.401555,50.402711,
28.059589,37.939842,51.087289,51.194553,51.384625,51.383175,
27.919129,38.327800,47.757161,47.767236,47.776702,47.776702,
27.796171,37.471335,46.138951,46.173754,46.270590,46.270590,
28.013831,38.066841,48.427573,48.422438,48.402873,48.402873,
27.509883,38.233544,50.334437,50.476780,50.708740,50.708740,
27.863202,37.482409,49.570870,49.693627,49.825521,49.825521,
27.326774,37.906484,50.186078,50.182778,50.194338,50.194338,
27.979450,37.532405,48.695328,49.159527,50.096781,50.096781,
27.425136,37.932457,50.072194,50.095837,50.267009,50.267009,
27.709010,37.838701,50.642087,50.748477,50.811552,50.812823,
27.450082,37.647956,47.872638,47.956272,48.083044,48.080333,
28.341845,38.455501,49.260476,50.281887,50.272898,50.272898,
28.037406,37.570299,51.783155,51.701678,51.593845,51.593845,
27.742695,37.825831,49.664623,50.711068,52.009674,52.009674,
27.784148,37.261672,48.694645,48.661020,49.142513,49.142513,
27.788806,37.664543,47.480103,47.634461,48.142386,48.142386,
27.942879,37.085389,49.986104,49.805001,50.038962,50.038962,
27.960549,38.072180,50.582237,50.635599,50.676055,50.676055,
27.797989,37.338209,50.713707,50.431139,50.126320,50.126320,
27.768712,37.775549,49.446381,49.417248,49.388539,49.388539,
27.281960,38.058053,51.586054,51.799276,52.210134,52.208380,
27.274558,37.039621,47.084056,47.676391,49.117009,49.117009,
27.862175,38.263193,51.885876,52.006745,52.113461,52.113461,
28.265317,37.607315,48.950103,48.968352,48.970223,48.970223,
27.315611,37.787471,51.348077,51.358153,52.736465,52.736465,
27.767994,37.262931,50.622577,50.354835,49.808467,49.808467,
27.203769,37.527832,50.424814,50.435289,50.464811,50.464811,
27.697776,37.788782,51.117861,51.128783,51.139733,51.139733,
27.996303,37.816133,50.660073,50.684685,50.710990,50.710990,
27.495463,37.987993,49.343617,49.383448,49.397877,49.397877,
27.772774,37.845992,51.604795,51.717206,51.992650,51.992650,
27.927984,37.909862,49.448817,49.463698,49.437690,49.437690,
27.391084,37.767216,51.217338,51.306135,51.390973,51.390973,
27.528504,38.259066,53.195484,53.219752,53.260317,53.260317,
28.061221,38.172299,50.848320,50.867907,50.976089,50.976089,
27.637536,38.708349,53.027843,53.113890,53.253763,53.253763,
27.564426,37.722941,50.949527,50.989058,51.046019,51.046019,
27.751396,37.833345,50.461439,50.447395,50.433395,50.433395,
27.649796,37.561629,48.796161,48.840325,48.939717,48.939717,
27.332875,37.279323,52.148867,52.162720,52.271165,52.271165,
27.541009,37.329548,47.534619,47.711607,47.987993,47.987993,
27.373588,37.783527,50.317393,50.345837,50.379067,50.379067,
27.932148,37.031548,50.055213,50.740735,50.974439,50.973120,
27.965106,37.487785,46.681854,47.266458,47.991020,47.359574,
27.880062,37.565588,48.757783,48.756991,48.756001,48.756001,
27.279251,37.068078,49.031357,48.990227,48.896630,48.896630,
27.243369,37.631726,50.188967,50.198611,50.193924,50.193924,
27.604864,37.401199,51.736620,51.852946,51.543265,51.543265,
27.960456,37.716733,47.636142,47.638131,47.640732,47.640732,
28.212381,37.898083,50.603382,50.598540,50.676671,50.676671,
27.440430,38.578779,51.348257,51.383265,51.452668,51.452668,
27.556654,37.490098,48.623429,49.485121,52.007477,52.007477,
27.775958,37.961234,50.497490,50.199439,49.622323,49.626190,
27.883310,37.877533,52.671266,51.047193,49.899692,49.898662,
27.183915,37.693251,48.510746,49.282369,50.443234,50.443234,
27.909139,37.744068,49.933817,49.986039,50.138954,50.138954,
27.591899,37.264450,49.794243,49.795500,49.838197,49.838197,
27.963049,37.388365,48.912295,48.903688,48.859891,48.867194,
27.338480,38.214998,51.909946,51.905040,51.903406,51.903406,
27.517896,36.689917,50.301545,50.280130,50.281254,50.281254,
27.446058,37.539410,51.537254,51.534251,51.579509,51.579509,
28.045466,37.732995,49.226326,49.268875,49.397017,49.397017,
27.512975,37.593968,52.532621,52.706015,52.913341,52.913341,
27.944118,38.575935,53.532907,53.571120,53.647348,53.647348,
27.664224,39.394048,52.163371,52.101366,51.999535,51.999535,
27.776180,37.147675,48.532073,48.529818,48.552796,48.552041,
27.660671,37.535807,48.295256,48.442414,48.554874,48.554874,
27.896277,37.700849,49.082364,49.134949,49.238306,49.238306,
27.824287,38.011065,52.459582,52.467017,52.480058,52.480058,
27.609661,37.919694,49.559783,49.591330,49.636660,49.636660,
27.558186,36.918909,51.684749,51.641462,51.444850,51.444850,
27.353576,38.133491,46.603877,46.465060,46.286278,46.293456,
27.880440,37.712821,49.103268,49.102411,49.121312,49.121312,
27.709169,37.275061,49.532130,48.671245,47.955573,47.955573,
28.078673,38.158412,50.388351,50.402205,50.444037,50.444037,
27.804766,37.780716,48.758624,48.914245,49.157790,49.157790,
27.639746,37.145595,50.334721,50.325338,50.307481,50.307481,
27.905553,37.261949,50.480973,50.480089,50.548917,50.548917,
27.316941,37.644051,49.973186,49.993137,50.053011,50.053011,
27.748547,38.067394,51.075289,51.084412,51.108837,51.108837,
27.272992,37.758864,50.940191,50.933652,50.938883,50.938883,
28.255412,37.994423,50.369085,50.391233,50.398738,50.398738,
27.754695,37.838721,50.923290,50.876605,50.810044,50.810044,
27.957382,39.032058,52.183257,52.341192,52.460278,52.460278,
27.486115,38.156231,52.331827,52.366680,52.328672,52.328672,
27.780667,37.039438,48.918608,48.946018,48.970067,48.970067,
27.697909,37.317386,47.416040,47.421858,47.441113,47.441113,
27.860126,37.542746,50.128898,50.232189,50.350548,50.332303,
27.470570,37.439842,51.130236,51.154920,51.171454,51.171454,
27.687010,37.996371,50.442067,50.531682,50.731603,50.731603,
27.519345,37.336982,50.580354,50.677826,50.777536,50.777536,
27.672853,36.960072,48.462019,48.426105,48.462574,48.462574,
27.417338,37.591497,50.998169,51.040490,51.095081,51.095081,
28.038207,37.818867,50.554677,50.495200,50.435361,50.440025,
27.732647,38.390572,50.069114,50.358054,51.020861,51.020861,
27.476512,37.035748,49.127451,49.661209,50.605275,50.604064,
28.318180,38.078419,51.660926,51.373944,50.751453,50.751453,
28.152403,38.013237,47.634614,47.642570,47.696812,47.699293,
27.887714,37.302329,48.098069,48.288588,48.682662,48.682662,
27.823541,37.592208,51.341791,51.363381,51.363381,51.363381,
27.529994,37.770693,50.947806,50.953382,51.059704,51.059704,
27.795592,37.420341,51.848306,51.942901,52.164455,52.164455,
28.075082,38.310522,49.184791,49.253481,49.298091,49.298091,
27.820132,37.834121,50.067775,50.097859,50.134671,50.134671,
27.544513,37.020901,51.731121,51.361036,50.958144,50.958144,
28.146835,37.815014,50.319803,50.340276,50.380361,50.380361,
27.805355,36.834383,49.201039,49.215094,49.369352,49.369352,
28.327317,37.952397,50.630569,50.362062,50.052811,50.052811,
27.331874,37.630355,48.526016,47.847000,47.276229,47.276229,
27.298082,37.501298,48.066972,48.029311,47.960225,47.960225,
28.174533,38.222185,50.360057,50.297804,50.315905,50.315905,
27.782931,37.791420,49.611284,49.602137,49.571467,49.571467,
27.480183,37.866446,50.828821,51.118969,51.266005,51.266005,
27.702911,37.752667,49.938491,50.127541,50.155038,50.155038,
28.105538,36.986812,48.721704,48.761150,48.667075,48.667075,
27.556604,37.367207,48.686945,48.710380,48.754468,48.754468,
27.845199,37.719206,49.936543,49.938621,49.953196,49.953196,
27.684464,36.739556,46.898801,46.949158,47.091401,47.091401,
27.743199,38.405442,48.352134,48.888870,50.670055,50.670055,
27.678742,37.171846,51.260981,51.268033,51.277925,51.277925,
28.009469,37.220569,51.686303,51.687469,51.648005,51.672724,
27.558021,37.353789,49.906328,49.898083,49.865513,49.865513,
28.150578,37.613121,48.372241,48.364096,48.415571,48.415571,
28.275889,37.925292,50.141200,50.190481,50.155106,50.154014,
27.662965,37.195427,51.862142,51.957042,52.156329,52.156329,
27.470552,37.335861,50.675593,50.362062,50.051211,50.051211,
27.740956,37.625944,49.683509,50.029135,50.756390,50.751375,
27.491442,37.789170,51.647716,50.959623,51.041244,51.041244,
27.887422,37.807670,48.794813,48.766155,48.738474,48.738474,
27.195289,37.645909,49.597451,49.629274,49.670116,49.670116,
28.063346,38.724164,52.264502,52.291217,52.259178,52.259178,
27.688907,37.548886,47.501657,47.469606,47.484937,47.484937,
27.691526,37.361444,50.202820,50.207241,50.216095,50.216095,
27.839815,38.382089,51.476390,51.565410,51.749119,51.749119,
27.878312,38.060594,47.542993,47.716433,47.916129,47.916781,
27.565693,37.808509,52.214739,52.235854,52.202469,52.202469,
27.908570,37.881758,52.086428,52.158603,52.388549,52.388549,
27.656454,37.734082,51.510399,51.555407,51.582638,51.582638,
27.691477,37.197953,50.582765,50.675362,50.897697,50.897697,
27.932044,37.886522,49.714305,49.722208,49.726165,49.726165,
27.647879,37.390764,50.840398,50.814889,50.786370,50.786370,
27.895374,38.075504,50.008754,49.944536,49.811053,49.811053,
28.123419,37.860895,49.109489,49.097912,49.097912,49.097912,
27.659771,38.246944,51.948263,51.962732,51.929319,51.929319,
27.377210,37.515214,50.769427,50.810838,50.901668,50.901668,
27.478536,37.725847,47.459757,47.483313,47.523058,47.523654,
27.830285,37.587261,49.681488,49.684183,49.631573,49.627701,
27.670068,37.289974,52.819271,52.870004,52.946194,52.929607,
28.119406,38.173553,48.819743,48.832614,48.823359,48.823359,
27.723926,38.329006,50.295899,50.309745,50.197439,50.197439,
27.668865,37.997829,49.113409,48.987200,48.971158,48.971158,
27.563271,37.517281,52.666028,52.667976,52.697792,52.697792,
27.521458,37.100840,52.171619,51.838838,52.503797,52.501921,
27.364897,37.756729,48.411365,48.618969,49.093846,49.093846,
27.406100,38.041839,51.096523,51.011870,50.847359,50.847359,
27.118984,37.943177,47.549396,47.716238,47.999907,47.999907,
27.938686,38.655854,51.084074,50.975182,50.779427,50.779427,
28.160571,37.988312,51.906061,51.927368,51.933944,51.933944,
27.397579,37.727042,49.286672,49.293833,49.301006,49.301006,
27.800031,37.940880,49.205372,49.221202,49.255700,49.255700,
27.481846,37.876070,48.187377,48.344342,48.742960,48.742960,
27.879500,38.070034,50.420239,50.810282,50.880718,50.880718,
27.734588,37.748859,48.203029,48.283038,48.377044,48.377044,
27.757242,37.391887,49.177861,50.244299,51.741635,51.741635,
27.174664,37.916056,51.043086,50.710369,51.038063,51.038063,
27.877840,37.093175,50.815207,50.854491,50.919137,50.919137,
===========END============
34.832272,45.210275,54.856892,54.856892,54.856892,54.856892,
34.144661,45.526991,56.930790,56.930790,56.930790,56.930790,
35.220111,44.661175,56.435327,56.435327,56.435327,56.435327,
33.977555,44.719940,55.143096,55.143096,55.143096,55.143096,
35.722413,46.296038,62.050680,62.050680,62.050680,62.050680,
33.706900,44.395776,59.532603,59.530237,59.539708,59.539708,
34.615985,45.224139,55.705763,55.705763,55.705763,55.705763,
33.958318,43.371904,59.208939,59.208939,59.208939,59.208939,
33.972705,44.867811,54.608331,54.608331,54.608331,54.608331,
33.822377,43.919158,56.248343,56.243902,56.235033,56.235033,
34.046794,43.545081,60.021117,60.063695,60.150125,60.150125,
35.235696,43.802928,56.176730,56.176730,56.172362,56.172362,
35.122809,45.444374,59.957370,59.957370,59.957370,59.957370,
34.128546,45.262833,56.053915,56.053915,56.053915,56.053915,
34.761357,42.858780,51.926649,51.928292,51.931580,51.931580,
35.378289,45.018928,55.788158,55.788158,55.788158,55.788158,
34.045971,44.221678,57.272782,57.261546,57.250338,57.250338,
33.945127,44.695573,60.224412,60.224412,60.202268,60.202268,
35.267411,46.278804,61.799276,61.799276,61.799276,61.799276,
33.837655,43.513556,58.311706,58.311706,58.311706,58.311706,
35.626622,44.182755,59.589771,59.589771,59.589771,59.589771,
34.688705,44.572952,59.502536,59.502536,59.502536,59.502536,
34.057543,44.037182,58.507661,58.507661,58.507661,58.507661,
33.392012,44.318233,56.878782,56.899382,56.920080,56.920080,
35.346044,45.432045,61.365997,61.351583,61.308628,61.308628,
35.071320,44.284478,55.550482,55.611450,55.736016,55.736016,
34.193594,44.020257,58.480181,58.480181,58.480181,58.480181,
34.700247,45.581860,55.914887,55.914887,55.914887,55.914887,
34.557679,45.382414,58.710429,58.710429,58.710429,58.710429,
34.164199,43.988534,55.424618,55.424618,55.424618,55.424618,
33.825887,42.776460,59.005134,59.005134,59.005134,59.005134,
34.293171,44.847729,57.135394,56.799870,56.413925,56.413925,
34.298441,44.066239,55.553794,55.557583,55.561375,55.561375,
34.801036,44.350135,61.907288,61.907288,61.907288,61.907288,
35.581912,47.231282,59.344467,59.344467,59.362634,59.362634,
34.393384,42.820306,54.746625,54.746625,54.746625,54.746625,
34.479676,45.067535,54.328199,54.514919,54.914318,54.914318,
33.609640,43.327650,56.571386,56.571386,56.590575,56.590575,
34.863341,44.820457,57.833857,57.833857,57.833857,57.833857,
34.504155,42.197702,51.271917,51.363290,51.358964,51.358964,
33.988679,44.106093,59.489629,59.489629,59.480267,59.480267,
34.205144,43.821773,61.213503,61.213503,61.213503,61.213503,
35.328688,44.291091,58.224601,58.224601,58.224601,58.224601,
33.572945,44.419881,60.430412,60.430412,60.430412,60.430412,
34.034778,43.135386,58.975892,59.017727,59.137054,59.137054,
34.951428,46.588893,59.762815,59.762815,59.762815,59.762815,
34.123316,43.597346,61.936002,61.936002,61.936002,61.936002,
33.991081,44.240545,59.430865,59.430865,59.430865,59.430865,
34.931131,45.363957,58.914399,58.914399,58.914399,58.914399,
34.196908,45.049712,60.612400,60.612400,60.612400,60.612400,
34.584679,45.036456,61.902180,61.902180,61.885876,61.885876,
34.691752,45.673432,62.630751,62.630751,62.630751,62.630751,
34.259637,44.002205,60.447176,60.447176,60.447176,60.447176,
34.699887,43.432601,57.631023,57.631023,57.637136,57.637136,
34.877618,43.203618,55.975491,55.975491,55.975491,55.975491,
34.486079,42.783633,51.065173,51.063826,51.061134,51.061134,
34.385635,45.650817,61.240595,61.240595,61.240595,61.240595,
34.898400,43.603006,59.283151,59.292098,59.328069,59.328069,
34.085642,45.993576,57.857124,57.831457,57.780573,57.780573,
33.895063,44.548493,56.976855,56.976855,56.976855,56.976855,
34.237143,44.273043,55.197262,55.197262,55.197262,55.197262,
34.784391,44.732988,54.101144,54.101144,54.101144,54.101144,
35.312353,43.840365,59.147870,59.147870,59.147870,59.147870,
33.807781,45.722364,58.537197,58.537197,58.537197,58.537197,
34.915119,45.925187,62.351369,62.351369,62.351369,62.351369,
34.391026,44.200552,58.186682,58.076989,57.865579,57.865579,
34.601572,44.794031,60.041688,60.041688,60.041688,60.041688,
34.893659,45.408246,58.178878,58.206690,58.206690,58.206690,
36.521975,45.411978,59.164144,59.164144,59.164144,59.164144,
35.484373,45.553510,57.767945,57.767945,57.767945,57.767945,
34.803033,44.261182,59.742278,59.742278,59.742278,59.742278,
34.009603,42.890362,56.533558,56.532372,56.531186,56.531186,
34.273233,44.470264,56.993638,56.993638,56.993638,56.993638,
33.927901,43.599655,59.097805,59.097805,59.097805,59.097805,
34.803252,43.825762,60.092538,60.039029,60.028405,60.028405,
34.354685,45.684833,60.135147,60.135147,60.135147,60.135147,
34.529727,43.090634,59.426822,59.426822,59.254757,59.254757,
34.443861,42.903739,60.629121,60.616954,60.580656,60.580656,
33.686488,42.127847,56.534448,56.240851,56.539196,56.539196,
33.719459,44.074514,61.777398,61.777398,61.777398,61.777398,
33.679603,43.654189,53.191223,53.191223,53.195621,53.195621,
33.709828,41.998794,57.011810,57.011810,57.011810,57.011810,
34.623618,44.608598,59.047782,59.047782,59.047782,59.047782,
34.032796,42.995183,58.944778,58.944778,58.944778,58.944778,
35.213600,44.055950,58.860347,58.860347,58.860347,58.860347,
34.509761,45.918644,61.906266,61.841354,61.714370,61.714370,
35.309743,45.509011,59.654390,59.654390,59.654390,59.654390,
34.765988,42.709186,60.304230,60.304230,60.301404,60.301404,
36.013118,45.462900,56.787904,56.787904,56.787904,56.787904,
33.125860,43.912666,58.154688,58.154688,58.154688,58.154688,
34.543165,44.635697,58.928275,58.928275,58.928275,58.928275,
34.996192,43.541595,57.239857,57.217582,57.173372,57.173372,
35.178542,44.896237,58.557473,58.557473,58.557473,58.557473,
34.151774,43.822170,56.852212,56.852212,56.852212,56.852212,
33.360531,44.211207,60.287303,60.287303,60.287303,60.287303,
32.893502,42.090958,60.407195,60.407195,60.407195,60.407195,
34.802637,46.441884,61.477501,61.477501,61.492339,61.492339,
34.740217,42.748581,59.944992,59.944992,59.944992,59.944992,
34.299641,44.230377,54.602243,54.602243,54.602243,54.602243,
34.332034,43.880315,59.514302,59.514302,59.514302,59.514302,
34.090819,43.458323,57.581666,57.587711,57.599825,57.599825,
34.978756,44.856267,60.502295,60.502295,60.502295,60.502295,
34.335825,44.942743,59.023510,59.023510,59.023510,59.023510,
34.915491,46.988563,58.123784,56.647133,54.673351,54.673351,
33.391114,43.392344,56.463250,56.463250,56.463250,56.463250,
34.085977,42.960564,59.655607,59.804183,60.117512,60.117512,
33.659283,42.934214,60.112776,60.112776,60.112776,60.112776,
33.687478,43.362491,54.670454,54.621296,54.524618,54.524618,
34.582446,44.700918,55.353525,55.353525,55.353525,55.353525,
34.473847,43.674870,55.073464,54.848836,54.431691,54.431691,
33.841596,43.411869,52.314056,52.430545,52.673338,52.673338,
36.252099,43.990664,51.944034,51.944034,51.944034,51.944034,
34.788293,46.284457,56.116235,56.116235,56.116235,56.116235,
34.877275,45.204593,59.423359,59.423359,59.423359,59.423359,
34.660945,45.723569,59.085512,59.085512,59.085512,59.085512,
34.409788,43.083727,60.897697,60.897697,60.897697,60.897697,
34.181288,44.662312,62.221986,62.221986,62.221986,62.221986,
34.580293,45.034965,56.346364,56.346364,55.551192,55.551192,
35.196645,44.939146,60.848560,60.848560,60.848560,60.848560,
34.471677,44.773357,59.018778,59.018778,59.018778,59.018778,
34.240981,45.187397,57.882944,57.882944,57.882944,57.882944,
33.968252,45.884644,55.412230,55.412230,55.412230,55.412230,
33.643257,43.929876,58.894433,59.061030,59.602979,59.602979,
34.110737,43.932222,54.852459,54.852459,54.852459,54.852459,
34.888983,45.616514,58.182778,58.189721,58.203639,58.203639,
33.948764,43.138113,52.579141,52.548704,52.518479,52.518479,
34.632947,44.027379,60.494905,60.494905,60.494905,60.494905,
35.844114,44.555784,57.652075,57.652075,57.652075,57.652075,
34.674706,44.515105,51.931888,51.933533,51.936825,51.936825,
34.378380,43.859597,58.549445,58.549445,58.549445,58.549445,
35.010157,46.300421,55.861210,55.861210,55.861210,55.861210,
34.654916,43.543114,62.033810,62.033810,62.033810,62.033810,
34.942920,42.796057,59.913878,59.913878,59.913878,59.913878,
34.490120,45.629234,58.713858,58.590207,58.239071,58.239071,
34.183548,45.371939,56.879425,56.879425,56.879425,56.879425,
35.653621,44.684806,58.828538,58.828538,58.828538,58.828538,
35.557592,45.702480,56.238634,56.238634,56.238634,56.238634,
34.908093,43.213203,52.044663,52.037916,52.026555,52.026555,
34.247484,44.529794,56.451303,56.451303,56.451303,56.451303,
34.970960,45.237234,55.886943,55.886943,55.886943,55.886943,
35.453747,44.772586,57.994008,57.994008,57.994008,57.994008,
34.951099,42.923519,53.657125,53.657125,53.657125,53.657125,
34.562150,45.963927,59.997349,59.997349,59.997349,59.997349,
35.182118,44.947125,58.474614,58.474614,58.474614,58.474614,
34.961806,45.643756,57.889423,57.889423,57.895911,57.895911,
34.064963,45.822642,59.639812,59.639812,59.637387,59.637387,
34.074406,43.103700,56.605927,56.605927,56.605927,56.605927,
34.156352,43.328813,61.581500,61.581500,61.581500,61.581500,
33.844445,44.932516,55.682541,55.682541,55.682541,55.682541,
34.122506,45.813411,54.885409,54.885409,54.885409,54.885409,
33.863968,43.011654,54.073453,54.030578,53.946076,53.946076,
34.920320,43.373264,54.153460,54.153460,54.153460,54.153460,
33.659825,43.425331,55.847007,55.847007,55.842958,55.842958,
34.834613,44.844009,58.993100,58.993100,58.993100,58.993100,
33.927662,45.059290,58.106709,58.106709,58.106709,58.106709,
34.766343,43.616636,57.692550,57.692550,57.692550,57.692550,
33.849468,44.282393,63.453826,63.453826,63.453826,63.453826,
35.052202,45.408040,60.093885,61.752668,62.902273,62.902273,
34.606306,45.239611,57.099772,57.094370,57.088974,57.088974,
32.733842,43.908467,58.398315,58.398315,58.398315,58.398315,
34.271922,45.640978,58.093947,58.093947,58.093947,58.093947,
34.112472,43.525498,55.569205,55.819496,56.670637,56.670637,
35.939697,46.115293,57.379204,57.379204,57.379204,57.379204,
33.638601,42.403351,52.183475,52.183475,52.185218,52.185218,
35.552677,44.548474,55.833861,55.833861,55.833861,55.833861,
34.270360,45.438401,58.027345,58.027345,58.027345,58.027345,
35.057449,44.456694,58.812971,58.812971,58.812971,58.812971,
34.926192,44.457889,58.947879,58.947879,58.947879,58.947879,
34.590065,44.921658,58.213234,58.102876,57.995253,57.995253,
35.532247,45.613009,51.106031,51.106031,51.106031,51.106031,
34.419543,46.157541,57.905256,57.905256,57.905256,57.905256,
34.020161,43.151840,59.392317,59.392317,59.392317,59.392317,
34.873117,44.701229,55.800165,55.816226,55.832346,55.832346,
34.344777,44.669102,56.903255,56.903255,56.903255,56.903255,
34.809997,44.263449,61.182253,61.182253,61.182253,61.182253,
33.951580,44.960874,57.635225,57.635225,57.635225,57.635225,
33.413238,44.705880,59.305552,59.305552,59.321302,59.321302,
34.749834,44.942394,59.557521,59.557521,59.576604,59.576604,
34.083931,44.261603,60.920439,60.920439,60.920439,60.920439,
34.518841,43.864503,57.509782,57.509782,57.527642,57.527642,
34.576946,43.942694,62.444056,62.444056,62.444056,62.444056,
34.661416,44.724337,59.317922,59.317922,59.317922,59.317922,
34.902416,45.480946,52.904202,52.937245,53.004095,53.004095,
35.043736,45.461463,58.884740,58.892901,58.901078,58.901078,
35.428079,44.607436,50.873623,50.873623,50.873623,50.873623,
35.353222,44.905992,55.423240,55.423240,55.419567,55.419567,
34.215698,44.723966,59.178297,59.178297,59.160884,59.160884,
33.725632,44.511585,58.329607,58.329607,58.329607,58.329607,
34.604449,43.935204,62.377487,62.377487,62.377487,62.377487,
35.897567,43.618242,59.218284,59.218284,59.218284,59.218284,
33.368989,42.636441,51.964906,51.964906,51.958283,51.958283,
34.976398,45.163535,60.153536,60.153536,59.817428,59.817428,
34.323725,44.537597,56.714010,58.211051,60.514144,60.514144,
35.009870,46.330628,58.408807,58.438135,58.497394,58.497394,
34.816066,44.372869,59.003038,58.497394,58.044530,58.044530,
35.167814,43.763649,57.086615,57.086615,57.086615,57.086615,
34.036308,43.534780,59.989455,59.989455,59.989455,59.989455,
33.676717,44.070172,58.501125,58.501125,58.501125,58.501125,
34.353391,44.831807,57.420839,57.420839,57.420839,57.420839,
33.539185,44.659133,52.416961,52.416961,52.416961,52.416961,
34.981712,44.849761,60.489002,60.489002,60.489002,60.489002,
34.102874,43.321446,60.853369,60.853369,60.853369,60.853369,
34.062626,44.122489,60.763689,60.763689,60.664293,60.664293,
34.382659,44.312325,57.790861,57.790861,57.790861,57.790861,
34.335188,44.049869,59.183753,59.046195,58.657875,58.657875,
33.761183,43.305057,58.916965,58.916965,58.916965,58.916965,
34.882295,46.382275,56.943809,56.861157,56.780050,56.780050,
33.784340,42.694201,53.892148,53.892148,53.892148,53.892148,
34.275571,43.689543,57.137779,57.143236,57.154170,57.154170,
34.605703,43.601043,55.047058,55.050429,55.053803,55.053803,
34.765930,43.799624,53.849738,53.849738,53.849738,53.849738,
34.486292,44.518404,57.874051,57.874051,57.874051,57.874051,
35.339348,44.413469,57.782945,57.782945,57.782945,57.782945,
34.517496,46.427448,58.343532,58.343532,58.343532,58.343532,
35.092404,43.052507,55.643708,55.643708,55.643708,55.643708,
34.633458,45.184831,53.304225,53.313258,53.331380,53.331380,
34.504415,44.499927,60.010537,60.010537,60.013180,60.013180,
34.097055,44.952871,55.078977,55.301852,55.536787,55.536787,
35.302625,45.365633,55.825034,55.829067,55.837144,55.837144,
34.612828,43.699400,55.330084,55.330084,55.330084,55.330084,
34.911500,43.807153,60.931039,60.827784,60.827784,60.827784,
33.961138,42.888555,59.606588,59.606588,59.606588,59.606588,
34.125518,42.262516,54.406176,54.406176,54.406176,54.406176,
33.805714,44.132885,52.928960,52.931030,52.935172,52.935172,
34.261210,43.698334,54.719393,54.719393,54.719393,54.719393,
34.696791,44.468789,58.253589,58.253589,58.253589,58.253589,
34.902882,44.206275,55.929572,55.929572,55.929572,55.929572,
34.866267,43.477267,55.831337,55.831337,55.831337,55.831337,
35.346103,45.370010,55.056546,55.056546,55.056546,55.056546,
35.152537,43.929795,62.265057,62.265057,62.265057,62.265057,
33.904816,43.495705,57.621107,57.621107,57.627206,57.627206,
34.061446,44.425481,54.045937,54.045937,54.045937,54.045937,
34.937329,43.907689,58.550861,58.550861,58.550861,58.550861,
35.018440,44.296846,58.117373,58.117373,58.117373,58.117373,
33.888338,44.851332,55.439116,55.439116,55.439116,55.439116,
34.605376,43.250377,54.550840,54.550840,54.547836,54.547836,
34.099376,46.078068,55.750850,55.750850,55.750850,55.750850,
34.824801,43.561056,57.098421,57.098421,57.101124,57.101124,
33.766697,43.130804,61.541856,61.541856,61.541856,61.541856,
34.533454,44.650820,58.712878,58.712878,58.712878,58.712878,
34.490121,43.701315,58.609775,58.609775,58.609775,58.609775,
34.349086,42.597938,56.220108,56.220108,56.220108,56.220108,
35.556500,45.709907,53.441439,53.450762,53.478852,53.478852,
34.761954,45.003554,59.252538,59.252538,59.234825,59.234825,
35.048364,43.539898,50.591060,50.591060,50.591060,50.591060,
34.035238,45.776259,60.966284,60.966284,60.966284,60.966284,
35.554561,44.113986,52.134842,52.134842,52.134842,52.134842,
33.822883,42.853769,58.137063,58.164607,58.164607,58.164607,
33.942619,43.470011,55.318411,55.318411,55.318411,55.318411,
34.191837,41.325741,51.239719,51.239719,51.239719,51.239719,
34.116255,44.013330,61.296178,61.296178,61.296178,61.296178,
33.679694,42.482251,56.413059,56.413059,56.413059,56.413059,
33.590195,42.900140,60.008556,60.008556,60.008556,60.008556,
34.097685,43.904677,54.751148,54.751148,54.751148,54.751148,
34.466241,44.796973,53.775875,53.775875,53.775875,53.775875,
34.537723,44.021321,56.318051,56.300027,56.264202,56.264202,
35.958078,45.559905,60.728485,60.728485,60.728485,60.728485,
34.644417,44.269045,55.413834,55.413834,55.406507,55.406507,
34.419478,44.358629,57.837059,57.940785,58.155981,58.155981,
33.691436,44.559679,55.602346,55.602346,55.602346,55.602346,
34.177922,45.428847,54.702435,54.702435,54.702435,54.702435,
33.623717,42.800574,60.709826,60.709826,60.709826,60.709826,
35.082536,46.095005,57.626062,57.626062,57.626062,57.626062,
34.166853,44.329591,58.833571,58.833571,58.833571,58.833571,
34.530574,45.428157,59.803553,59.803553,59.803553,59.803553,
34.286738,44.174392,57.565087,57.565087,57.565087,57.565087,
35.228957,46.449702,57.816289,57.841866,57.893477,57.893477,
33.894569,43.573894,57.353338,57.422659,57.564711,57.564711,
34.715075,45.745281,59.699648,59.545044,59.251428,59.251428,
32.895508,43.963206,54.674124,54.674124,54.674124,54.674124,
34.665600,42.073145,60.642087,60.642087,60.642087,60.642087,
34.176756,43.339801,55.601628,55.601628,55.601628,55.601628,
34.818952,43.212954,58.108839,58.108839,58.102025,58.102025,
34.783248,43.674317,60.582162,60.582162,60.582162,60.582162,
34.414709,45.629499,55.154523,55.154523,55.151070,55.151070,
35.061232,44.492933,54.814964,54.814964,54.814964,54.814964,
35.087812,43.590428,55.593022,55.589203,55.585387,55.585387,
33.354982,42.864280,60.901749,61.111048,61.327368,61.327368,
33.835741,43.046458,60.063695,60.063695,60.063695,60.063695,
35.020139,44.129917,57.026735,57.026735,57.026735,57.026735,
34.133808,43.292131,56.563018,56.640137,56.798609,56.798609,
34.141707,45.532216,59.197971,59.233168,59.304429,59.304429,
33.965808,43.971139,57.384612,57.384612,57.384612,57.384612,
34.493465,43.706478,58.386485,58.393761,58.393761,58.393761,
33.997926,43.660781,55.893849,55.893849,55.943271,55.943271,
33.966186,42.742123,54.791072,54.803798,54.842201,54.842201,
33.823517,43.788498,57.932183,57.932183,57.932183,57.932183,
34.626865,45.475898,56.635580,56.655055,56.689348,56.689348,
34.473522,44.707963,57.747894,57.722863,57.722863,57.722863,
35.388247,45.054646,62.294010,62.294010,62.294010,62.294010,
34.542541,45.526662,59.327505,59.327505,59.327505,59.327505,
34.472749,42.710489,58.611689,58.611689,58.611689,58.611689,
34.289483,43.553121,59.605986,59.605986,59.605986,59.605986,
34.273286,44.177098,58.062205,58.062205,58.062205,58.062205,
35.082080,44.362243,58.165039,58.391941,58.756199,58.756199,
36.071038,44.040672,52.901117,52.901117,52.901117,52.901117,
33.925054,43.647730,56.649874,56.649874,56.649874,56.649874,
34.017084,44.198681,61.821266,61.821266,61.821266,61.821266,
34.625105,45.682882,60.235526,60.235526,60.232745,60.232745,
34.895336,45.193840,57.912176,57.912176,57.912176,57.912176,
===========END============
