18.657028,29.140301,39.224739,39.568794,40.024402,40.029440,
19.077112,29.312911,39.318417,39.494295,39.942729,39.938387,
19.024567,29.516949,39.380260,39.441906,39.457391,39.451906,
19.162923,29.766290,39.212719,39.395389,40.038949,40.037540,
19.446178,29.679687,39.390261,39.654956,40.034039,40.044250,
19.206635,29.409924,40.024554,40.399871,40.422700,40.424879,
18.941974,29.486882,38.849738,39.160102,39.316976,39.324120,
19.287347,29.390604,38.825118,39.097591,39.111228,39.117568,
19.555484,30.157000,39.126966,39.450756,39.862321,39.867839,
19.421924,29.895842,39.312621,39.528003,39.732690,39.735367,
19.659227,29.583997,38.769345,39.276637,39.804264,39.779296,
19.196129,29.570587,39.796487,39.885122,40.463044,40.589589,
18.754595,29.436715,38.133572,38.801307,39.747409,39.755024,
19.302164,29.346971,39.403208,39.559777,39.815578,39.801910,
19.047704,29.224882,39.976029,40.051931,40.169605,40.161447,
19.021341,29.223157,38.672391,39.324481,40.206743,40.213769,
18.631389,29.082208,38.726070,39.356954,40.040179,40.031888,
19.712554,29.961502,38.773764,38.878359,39.464112,39.467934,
19.710982,29.806920,39.448179,39.600947,39.665904,39.663562,
19.432907,29.480899,39.119209,39.345742,39.526106,39.530787,
18.527542,28.796100,38.918439,39.661374,39.913097,39.910514,
19.616236,29.916156,39.021859,39.206052,39.397579,39.396363,
18.926660,28.971212,39.363612,39.516400,40.014184,40.010801,
19.513599,29.887080,39.632118,39.827534,40.018880,40.019886,
19.202114,29.463356,39.322947,39.321392,39.520362,39.526147,
19.297424,29.719166,38.645009,39.264646,39.984226,39.985172,
18.971512,29.412298,39.348667,39.647368,39.951769,39.950883,
18.672577,29.068779,38.742644,39.263311,39.558069,39.601488,
18.655053,29.230465,40.147254,40.285776,40.278268,40.292706,
18.881841,29.226462,38.939547,39.442873,40.198701,40.203448,
19.942930,30.257251,39.427261,39.449328,39.644544,39.655899,
19.094515,29.313467,39.605722,39.449607,39.652249,39.652954,
18.527613,29.159861,38.916713,39.259771,39.868229,39.864549,
18.724464,28.897922,38.742773,39.443215,39.906070,39.904213,
19.310318,29.562048,38.953773,39.036510,39.585356,39.584206,
19.654630,29.928213,38.908025,39.282375,39.825376,39.846692,
19.435620,29.691593,39.099117,39.177627,39.453724,39.456350,
18.420584,28.672787,38.579615,39.218598,40.207994,40.208823,
18.030419,28.716493,38.473672,39.235780,39.680980,39.681372,
19.210981,29.824597,39.569694,40.014759,40.398283,40.397994,
19.699020,29.739085,39.103439,39.354086,39.628524,39.628306,
18.596495,29.172331,38.780222,39.272406,39.810598,39.841766,
19.462034,30.048529,38.940538,39.426493,39.847926,39.852967,
19.644333,29.591687,38.450702,38.997224,39.584002,39.588674,
19.429787,30.054302,38.872257,38.776189,38.960800,38.964764,
18.596585,29.102685,39.105519,39.442346,40.041821,40.035839,
19.061445,29.368107,39.012911,39.299330,39.708085,39.713830,
19.300063,29.781478,38.657343,38.772984,38.876807,38.873004,
18.723311,28.818765,38.829921,38.977594,39.633940,39.639612,
18.731983,29.027534,38.507792,38.910255,39.405397,39.410916,
19.105002,29.684199,39.692246,39.853197,40.294285,40.288789,
19.606315,29.626837,39.094568,39.390387,40.105824,40.112201,
19.501625,29.728562,39.486099,39.609941,40.124862,40.141138,
19.136810,29.296164,38.791076,39.306928,40.130914,40.129285,
18.948775,29.078953,38.891339,39.094841,39.279299,39.286582,
18.883861,29.425948,38.865757,39.297043,40.067835,40.063929,
18.831430,28.901953,39.033741,39.355824,39.452823,39.460637,
19.438803,29.691237,39.172532,39.418942,39.582333,39.592733,
19.378053,29.601754,39.450849,39.450338,39.979437,39.976081,
18.828951,29.195846,39.168940,39.419726,39.562344,39.568662,
19.558788,30.224052,39.394328,39.728634,39.872628,39.877775,
19.745759,30.146250,39.413378,39.912380,40.557223,40.563189,
18.086582,28.849584,37.680742,38.335257,38.953400,38.950398,
19.458822,29.866998,39.219853,39.256205,39.825224,39.833941,
18.629838,29.297552,39.520132,40.124211,40.600802,40.600862,
19.663078,30.135590,39.145407,39.253231,39.389437,39.389139,
19.291133,29.567357,39.284715,39.837080,40.194958,40.215070,
18.560626,28.996953,38.349529,39.027890,39.418285,39.417271,
18.871245,29.247707,38.928167,39.303795,40.114392,40.107850,
18.663448,29.068376,38.784627,39.873012,40.558804,40.559763,
18.429560,29.079442,40.074532,40.418868,40.384930,40.388041,
19.052798,29.685243,40.028949,40.216025,40.497490,40.515465,
19.744639,29.954005,40.128043,40.256429,40.509682,40.515910,
19.437422,29.663655,39.414346,39.916592,40.028883,40.029811,
20.049352,30.650031,39.312407,39.435005,39.821271,39.824155,
20.009689,30.128647,39.320772,39.462848,39.380774,39.375749,
19.242345,29.599026,39.254463,39.443685,39.536030,39.547222,
18.722239,29.039408,38.667540,39.184474,39.562856,39.562713,
18.758734,29.504755,39.355653,39.651178,39.815685,39.809375,
18.274913,28.815047,38.408816,38.539635,38.955073,38.958244,
18.611061,29.032476,39.662928,39.972414,40.120125,40.125140,
19.642189,30.069495,39.359614,39.676403,40.295032,40.293086,
19.008287,29.471208,39.450123,39.554982,39.894345,39.902661,
18.837094,29.283771,38.596330,39.186795,39.792767,39.788900,
18.867332,29.233310,39.011053,39.186511,39.520911,39.523130,
18.693200,29.043370,38.764886,39.603015,40.277924,40.279273,
19.429397,29.815315,39.878307,39.836256,40.016260,40.035294,
19.383424,29.715654,39.395429,39.579443,39.960339,39.952721,
18.780813,29.302496,39.439537,39.879236,40.335682,40.222074,
18.791131,28.871518,39.768851,40.120376,40.341038,40.360293,
18.763384,29.265875,38.916688,39.537137,40.531280,40.533842,
18.778401,29.424948,39.055392,39.195217,39.332863,39.342819,
19.587582,29.922157,39.263750,39.725739,39.938121,39.930671,
19.413245,29.773235,39.272841,39.807938,40.136751,40.139362,
19.100573,29.571102,39.005894,39.105310,39.310659,39.314843,
18.670773,29.399789,39.552687,39.555541,39.444635,39.458571,
18.436253,28.762215,38.728532,39.432125,39.767371,39.774121,
19.197491,29.565190,39.299274,39.655540,40.084530,40.052031,
18.409499,28.717613,38.609072,38.823354,39.181292,39.195063,
19.231673,29.726831,39.857135,40.021044,40.212281,40.214219,
18.365356,28.914481,38.579843,38.954964,39.876532,39.879120,
18.644990,28.851152,38.414314,39.229619,40.073232,40.081844,
19.175351,29.384022,38.364517,38.732619,39.378575,39.383442,
19.577421,29.585785,39.197281,39.635921,39.875899,39.875207,
19.338412,29.739584,39.153613,39.378021,39.495491,39.489208,
19.058248,29.505887,38.861644,39.431050,39.794520,39.792711,
18.715987,29.269386,38.329553,38.795262,39.591114,39.575552,
18.987453,29.596186,38.854538,38.928527,39.375493,39.378004,
19.294831,29.658598,38.397978,38.841062,39.481097,39.487556,
19.410637,29.976088,39.668815,39.854853,40.251155,40.240335,
19.080264,29.564250,38.819231,39.387966,39.889378,39.882986,
18.793623,29.082620,38.042162,38.724355,39.189151,39.195080,
19.048276,29.291594,39.151331,39.601819,40.093878,40.087554,
18.954370,29.298221,38.355805,39.065426,40.008900,40.002804,
18.346597,28.677391,39.161715,39.516995,40.179419,40.172723,
18.850302,29.385958,39.678979,40.332317,40.857845,40.861379,
18.593816,29.345097,38.898112,39.315400,39.970254,39.965022,
18.667359,29.019750,39.364511,39.581974,40.042500,40.045801,
18.742131,29.287695,39.458915,39.857830,40.214142,40.204160,
18.353658,29.060066,38.820220,39.211340,39.724836,39.932656,
18.675570,29.109295,38.939000,39.141642,39.788172,39.786766,
18.780655,29.251467,39.009249,39.946976,40.322194,40.325033,
18.561239,29.065861,39.449020,39.771501,40.427845,40.424850,
18.765850,29.284460,39.150730,39.573067,39.681268,39.685555,
18.693785,29.302301,38.896727,39.521761,40.070875,40.070500,
18.712559,29.195266,39.640370,39.499810,39.912871,39.924043,
18.306196,28.836812,38.462334,39.267606,39.889737,39.895702,
18.024187,28.798604,38.980302,39.592212,40.025058,40.030150,
19.219157,29.449340,38.226422,38.551069,38.765947,38.790931,
18.683307,29.327102,39.082791,39.352803,39.783136,39.769170,
18.633512,28.967691,38.581206,38.666300,38.978432,38.974414,
18.569416,29.316962,39.743625,39.761823,39.858997,39.848677,
18.901462,29.632681,39.035983,39.429727,39.774352,39.785625,
18.128563,28.709390,39.056595,39.457065,40.281367,40.286149,
18.490214,28.819798,38.667395,38.994385,39.368953,39.359870,
18.182126,28.844322,38.360640,38.445513,38.715146,38.723918,
17.948485,28.473829,38.139921,39.061507,39.806236,39.805606,
18.322720,28.975001,38.988342,39.407793,39.676550,39.683160,
19.053457,29.322107,38.427614,38.872958,39.766890,39.771888,
18.752685,28.954165,38.951123,39.294690,39.738672,39.737928,
18.451348,28.735124,39.160439,39.216843,39.708498,39.713627,
18.996661,29.487640,39.756974,39.933292,40.150036,40.154403,
18.803184,29.256098,39.460014,39.421508,39.675560,39.690062,
19.064312,29.429547,38.631306,38.983945,39.075330,39.065713,
18.199792,28.686058,38.508549,39.215941,40.142125,40.150029,
18.821931,29.419495,39.725250,40.164388,40.359384,40.373635,
19.255945,29.676427,39.219919,39.498266,39.654055,39.660119,
18.449069,28.942875,37.787329,38.422786,38.512299,38.502879,
19.023372,29.303782,39.385489,39.676978,40.102423,40.109930,
19.151846,29.716722,38.785708,39.046406,39.355085,39.361655,
18.527861,28.975066,39.119730,39.642784,39.849905,39.850287,
19.061870,29.329247,39.351617,39.674441,40.113858,40.097037,
18.758448,29.100949,38.845630,39.104978,39.667228,39.665813,
19.004573,29.253816,38.838172,39.232820,39.596592,39.599139,
17.684667,28.266512,38.156278,38.420427,39.033102,38.949995,
18.383600,28.883818,39.311716,39.496318,40.187749,40.193972,
18.535378,28.773317,39.186151,39.371763,40.163287,40.178664,
18.172197,28.350973,39.194275,39.692185,40.108836,39.982842,
18.349316,28.833517,38.762022,39.167080,39.718453,39.731563,
18.323297,28.462612,39.837093,39.818148,39.966447,39.963180,
18.339499,29.049519,39.132752,39.460526,39.965382,39.967631,
18.802964,29.387598,39.058127,39.628747,40.243386,40.246286,
18.713509,29.008304,39.261888,39.525675,39.846788,39.821878,
19.072353,29.289585,39.715811,39.510227,39.695814,39.696846,
18.860940,29.321943,38.765873,38.818915,39.324464,39.321645,
19.375346,29.880280,39.881992,39.988909,40.273985,40.273284,
19.627021,29.980220,40.004485,39.975459,40.123845,40.126395,
18.370797,28.876338,39.052573,39.192809,39.494934,39.509103,
18.759431,29.481862,39.611652,39.637854,39.949997,39.952916,
18.718200,29.225828,38.831663,39.136325,40.308365,40.320349,
19.009546,29.135501,39.491012,39.526289,39.893490,39.893233,
18.456581,28.788913,39.302560,39.924607,40.216919,40.218165,
18.638895,28.955137,38.217572,38.639867,39.239716,39.241530,
19.444998,29.902663,40.162131,40.338637,40.385527,40.381584,
19.267614,29.560094,38.764827,39.590838,40.027384,39.927709,
19.273357,29.449307,39.021049,39.202991,39.504675,39.504322,
19.249225,29.490299,39.444705,39.920128,40.005884,40.022117,
19.306784,29.484336,39.337866,39.697276,39.969822,39.981195,
18.479733,28.939840,38.908425,39.197812,39.774477,39.799594,
18.564460,29.347381,39.156683,39.277268,39.549853,39.573389,
19.065877,29.612394,38.869387,39.300042,39.709706,39.712023,
19.105526,29.565383,39.262738,39.271777,39.490221,39.500991,
18.848982,29.424710,39.013661,39.233135,39.854796,39.849574,
18.445728,29.086609,39.143151,39.807534,40.138573,40.154901,
18.766477,29.287012,38.938236,39.564483,39.908385,39.907688,
18.436491,28.854047,38.351020,38.915440,39.339773,39.341969,
19.406510,29.966004,38.384749,38.877377,39.298562,39.309967,
19.614443,29.784924,39.076320,39.300793,39.388401,39.397315,
19.574762,30.164122,39.542595,39.567452,39.717557,39.717607,
19.813105,29.786102,39.570309,39.349625,39.121904,39.126815,
19.667015,29.954010,39.393348,39.708560,39.710482,39.835228,
18.998842,29.306228,38.861989,39.764487,40.270639,40.284208,
19.621536,29.811530,39.478397,39.809173,40.647192,40.660334,
19.488574,29.559638,39.677009,39.812024,39.766085,39.769582,
19.900709,29.862535,39.217976,39.557712,39.872481,39.877730,
19.266188,29.834937,39.389626,39.671105,40.067722,40.071712,
19.077938,29.554651,38.925604,39.035444,39.574960,39.571521,
18.867325,29.292013,38.610507,39.098988,39.474011,39.384540,
18.501899,28.959143,38.540091,39.211570,39.682560,39.711388,
19.468882,29.941541,39.743389,40.012988,40.263430,40.263626,
19.075124,29.395401,39.038722,38.737902,39.180861,39.203792,
18.937517,29.070224,38.559884,39.006737,39.599890,39.596430,
19.510850,29.934478,38.811362,39.115456,39.606606,39.633698,
19.539137,29.695854,39.231031,39.406046,39.973088,39.957272,
20.038063,30.077053,38.638210,39.054416,39.546831,39.561337,
18.984298,29.205806,38.884128,39.018820,39.403719,39.476948,
18.824888,29.153172,39.075463,39.519035,39.630792,39.731284,
19.213702,29.341455,38.917997,39.071514,39.497586,39.558099,
19.533792,29.436649,39.177327,39.480209,39.896127,39.898443,
18.397111,28.934091,39.315985,39.277547,39.785857,39.778138,
18.265492,28.603768,38.345629,38.772964,39.069498,39.073115,
18.874154,29.236816,38.530147,39.118988,39.771707,39.782672,
18.742200,29.355587,39.508268,39.957494,40.725300,40.717241,
18.803228,29.210042,39.122529,39.557581,39.964382,39.960620,
18.486287,29.306771,38.601837,39.407690,39.718273,39.718669,
19.568920,29.799868,40.078536,39.989744,40.083771,40.085867,
19.793920,29.923464,38.296013,38.607537,39.565573,39.563762,
19.860267,30.098601,39.215567,39.288729,39.252349,39.253547,
19.550477,29.247987,38.338833,38.930782,39.781513,39.791674,
19.285144,29.481183,39.078851,39.413327,39.737432,39.741999,
19.359102,29.583899,39.107160,39.134495,39.615298,39.613659,
19.208872,29.488919,39.165220,39.383036,39.647107,39.634588,
19.079429,29.508985,38.523825,39.096162,39.494934,39.494136,
18.609640,28.692530,39.080524,39.317657,39.380288,39.373941,
18.753174,28.928006,39.627550,40.022328,40.408491,40.408780,
19.681828,29.957406,39.021869,39.138156,39.517484,39.518687,
19.407637,29.642805,39.299526,39.456170,39.747882,39.749623,
19.740943,29.983888,39.298102,39.337470,39.422298,39.415543,
18.935650,29.267314,38.924231,39.322215,39.777474,39.785945,
18.827933,28.951668,39.330547,39.412659,39.774277,39.762335,
18.910905,29.117665,38.824254,39.537007,40.123174,40.123662,
19.161654,29.261294,39.291846,39.563923,39.522410,39.517125,
19.620505,30.104556,39.267639,39.558628,39.885616,39.882229,
18.814702,29.012780,38.909245,39.091595,39.554304,39.551118,
18.570047,28.878162,39.153694,39.900638,40.639300,40.650948,
18.908444,29.281729,39.243523,39.604789,39.731990,39.724069,
19.516695,29.677754,39.393200,39.723828,39.801954,39.796569,
19.261355,29.415794,39.307855,39.746216,40.394205,40.390195,
18.829292,29.037212,39.494037,39.695543,39.772482,39.766235,
19.319293,29.365383,38.608378,38.963752,39.355994,39.349705,
19.031879,29.033945,38.876731,39.127166,39.445656,39.463786,
20.409508,30.247602,40.058383,40.128824,40.341451,40.333875,
19.747580,29.828092,39.601831,39.636860,39.883633,39.869597,
19.415499,29.803473,39.233483,39.347057,39.761025,39.764818,
19.378543,29.520002,39.588992,39.766372,39.905606,39.910818,
19.889128,29.786946,38.984331,39.172805,39.542482,39.539447,
19.818705,29.974525,38.540896,38.768159,39.390702,39.401343,
19.919208,29.794783,38.613867,39.090762,39.594443,39.596196,
19.356361,29.706919,38.691480,39.046136,39.512659,39.516170,
18.748363,28.848176,38.305948,38.871723,39.878588,39.888389,
18.671800,28.788593,39.124354,39.389346,39.654858,39.654761,
19.034640,29.270754,39.590617,39.849008,39.998778,40.004182,
19.204184,29.415559,38.433296,38.491055,38.503136,38.571139,
18.868172,29.167174,39.431247,39.371301,39.518557,39.522994,
19.391609,29.638020,38.651230,38.897790,39.754395,39.766266,
18.760518,28.856711,38.794374,39.057581,39.327042,39.325598,
19.169126,29.691953,39.482214,39.634267,40.204236,40.089262,
18.952902,29.326824,38.288179,38.838217,39.363692,39.369386,
19.052264,29.322799,38.053160,38.590650,39.171220,39.175185,
19.275611,29.341872,39.033809,39.546035,39.881415,39.889371,
19.774071,30.002292,39.173567,39.362770,39.535822,39.566360,
19.205278,29.376842,39.270963,39.557063,39.595068,39.600520,
18.474191,28.985913,39.098645,39.305198,39.363117,39.356204,
18.813880,29.260226,38.378522,38.650443,39.298539,39.292109,
18.811855,29.409355,38.357845,39.264779,39.769582,39.764163,
18.936108,29.493767,38.725858,39.277424,39.422563,39.419795,
19.882237,30.021437,38.432116,38.826757,38.977797,39.068477,
20.142845,30.163224,39.375413,39.583847,39.940356,39.935758,
18.649494,29.060327,38.985812,39.350703,39.957891,39.964787,
19.622525,30.007524,39.039857,39.293492,39.779922,39.787469,
19.520139,29.762534,39.064672,39.290743,39.745048,39.742365,
19.030528,29.474097,38.301797,39.161313,39.961958,39.960913,
18.620559,29.122252,39.805027,39.886206,40.389388,40.395503,
18.832994,29.406801,39.444543,40.051698,40.541873,40.555389,
18.429794,29.099506,39.246147,39.377422,39.934615,39.937602,
18.895920,29.312220,39.134193,39.651531,40.197453,40.168536,
19.205722,29.450433,39.082673,39.326060,39.534378,39.538428,
19.084666,29.552756,38.748799,39.139405,39.215440,39.216364,
19.290569,29.499816,38.800267,39.094285,39.127096,39.130956,
18.897179,29.154273,39.329994,39.969842,40.398268,40.392668,
18.821366,28.886247,38.809268,39.089576,39.258049,39.256450,
19.115695,29.522838,39.111464,39.747745,40.335091,40.353692,
19.003821,29.489761,38.804783,39.183388,39.900342,39.900291,
18.461407,28.603697,38.515700,39.245881,40.188066,40.191810,
18.141510,28.622268,38.767737,39.319910,39.993170,39.995933,
18.549534,28.960994,38.691183,39.032464,39.832641,39.835786,
18.836904,29.428209,39.339615,39.743464,40.327917,40.330561,
19.118693,29.442359,38.647281,39.467001,40.093851,40.102801,
18.057858,28.622222,38.585485,38.786544,39.285185,39.284470,
18.483805,28.931507,39.030024,39.237748,39.487925,39.469088,
18.697508,29.082309,39.294365,39.859864,40.350641,40.365981,
18.436414,29.350025,39.190638,39.188363,39.436347,39.442531,
18.912644,29.348412,39.475593,39.527093,39.953431,39.961416,
18.070252,28.852686,38.605654,38.789924,39.703597,39.713133,
19.233870,29.570684,38.958544,38.956492,39.268252,39.299851,
18.907336,29.443542,39.250852,39.552479,40.149715,40.168523,
19.440957,29.925435,39.432588,39.829586,40.004505,39.999865,
18.965252,29.512112,39.534644,40.268712,40.695366,40.703880,
18.332533,28.951705,38.803277,39.486444,40.089659,40.083315,
18.560540,29.170842,39.315394,39.697257,40.072871,40.068692,
===========END============
21.511383,32.134612,42.933748,42.957999,43.127053,43.128895,
21.814175,32.046762,42.884995,43.072885,43.330061,43.334999,
22.051931,31.636056,42.823725,42.824886,43.024233,43.018579,
21.980102,32.833976,42.918691,42.912967,43.252940,43.249152,
22.330462,32.534130,43.434126,43.528110,43.524548,43.526032,
22.087682,32.209835,42.916705,42.935004,42.916757,42.931172,
21.818974,32.384496,42.837619,42.897495,42.974068,42.974068,
21.958163,32.569450,43.435317,43.633136,43.622806,43.623049,
22.041698,32.376076,41.930151,42.042100,42.317660,42.318559,
22.241566,32.125670,42.451314,42.540833,43.151636,43.154740,
22.244582,32.510244,41.847832,42.020015,42.492286,42.493221,
22.067122,32.495591,42.149256,42.441639,42.665262,42.669889,
21.919306,32.450083,42.462206,42.418938,42.126363,42.130708,
22.061988,32.475461,42.766121,42.869379,42.981640,42.988137,
22.064163,32.118948,41.669259,41.666125,41.723668,41.718811,
22.120908,32.265262,42.831406,42.857126,43.023810,43.023916,
21.839536,32.194790,43.110073,43.115037,43.038878,43.034476,
21.841653,32.079151,42.046932,42.519432,43.561161,43.566010,
22.153823,32.339228,41.874683,42.465319,43.198262,43.203659,
22.060120,32.368300,43.072939,43.032330,43.120034,43.120791,
21.784244,32.172456,42.357861,42.619573,42.844424,42.840976,
22.307229,32.391152,41.212972,41.620314,42.146069,42.150002,
22.246571,32.550717,43.293326,43.400452,43.448051,43.447643,
22.212497,32.131373,42.792546,42.963079,42.975139,42.974460,
22.103725,32.532907,41.391581,41.544516,41.697849,41.700421,
22.233403,32.665029,41.929011,42.367566,42.455451,42.456054,
21.878723,32.144329,41.878529,42.462612,43.747973,43.764056,
21.901956,32.240357,41.943519,41.805123,42.184978,42.189993,
21.891401,32.075390,42.942742,42.670559,42.924462,42.912903,
21.780678,32.369801,42.770346,43.108657,43.491906,43.493614,
22.478562,32.957256,43.101964,43.707375,43.962107,43.952668,
22.097134,31.859996,42.267277,42.452159,42.707490,42.706851,
21.782238,31.826374,43.258713,43.288673,43.321050,43.320653,
21.922629,32.215901,42.586760,42.643205,42.753025,42.756852,
22.112689,32.489405,42.760657,42.868219,43.028081,43.029405,
22.161300,32.707334,43.104993,43.110437,43.249138,43.247134,
22.210894,32.480734,42.669012,42.629676,42.587250,42.582328,
21.503000,31.954217,42.375528,42.452530,42.103355,42.104039,
21.390385,32.443157,42.741280,42.639392,42.667550,42.668524,
21.847927,32.540091,42.529423,42.617791,42.781419,42.782920,
22.163840,32.592477,43.089922,43.065673,43.050698,43.038586,
21.494163,31.875210,42.631946,42.632043,42.533648,42.529872,
22.177575,32.574992,42.429738,42.809800,43.327268,43.344139,
22.155177,32.732049,42.250210,42.539662,42.855180,42.856553,
22.138338,32.364607,43.326516,43.398939,43.734035,43.729803,
21.551131,32.160688,42.840761,43.010705,43.148601,43.144794,
21.974977,32.339790,43.014317,43.044651,43.100147,43.101385,
21.724791,32.125027,42.419249,42.577960,42.799306,42.797349,
21.518286,32.460026,42.788425,42.784170,42.880031,42.894273,
21.682818,32.488967,43.632010,43.643459,43.733226,43.731857,
22.188343,32.381970,42.325655,42.291307,42.372501,42.373912,
22.162613,32.673768,42.675911,42.903623,43.186102,43.180398,
22.377786,32.805197,41.649786,42.051790,42.858042,42.868640,
22.094084,32.934879,43.987643,43.991341,43.964142,43.960926,
21.999627,32.250568,42.945778,42.867556,43.153773,43.158570,
21.820434,32.170481,43.333807,43.323315,43.308160,43.307991,
21.727580,32.200835,43.458951,43.421824,43.492450,43.489095,
21.976982,32.383579,43.249667,43.350233,43.404086,43.401375,
22.164433,32.225014,42.203246,42.637167,43.398132,43.397152,
21.698821,32.238017,43.092030,43.186830,43.392531,43.388677,
22.165142,32.687441,42.306844,42.621090,42.963092,42.963979,
22.188920,32.418896,42.185251,42.484761,42.828853,42.838164,
21.277111,32.153450,43.273625,43.346246,43.436291,43.436233,
22.319745,32.732061,42.599208,42.847279,43.352428,43.351003,
21.573765,32.165118,42.556056,42.805423,43.090983,43.092379,
22.120400,32.659420,42.475524,42.653497,42.480933,42.481586,
22.022629,32.041594,41.396549,41.873100,42.528020,42.530190,
21.513554,32.325805,43.150969,43.340413,43.655351,43.653212,
21.845925,32.539318,43.047188,43.121278,43.241391,43.244505,
21.853450,31.878477,43.082614,43.204954,43.450850,43.447876,
21.604728,32.432556,44.262939,44.050623,43.963896,43.961795,
21.953988,32.414595,41.782638,42.110150,42.797976,42.802144,
22.401077,32.136801,43.222671,43.523421,43.097041,43.093225,
22.419870,32.767340,43.487624,43.223390,43.279159,43.349649,
22.584934,32.620348,41.400149,41.597479,41.786712,41.791009,
22.239405,32.555703,42.635160,42.824230,43.216946,43.217610,
22.245047,32.410388,42.125632,42.464436,42.407959,42.402961,
21.743165,32.314032,42.413365,42.639271,42.819889,42.820798,
21.709066,32.061533,42.801365,42.854633,43.025079,43.022541,
21.540699,32.115879,43.615818,43.694939,43.655565,43.655749,
21.776760,32.159878,41.884554,42.035010,42.187681,42.192001,
22.266393,32.350543,41.424966,41.924483,42.445941,42.441408,
21.857905,32.047984,42.935936,43.004029,43.112743,43.110801,
21.739408,32.080469,42.248274,42.450086,43.022806,43.027036,
21.839285,32.055935,42.443720,42.264291,42.109550,42.110793,
21.799180,32.391347,42.037769,42.110718,42.339340,42.338030,
22.204957,32.443194,42.536117,42.655014,42.731693,42.734561,
21.889299,32.196893,41.392579,41.734056,42.241602,42.248894,
21.536171,31.862794,42.793900,42.786986,42.909811,42.907649,
22.127603,32.543544,41.813887,42.204165,42.624995,42.635039,
21.654547,32.354355,42.597614,42.577435,42.664069,42.662026,
21.922395,31.809117,42.057394,42.132398,42.271932,42.274423,
22.284239,32.789632,43.289685,43.436829,43.684477,43.665620,
22.097038,32.545112,42.983080,43.171145,43.079949,43.081128,
21.921850,32.395870,43.077955,43.092003,43.128895,43.129491,
22.102374,31.969627,43.281865,43.539838,43.921205,43.927516,
21.626337,32.034636,43.616893,43.571795,43.540478,43.295394,
22.119174,32.761376,41.804843,42.288806,42.942482,42.952612,
21.442698,32.314715,42.572775,42.700932,42.881732,42.884035,
21.774819,32.068357,42.492461,42.620500,42.735179,42.736366,
21.602986,32.152452,43.165351,43.006450,43.239557,43.243226,
21.947393,32.374844,43.122521,42.864153,42.955149,42.951403,
21.863723,31.930661,43.196061,43.264884,43.304690,43.297758,
21.899450,32.561966,42.772791,42.916151,43.216020,43.211050,
22.202811,32.610834,42.534935,42.541318,42.475349,42.484726,
21.946292,32.387824,43.415267,43.152984,43.159197,43.160179,
22.064217,32.455789,42.447920,42.495924,42.565585,42.560450,
21.858515,32.143199,42.996969,43.015610,43.083579,43.082239,
21.994931,32.464232,43.404663,43.203356,43.285177,43.285963,
22.426401,32.694596,42.047903,42.314134,42.582639,42.581779,
21.953208,32.488433,43.563211,43.115456,43.066060,43.065686,
21.765068,32.223049,42.872544,43.091667,43.458600,43.449960,
22.042578,32.380053,42.369544,42.544654,42.607463,42.612125,
21.761432,32.567824,42.424519,42.456924,42.474732,42.472962,
21.385051,32.629431,43.767882,43.687125,43.924668,43.930006,
21.776601,32.092855,42.012354,42.097926,42.474697,42.477214,
21.701078,32.553259,41.701922,41.783403,41.940747,41.944663,
22.035699,32.667736,43.333324,43.481451,43.711988,43.718187,
21.978187,32.698534,42.960721,43.073527,43.101587,43.124198,
21.760858,32.230756,42.506131,42.779170,42.834796,42.834796,
21.581891,31.815389,42.660080,42.724445,42.799758,42.803124,
21.658748,31.921108,42.779420,42.936454,43.307032,43.306467,
21.879446,32.243705,42.440090,42.909181,42.605433,42.604761,
21.903559,32.331084,42.145324,42.154403,42.150250,42.174270,
21.742377,32.526853,43.087078,43.125971,43.179015,43.181865,
21.823850,31.909083,42.607967,42.610322,42.641873,42.645360,
21.669103,32.194131,42.693846,42.880427,42.633746,42.635680,
21.317613,32.164541,42.567572,42.557635,42.525981,42.527348,
21.975532,32.277513,42.311621,42.193955,42.157683,42.153613,
21.752443,32.667833,42.470099,42.510216,42.676790,42.677913,
21.868538,32.407521,42.936921,42.550138,42.299880,42.300998,
21.628666,31.907062,42.679219,42.981025,43.188614,43.189273,
21.953642,32.179616,41.832604,42.204504,42.331015,42.330745,
21.631840,32.237025,42.601114,43.088044,43.139918,43.135087,
21.878328,32.373108,44.147396,44.129627,44.287058,44.282111,
21.588790,32.565299,42.821214,42.895518,43.127893,43.126539,
21.252096,32.150629,42.634979,42.947830,43.529698,43.518545,
21.413782,32.233140,42.774874,43.180453,43.732448,43.742854,
21.986714,32.291790,41.668717,41.899506,42.182974,42.181406,
21.979353,32.553115,43.160329,43.248790,43.407564,43.401216,
21.756998,32.372882,43.246188,43.439403,43.322649,43.322253,
22.080220,32.059809,42.699055,42.851990,43.046710,43.052507,
21.747633,32.110106,43.195883,42.991573,42.611680,42.611776,
21.740299,32.310593,42.021075,42.201812,42.541365,42.539615,
21.509130,32.048296,41.690287,41.768142,41.682050,41.683991,
22.159474,32.308779,41.809658,42.256009,42.817002,42.820079,
22.112784,32.715904,42.692621,42.808089,43.127595,43.128732,
21.896493,32.820825,42.447018,42.667855,42.855892,42.861898,
21.925995,32.112504,43.581162,43.649561,43.818153,43.819169,
22.164358,31.975011,42.401873,42.405448,42.451453,42.448904,
21.680012,32.239002,42.230819,42.411000,42.646511,42.644137,
21.851402,32.302154,43.255268,43.451404,43.619546,43.604592,
21.732617,32.523464,43.136308,43.026798,42.891529,42.897225,
22.188121,32.430702,42.954745,42.956879,43.025357,43.023506,
20.841884,31.249430,41.527700,41.851866,42.361922,42.357612,
21.435400,31.979141,42.954498,43.098385,43.284994,43.285780,
21.715498,32.603581,43.427565,43.457081,43.506135,43.510214,
21.414537,32.132687,42.097403,42.491584,42.550873,42.552628,
21.773576,32.284641,42.397202,42.477528,42.486629,42.491912,
21.614849,32.074966,43.376288,43.778720,43.721600,43.719800,
21.687386,31.722352,42.563100,42.688471,42.803375,42.808806,
21.755123,32.301549,43.195910,43.238029,43.362034,43.365521,
21.848713,32.191884,43.367395,43.447264,43.523406,43.519078,
21.935745,32.378077,42.835049,42.916499,43.024180,43.027460,
21.749080,32.146128,42.096143,42.692290,43.562238,43.570805,
22.218289,32.590608,43.187900,43.081275,43.143055,43.140936,
22.073638,32.705616,42.199276,42.573513,43.068596,43.072444,
21.448012,32.016490,41.236801,41.997207,42.958350,42.956007,
21.811757,32.302246,42.901258,42.956502,43.035139,43.032171,
21.785646,32.416063,42.886391,42.959587,42.848396,42.841648,
22.073427,32.569343,42.691825,42.718749,42.798277,42.796671,
21.732207,32.219005,42.177260,42.396447,42.633758,42.645857,
21.786061,32.407987,43.210084,43.439373,43.220084,43.218812,
22.155378,32.707529,42.574801,42.939914,43.499066,43.501485,
22.528874,32.600667,42.951260,43.556631,43.604895,43.604895,
22.253643,32.458161,43.177015,43.318234,43.567883,43.472809,
22.009190,32.416253,41.243077,41.583160,42.369055,42.375289,
22.299117,32.886368,43.629563,43.190894,43.235017,43.234739,
21.713796,32.290969,42.050892,42.196216,42.394194,42.396390,
21.713885,32.291801,42.676839,42.943351,43.245228,43.241335,
22.211971,32.737466,42.750194,42.807007,43.066060,43.068623,
21.845580,32.198160,42.760271,42.560723,42.959522,42.980671,
21.876291,32.430464,41.862192,42.238424,42.184227,42.184837,
21.749275,32.608604,42.509652,42.548337,42.601642,42.601594,
21.760162,32.320965,42.384132,42.877346,43.558858,43.567119,
21.762977,31.877890,42.084160,42.343282,42.582495,42.581922,
22.171770,32.652007,42.573192,42.859518,43.380562,43.367323,
22.632040,32.836387,43.419811,43.274073,43.632391,43.635615,
22.387667,32.306167,41.698219,41.570978,41.892197,41.885073,
22.252615,33.005013,43.152711,43.094555,42.971847,42.970541,
22.016541,32.559516,42.586939,42.682700,42.801114,42.812027,
22.109882,32.592804,43.205340,43.063151,43.350689,43.366909,
22.173081,32.520592,42.337929,42.437526,42.519362,42.519174,
22.199958,32.553878,43.053239,43.043828,43.024854,43.027817,
22.305479,32.514287,43.009703,43.144196,43.455402,43.467390,
22.218974,32.305633,43.173429,42.749276,42.234443,42.235061,
21.972362,32.163639,41.768162,42.218646,42.807183,42.806580,
21.753602,31.817730,43.669529,43.629837,43.630141,43.628196,
21.696988,32.219815,41.834524,41.838224,42.406113,42.410609,
22.157145,32.228912,41.896936,42.111982,42.506941,42.506002,
21.686447,31.869392,40.944439,41.288788,41.553061,41.553852,
21.864596,32.019972,42.480327,42.785697,43.364492,43.355352,
21.961673,32.175758,42.849412,42.999676,43.227752,43.227309,
22.039704,32.111402,42.349932,42.422194,42.415846,42.415295,
22.685591,32.768586,42.312462,42.302599,42.368658,42.559666,
21.935824,32.478599,43.026891,43.123617,43.319875,43.321290,
21.896264,32.292542,41.444804,41.642952,42.430649,42.433417,
21.972035,31.744214,42.345452,42.181961,42.119778,42.119778,
22.158111,32.260537,40.925825,41.108301,41.564097,41.560849,
21.755109,31.754244,42.624091,43.576671,43.680278,43.696112,
21.487351,32.051047,42.561828,42.349083,42.139023,42.139800,
21.936036,32.308735,41.526417,41.585124,41.608724,41.608037,
21.607312,32.145204,42.188750,42.108276,42.047554,42.047639,
21.881339,32.776130,42.650573,42.723766,42.810982,42.805901,
21.664721,32.075788,42.111371,42.267999,42.530698,42.526169,
22.204922,32.465854,43.152425,43.164314,43.397873,43.399141,
22.230201,32.337584,40.890841,41.229957,41.733192,41.743771,
22.332436,32.149467,41.586671,41.816149,42.070130,42.067712,
22.128571,32.630981,43.300152,43.337556,43.441367,43.441541,
22.476172,31.991263,42.194348,42.271821,42.980933,42.984547,
22.115753,32.362330,42.816196,43.332600,43.509755,43.505737,
22.146825,32.549091,42.714131,42.901605,43.223958,43.222961,
22.084019,32.027669,42.229872,42.530414,42.475082,42.470750,
21.529243,31.584584,42.443905,42.187300,41.849849,41.845937,
21.981275,32.083476,41.932536,42.411597,42.235711,42.237828,
22.132966,32.704248,43.144944,43.249653,43.413373,43.417191,
21.971069,32.468664,42.196948,42.461567,42.761739,42.767118,
22.244316,31.738550,42.693956,42.854786,43.059858,43.059165,
21.972453,32.302186,43.134071,43.218508,43.354140,43.369169,
21.748706,31.981699,42.886826,42.640179,42.328019,42.340921,
22.362912,32.114707,42.899125,43.169751,43.516250,43.518678,
21.976363,32.273229,41.587516,41.824855,42.368635,42.366862,
22.202814,32.602741,42.612569,42.604641,42.632719,42.625960,
22.323817,32.888075,42.187681,42.193180,42.187812,42.186548,
21.621343,32.604571,41.868965,41.998366,42.013674,42.011035,
21.863389,32.334639,43.046418,43.190083,43.218301,43.216034,
22.254972,32.454621,41.369607,41.369571,41.765470,41.774938,
21.830631,32.256038,42.306239,42.324923,42.783570,42.783270,
22.214508,32.391556,43.304704,43.475126,43.719257,43.711570,
22.138323,32.438565,42.792697,42.777534,42.824141,42.823839,
21.935778,32.116758,41.975526,42.235193,42.534605,42.522058,
22.670755,32.192111,42.265667,42.301558,42.517009,42.516397,
22.407824,32.344172,42.628952,42.722841,42.971442,42.971912,
22.183350,32.092050,42.484305,42.482485,42.444981,42.446277,
21.930565,32.578069,42.996772,43.046125,43.135576,43.137149,
22.382306,32.590250,42.479277,42.654007,42.881361,42.882333,
22.220010,32.462114,42.818767,43.102919,43.345278,43.346246,
22.137720,31.850666,41.910232,42.022376,42.241591,42.244594,
22.165030,32.640091,41.717000,41.739756,41.834966,41.838707,
21.730402,32.100660,43.378252,43.522428,43.551225,43.547227,
22.156987,31.948824,42.910417,42.988478,43.063485,43.077379,
21.826185,32.379785,42.644452,42.788826,43.004502,43.013565,
21.679190,32.069340,42.383733,42.581719,42.814684,42.812266,
21.949063,32.455239,42.611608,42.716581,42.883126,42.860459,
22.138530,32.631596,42.734425,42.986329,43.237390,43.239557,
21.872749,32.138435,42.441420,42.307976,42.501101,42.503774,
21.872856,32.398421,41.948067,42.222019,42.665992,42.671741,
21.767875,32.483485,42.726185,43.134233,43.106663,43.093803,
21.943506,32.088781,43.350305,43.366465,43.410338,43.411551,
22.202940,32.144879,42.281960,42.277639,42.291731,42.280355,
22.434822,32.808711,42.810353,42.953315,43.110949,43.112244,
22.087002,31.901023,42.593794,42.617610,42.780182,42.782632,
21.830053,32.072004,42.904819,42.928960,42.883318,42.885008,
21.787477,32.167567,42.533932,42.606862,42.816750,42.815944,
21.850617,32.326228,43.073153,43.180727,43.244282,43.231896,
21.938668,32.008733,42.193027,42.369840,42.222293,42.223612,
22.267846,32.699789,42.282394,42.628662,42.959132,42.960538,
22.375007,32.597799,42.162178,42.346119,42.731347,42.730704,
21.889415,32.554311,42.337466,42.435252,42.506190,42.507974,
21.874964,32.668845,41.792114,41.821396,41.857218,41.865957,
22.248866,32.731809,42.219470,42.291095,42.361922,42.362740,
21.866722,32.318138,43.000622,43.005042,43.082266,43.075305,
21.533086,32.086703,43.512521,43.538752,43.709325,43.704251,
22.040768,32.631422,43.139524,43.124401,43.488344,43.488521,
21.585996,31.867043,42.805712,42.828600,43.275179,43.281346,
21.777182,32.580978,42.345328,42.378011,42.866306,42.888952,
21.927546,32.336758,42.133335,42.193354,42.313113,42.311856,
21.856578,32.307408,42.295407,42.546347,42.612978,42.608171,
22.022586,32.352315,42.041605,42.430660,42.966339,42.970880,
21.902418,32.172571,43.019530,42.923881,43.270504,43.270336,
22.022383,32.391130,42.824583,42.882640,43.005029,43.010402,
22.125642,32.578750,43.598221,43.683785,43.860334,43.868932,
21.754316,32.390513,43.026097,43.231078,43.494262,43.491788,
21.630570,32.528996,42.260431,42.520303,42.923752,42.938294,
21.303050,31.814126,42.859670,42.748792,43.120250,43.103794,
21.568453,32.261158,42.487715,42.865720,43.283998,43.282146,
21.743993,32.187376,43.085992,42.986525,43.548480,43.553972,
21.890592,32.456986,43.338451,43.402240,43.344310,43.344651,
21.561772,32.248972,43.578818,43.652066,43.785205,43.790122,
21.579547,32.272391,42.666661,42.582316,42.646548,42.645385,
21.914645,32.223222,43.125348,43.393913,43.710734,43.709681,
21.796036,32.437140,43.583988,43.568137,43.656834,43.651455,
21.787013,32.174485,42.936299,42.949532,42.968074,42.966821,
21.094171,31.781446,42.114211,42.323270,42.565204,42.567917,
22.192983,32.616799,42.867288,42.900102,43.041478,43.039939,
21.885603,32.523136,42.164358,42.386392,42.609565,42.608459,
22.285114,32.514636,43.096907,43.135304,43.199294,43.205078,
22.091940,32.536238,42.892247,43.029868,43.141248,43.092688,
21.392062,32.178115,43.612078,43.730332,43.933916,43.939396,
21.717771,32.132376,43.623171,43.852409,43.969331,43.963092,
===========END============
25.399346,35.352752,47.800220,47.814376,47.837219,47.837379,
25.863116,36.595647,47.339748,47.311951,47.219145,47.218450,
25.902873,36.683607,47.479182,47.518144,47.600470,47.600470,
25.924825,36.433318,47.066720,47.135939,47.260914,47.261335,
26.409060,35.943866,46.900544,46.914507,46.802141,46.798609,
25.789428,35.253383,46.490444,46.490415,46.542048,46.544426,
26.071959,36.790474,46.185836,46.175556,46.194825,46.195044,
25.996957,36.419629,46.736140,46.715773,46.731885,46.731885,
26.643671,36.734018,45.582288,45.630872,45.669493,45.669493,
25.703995,35.947319,47.109886,47.200086,47.213383,47.213383,
26.169392,36.494633,46.232597,46.251983,46.266795,46.267464,
26.306175,36.331429,46.016869,46.006770,45.964733,45.966190,
26.088740,36.202897,45.706131,45.672727,45.622232,45.622328,
26.093578,35.883436,46.550168,46.524877,46.465731,46.466082,
25.856523,36.344834,46.756915,46.765416,46.742328,46.742203,
26.646067,36.691122,45.376367,45.453199,45.453477,45.453754,
25.532044,36.055620,47.741740,47.803596,48.016441,48.012437,
26.343792,36.908128,46.351793,46.514767,46.720105,46.720724,
26.179602,35.865129,48.308268,48.362153,48.440941,48.441678,
26.126146,36.467942,47.158106,47.175537,47.210055,47.210055,
25.653737,35.892446,47.001591,47.190760,47.430199,47.430053,
26.338585,36.463638,46.717412,46.742110,46.740741,46.741363,
26.575965,36.738564,46.596619,46.628633,46.656733,46.656611,
26.481510,36.720829,47.659640,47.841906,47.966490,47.963851,
26.229495,36.012350,46.837111,46.826692,46.890100,46.888426,
26.301171,35.622432,47.738021,47.682647,47.624155,47.623545,
25.864978,36.675271,47.481874,47.499323,47.600659,47.600659,
26.289135,36.199345,47.237032,47.242196,47.242894,47.242335,
25.714415,36.009923,47.529543,47.609959,47.767512,47.763416,
26.114955,36.252694,46.156508,46.116559,45.990906,45.990697,
26.852217,36.911536,47.084258,47.094235,47.103152,47.102341,
26.149002,36.326520,48.100578,48.106198,48.025672,48.025672,
25.781216,36.067014,47.809042,47.829618,47.859136,47.859136,
26.071665,36.521966,47.880153,47.839422,47.859176,47.859176,
25.966666,36.579372,46.131375,46.139926,46.127808,46.128024,
26.012201,36.553042,46.673944,46.881223,47.013002,47.014857,
26.271139,35.572377,45.716979,45.720715,45.713245,45.714817,
25.393563,35.806876,45.887582,46.357428,47.380249,47.377943,
25.437822,35.707827,47.389485,47.389051,47.416585,47.416585,
26.111241,36.824554,47.648393,47.647626,47.654224,47.653610,
26.128184,37.032869,47.816328,47.835337,47.865217,47.865861,
25.556175,36.484259,45.195191,45.318142,45.454124,45.453754,
26.190327,36.607197,47.758419,47.683613,47.696579,47.700612,
26.390698,36.210258,48.235339,48.234461,48.258571,48.259630,
26.159726,35.823863,43.894990,43.876485,43.845520,43.845392,
25.547276,35.467192,46.923517,46.953892,47.133725,47.133725,
25.797868,36.351677,46.389843,46.425567,46.528253,46.528608,
26.427799,36.661926,46.098277,46.124001,46.149552,46.149552,
25.951462,36.024198,47.921800,47.939965,47.962820,47.967274,
25.719402,35.833987,46.384538,46.430314,46.502147,46.501676,
25.820301,36.330107,47.300223,47.354090,47.465561,47.463797,
25.864552,36.412422,47.082743,46.901738,46.720786,46.728720,
26.668880,36.630664,46.772084,46.826755,46.864741,46.862565,
26.232618,36.697228,46.896802,46.954971,47.065245,47.063100,
25.794961,36.133811,47.643335,47.632474,47.671764,47.671764,
25.516040,36.082848,47.527194,47.595733,47.703562,47.703562,
25.747095,36.571572,46.871275,46.864005,46.857865,46.857865,
26.258475,35.734239,46.302670,46.304132,46.308185,46.308635,
26.811664,36.469453,47.526262,47.514202,47.435087,47.437424,
25.578761,36.349806,46.342645,46.345029,46.328025,46.327572,
26.782565,36.475544,46.988695,46.160316,45.879488,45.877652,
26.146968,36.251927,47.197804,47.160778,47.127872,47.127464,
24.946312,35.722976,46.505887,46.481673,46.405220,46.405105,
26.024668,35.367116,47.007276,47.170520,47.499582,47.499582,
25.197057,35.987065,47.799783,47.853465,47.845635,47.842427,
26.408283,36.596839,46.702062,46.734617,46.773306,46.771301,
26.084005,36.535109,44.681262,45.340279,45.667184,45.666796,
25.165983,36.019674,47.032619,47.025041,47.008864,47.008864,
25.755053,35.932138,46.080740,46.552074,47.091233,47.090828,
25.559197,35.844003,47.778914,47.888329,48.095094,48.095774,
25.726098,35.703205,47.956437,47.409141,46.937750,46.938532,
26.127514,36.217272,45.931482,45.895769,45.858950,45.860169,
26.646946,36.044151,46.343979,46.337738,46.339325,46.339779,
26.223161,35.995436,45.390088,45.474318,45.509784,45.510440,
26.603366,36.336184,46.556215,46.602943,46.642052,46.643268,
26.491752,36.539303,46.812880,46.878397,46.997398,46.998718,
25.835889,36.152415,47.193107,47.226791,47.311241,47.311667,
25.901386,35.420251,46.340318,46.315427,46.389269,46.389843,
25.541038,35.644674,46.524877,46.521090,46.586520,46.578842,
25.279373,35.985290,46.908619,46.956474,47.026868,47.027399,
25.658642,35.421968,45.899739,45.913602,45.948503,45.945601,
26.338070,36.792825,47.061693,46.974819,46.744039,46.744039,
26.014042,35.676014,46.661403,46.625996,46.668618,46.668740,
26.027459,35.850224,45.037276,45.049923,45.069186,45.068847,
26.140804,36.366919,46.537089,46.486922,46.449993,46.449877,
26.155449,35.518738,46.528282,46.584449,46.769578,46.769077,
26.394832,36.394284,47.480767,47.483129,47.464568,47.464421,
26.297396,36.448812,47.948625,47.944354,47.930914,47.933533,
26.063544,36.275279,46.548233,46.632484,46.751455,46.751704,
25.916588,36.049915,45.992503,46.404961,46.656733,46.658686,
25.754903,36.199367,46.646372,46.701600,46.834059,46.835076,
25.495576,35.916215,47.337785,47.406167,47.554870,47.554870,
26.428660,36.285726,46.474850,46.434776,46.409685,46.408994,
26.478270,36.917409,47.880678,47.846117,47.842908,47.844352,
25.758406,35.826813,44.440345,44.755537,45.086557,45.086983,
25.715917,35.892748,47.643603,47.649428,47.670800,47.670800,
25.485583,35.712185,46.895544,46.930628,46.974918,46.974918,
25.812253,35.903203,46.635246,46.736606,46.926016,46.925497,
25.412013,35.250657,47.335144,47.211927,47.062396,47.061727,
26.022019,36.806159,47.520228,47.560614,47.637022,47.637022,
25.460380,35.878932,47.680985,47.709351,47.539028,47.542020,
25.469608,35.614668,46.337567,47.347825,48.012979,48.014480,
26.117425,36.173268,46.730488,46.703882,46.656031,46.655177,
26.561819,36.476053,46.784509,46.735705,46.594603,46.592920,
26.215798,36.199136,47.567758,47.600545,47.680136,47.678591,
25.879253,35.822750,46.198475,46.249843,46.420276,46.418428,
25.529070,36.049687,47.247051,47.166985,47.085672,47.077866,
25.681661,35.560903,45.569633,46.029024,46.581630,46.581870,
25.758598,35.963331,45.592258,46.019661,46.473622,46.475143,
26.733925,36.824116,46.357798,46.332694,46.305370,46.304357,
26.010305,36.522214,47.225331,47.231595,47.248624,47.249464,
25.708861,35.454520,46.274667,46.285633,46.252928,46.224221,
25.823265,35.629523,46.591537,46.571865,46.586010,46.585530,
25.518177,36.453314,46.987444,46.994067,46.967243,46.961479,
25.541172,35.664566,47.609161,47.855676,48.151846,48.151502,
25.665294,36.484039,46.364240,46.426030,46.513940,46.514176,
25.675119,35.928367,47.100921,47.123148,47.081498,47.078808,
25.816348,35.925089,45.876453,45.964733,46.164264,46.162521,
25.796104,35.778557,47.239962,47.536412,47.901475,47.900825,
25.593554,35.907964,47.599901,47.665139,47.726686,47.727311,
25.359745,35.742475,46.131023,46.224470,46.356602,46.356602,
26.181092,36.289187,47.401348,47.410193,47.417603,47.418185,
25.331930,35.750255,45.513816,45.526874,45.567614,45.567614,
26.247146,36.577901,47.591379,47.643220,47.686628,47.686628,
25.645452,36.146752,48.523623,48.322393,48.113317,48.113317,
25.779033,35.985695,45.988368,46.010396,46.076200,46.076840,
25.349413,35.571070,46.448626,46.454097,46.465177,46.464710,
25.061917,36.056561,47.462327,47.324528,47.170314,47.170314,
25.738029,35.815846,45.281688,45.463178,45.780422,45.778826,
25.427877,35.814110,46.452642,45.986407,45.660994,45.660606,
25.517605,36.629006,48.107433,47.525144,46.467892,46.466140,
25.926543,36.570172,46.037508,46.105768,46.209993,46.210874,
25.757916,35.580635,45.134750,45.129166,45.125819,45.126162,
25.776614,36.245478,45.932128,45.965306,46.049589,46.050013,
25.590145,36.128321,48.024961,48.084739,48.156886,48.157403,
25.629615,36.462503,47.328266,47.389665,47.526598,47.525703,
24.594469,34.721862,46.712897,46.748151,46.795268,46.787589,
25.345824,35.969234,46.443075,46.592829,46.442843,46.450750,
25.961508,36.555530,46.701785,46.781148,46.915705,46.916224,
26.155002,35.539143,45.363232,45.374390,45.397434,45.397799,
25.674897,36.876224,47.029726,47.006516,46.987773,46.987773,
26.006641,36.354297,45.208898,45.587175,46.015553,46.015553,
25.575988,36.015529,46.743822,46.719981,46.729278,46.729278,
25.980792,36.641404,47.542693,47.551795,47.567570,47.567269,
25.130961,35.500995,46.352134,46.222813,45.994257,45.993210,
25.944315,36.406283,47.410230,47.302701,47.268706,47.269268,
26.469694,36.466765,47.505143,47.522239,47.523281,47.529245,
25.524100,35.646533,47.438958,47.500620,47.593650,47.593045,
25.863607,35.995072,47.972475,47.763613,47.707447,47.707291,
26.485975,36.522723,47.537645,47.516954,47.493067,47.502547,
25.401236,35.575618,44.287270,45.272516,44.936518,45.286203,
25.863925,36.971324,44.089827,44.359941,44.941612,44.941530,
25.859636,35.770952,45.268924,45.279310,45.253260,45.251847,
26.124014,36.037828,45.625792,45.652923,45.675063,45.673700,
24.373890,35.091883,47.019432,46.999082,46.997365,46.997761,
25.729728,36.591269,47.868361,47.944026,48.070942,48.072802,
25.643326,36.421195,47.229889,47.251807,47.266809,47.266950,
24.908259,35.465990,45.045268,45.080441,45.098817,45.111367,
25.455792,35.547529,46.816899,47.202922,47.310957,47.310957,
25.194374,35.998209,46.567260,46.709808,46.879874,46.881802,
25.763568,35.947117,46.326582,46.371034,46.350741,46.351423,
25.659638,35.918968,48.220794,48.206297,48.152922,48.152922,
25.990306,35.965810,47.827141,47.224739,47.830657,47.830657,
25.914233,36.619303,47.665101,47.641153,47.615358,47.615358,
25.731076,35.724591,45.654643,45.660072,45.707871,45.707577,
26.015069,35.790735,46.655330,46.972227,47.401710,47.401855,
25.988732,36.704878,47.559149,47.513310,47.466443,47.468061,
25.718872,35.885380,47.064675,47.151058,47.243802,47.243802,
25.741077,36.121058,46.530386,46.615859,46.722582,46.720972,
25.562353,36.059384,45.762605,45.785212,45.827857,45.827857,
26.059339,35.965472,47.175125,47.171722,47.220325,47.224218,
25.353234,36.083442,46.859814,46.904709,46.879200,46.879200,
25.671273,35.372154,46.769547,46.900511,47.301886,47.301886,
26.736666,36.676616,46.761007,46.789854,46.837556,46.839338,
26.469023,35.972013,45.989362,46.053358,46.101846,46.101846,
26.343429,35.917290,46.621969,46.619185,46.669077,46.668709,
25.872456,36.107301,46.179764,46.201688,46.182279,46.185891,
26.369180,35.952305,46.560272,47.302205,47.468907,47.467730,
25.406740,35.729635,46.604842,46.634002,46.757633,46.758133,
25.574326,36.273804,46.314102,46.819591,47.426883,47.427028,
26.020370,36.072213,47.862034,47.918331,48.065326,48.066001,
26.485808,37.239348,46.672290,46.694023,46.685415,46.686152,
26.182392,36.073088,47.130287,47.174609,47.198046,47.205933,
25.902357,36.323789,47.726179,47.729771,47.754214,47.754214,
25.723032,36.253395,46.480794,46.564690,46.631271,46.630058,
25.557753,35.600068,46.897769,46.839210,46.753388,46.753264,
26.068605,36.695765,47.865620,47.893437,47.941401,47.942713,
26.326475,36.591645,47.110699,47.224670,47.336108,47.335965,
26.265923,35.748824,46.058565,46.066228,46.145537,46.145754,
26.317994,36.303615,47.115817,47.204722,47.262002,47.225678,
26.215452,36.288152,47.579477,47.542357,47.556596,47.556596,
26.171112,36.873564,46.349376,46.316640,46.290202,46.288183,
26.350516,36.571910,47.481689,47.567533,47.606844,47.609123,
26.219997,36.590734,46.294326,46.333912,46.582200,46.582919,
26.374503,36.417798,46.769954,46.801888,46.504650,46.505593,
26.396341,36.429474,47.128178,47.189829,47.257410,47.257410,
25.790611,36.529817,46.838606,46.829516,46.819622,46.819495,
26.004817,35.744861,47.127090,47.052526,47.461262,47.459500,
25.641134,36.170375,47.126138,47.061325,46.941626,46.941104,
25.518432,35.794620,46.080045,46.095568,46.101148,46.100719,
25.926457,36.741780,45.853444,45.762605,45.677521,45.675963,
25.530669,35.774815,46.274388,46.269361,46.303429,46.303429,
26.072818,36.057874,46.204079,46.445777,46.451012,46.451477,
26.016194,36.523424,46.712403,46.722303,46.751891,46.757633,
26.409451,36.555226,46.889585,46.938922,47.011148,47.011678,
26.210037,35.923043,46.437038,46.003566,45.233517,45.233781,
25.596933,35.855064,46.201084,46.267743,46.348495,46.348495,
26.203256,36.184309,46.490297,46.475172,46.474470,46.474470,
26.270687,36.277381,47.459867,47.511861,47.607717,47.596793,
25.288055,35.351946,45.510370,45.926631,46.379612,46.380070,
25.363838,35.953960,46.767450,46.751455,46.759945,46.759945,
25.988845,36.579217,45.979301,45.992896,46.011475,46.011159,
25.733390,36.336451,47.784211,47.843790,47.973054,47.973054,
25.806320,36.414859,44.734732,45.149604,45.641051,45.262058,
26.143989,36.079038,46.350656,46.346450,46.381130,46.380786,
26.230003,36.483232,45.137351,45.564054,46.481468,46.482406,
26.732134,36.762254,45.525839,45.628608,45.748522,45.748126,
26.966088,36.666437,47.692240,47.642034,47.623545,47.625223,
26.205044,36.389479,46.919950,47.044245,47.157524,47.156155,
26.135686,36.523229,46.138572,46.290005,46.582380,46.581900,
26.214065,36.850719,46.717876,46.742203,46.794796,46.795804,
26.120207,36.474069,45.498366,45.502293,45.496123,45.496123,
25.783942,35.846450,45.475805,45.607495,45.753996,45.754393,
25.594021,36.403047,47.134202,47.087323,47.047215,47.045747,
26.113745,36.414842,46.236639,46.217708,46.172935,46.170752,
26.448267,36.657764,45.301986,45.213031,45.099946,45.077407,
26.301307,36.227022,47.706941,47.709857,47.726843,47.728092,
26.327778,36.329391,46.729961,46.785672,46.907681,46.905484,
25.635635,36.131464,47.116529,47.143884,47.169353,47.167568,
25.986997,35.971706,45.785212,45.786510,45.801318,45.801819,
25.923213,35.870426,46.314074,46.354069,46.401910,46.402256,
25.914951,35.855041,45.353254,45.364206,45.379912,45.379367,
26.475801,36.373617,46.107059,46.126133,46.161813,46.161813,
25.498311,35.812502,47.631710,47.739822,47.888774,47.888450,
25.827990,35.658603,46.337397,46.793820,47.254327,47.252227,
26.062135,36.181658,45.785262,45.763449,45.727238,45.727336,
26.312615,36.152580,46.455699,46.597131,46.529052,46.529052,
25.990298,35.799441,46.536970,46.593130,46.623785,46.624270,
26.072583,35.770884,47.542843,47.578911,47.632207,47.627321,
26.003587,35.906693,47.086582,47.080388,47.103862,47.103592,
26.166087,35.625551,47.306916,47.352371,47.490183,47.490627,
26.992055,36.571677,45.703435,45.704513,45.696190,45.695799,
26.977729,36.958891,47.320189,47.157490,46.985765,46.983528,
26.410060,36.606238,46.154442,46.150774,46.154143,46.154251,
26.175685,35.271157,46.666324,46.793788,47.073532,47.073397,
26.463938,36.861218,47.217686,47.258391,47.247331,47.250268,
26.200079,36.142275,46.391766,46.906421,47.491107,47.491847,
26.036897,36.177859,45.849591,45.782916,45.559905,45.559526,
26.198011,37.214688,46.831771,46.822125,46.821618,46.822379,
26.045445,35.651819,46.552848,46.531305,46.479915,46.508953,
26.074888,36.495800,47.158038,47.132908,47.096834,47.097104,
26.405494,36.305635,47.233267,47.214910,47.197182,47.192762,
26.372212,36.001322,46.477660,46.510693,46.516125,46.517898,
25.769405,35.843836,45.832977,45.828134,45.867133,45.867133,
26.329763,35.852135,45.766008,45.335550,45.663154,45.664319,
25.779467,36.702451,46.994132,46.916224,46.846567,46.846567,
25.644381,35.848208,47.582912,47.607452,47.696308,47.695378,
25.884923,36.239124,47.854832,47.855154,47.859981,47.847120,
26.371938,35.995536,48.103770,48.108882,48.099685,48.099515,
26.662155,36.011414,47.096732,47.093897,47.100651,47.100110,
26.504289,36.524031,47.046881,47.207388,47.431585,47.431001,
26.148886,36.333782,47.821392,47.675928,47.759599,47.759599,
25.711161,35.987484,46.309903,47.258250,47.342320,47.342463,
25.914716,35.802212,46.668281,46.520440,46.274443,46.274332,
25.353801,36.010081,44.172911,44.181668,44.186917,44.187124,
26.311492,37.001555,48.094159,48.082620,48.053569,48.052727,
26.498325,36.455224,46.765103,46.765228,46.763477,46.766479,
26.454381,36.144878,47.447331,47.377763,47.611289,47.614939,
26.014736,36.152423,47.643297,47.670954,47.647894,47.647894,
26.454627,36.033843,46.982870,46.943320,46.903223,46.903223,
26.053838,36.203763,45.253989,45.249838,45.032235,45.032655,
25.976848,35.800686,47.514537,47.537795,47.730201,47.716160,
25.522450,36.359416,47.431366,47.463466,47.535478,47.535478,
25.797536,35.958096,45.739398,45.741276,45.732192,45.737719,
25.680989,36.261376,47.936892,47.939842,47.723448,47.723448,
25.344296,35.730113,48.690598,48.719349,48.755408,48.754616,
26.238525,36.106258,45.618579,45.635042,45.696141,45.695065,
25.746801,36.322803,46.024749,46.053862,46.077187,46.076974,
26.034760,36.808970,46.706597,46.735332,46.863973,46.863845,
25.862637,36.201501,46.852850,46.870890,46.907972,46.907972,
26.111829,36.124789,46.263979,46.431646,46.628875,46.631544,
26.189693,36.010864,47.566065,47.632932,47.770941,47.770310,
26.004358,36.335731,45.596821,45.614185,45.642500,45.642113,
25.600133,36.119248,45.448253,45.873166,46.430227,46.427795,
25.543535,35.984412,47.565689,47.610453,47.663216,47.662908,
26.092424,36.495645,48.597403,48.636694,48.664894,48.661214,
25.807818,35.835552,46.168352,46.533706,46.927704,46.927704,
25.774455,35.927245,46.972194,46.983791,47.023978,47.030358,
25.181553,35.552912,47.404173,47.419566,47.309822,47.309822,
25.536504,36.223964,47.301143,47.326272,47.416912,47.417494,
25.574434,36.506332,45.465751,45.606512,45.504797,45.504797,
25.265470,35.743416,48.063892,48.270013,48.512523,48.512523,
25.843463,35.806256,44.813746,45.167301,45.594814,45.595387,
25.080856,34.744879,45.317066,45.779175,46.407524,46.405681,
26.055511,36.949151,47.242300,47.260494,47.329049,47.329192,
25.622866,36.888790,47.082979,47.082979,47.020958,47.020958,
26.334959,36.200457,45.058889,45.057284,45.129230,45.141439,
25.995510,36.429390,47.153007,47.244990,47.842708,47.855717,
25.218912,35.755580,47.966243,48.146812,48.377996,48.377996,
25.304956,35.819289,46.392828,46.497321,46.851478,46.850585,
===========END============
29.157792,39.904710,52.189470,52.195582,52.209147,52.209147,
29.852337,40.281311,51.284119,51.285536,51.286245,51.286245,
30.036445,40.508823,52.904073,52.824571,52.650840,52.650840,
30.011065,39.910334,52.639453,52.665663,52.717578,52.725469,
29.971945,39.993597,49.164524,49.167787,49.166916,49.166916,
31.023679,40.179790,50.106965,50.106965,50.110207,50.110207,
29.754191,40.262478,51.729943,51.709581,51.664114,51.664114,
30.559331,40.363996,52.437584,52.466784,52.488697,52.488697,
30.487656,41.149946,52.222425,52.235634,52.245346,52.245346,
30.868287,40.879589,53.387642,53.385917,53.383045,53.383045,
30.657955,40.865132,51.819062,51.813457,51.806661,51.806661,
30.033663,39.535739,51.769766,51.770558,51.761555,51.761950,
30.360107,40.355164,51.514598,51.513385,51.529189,51.529189,
29.250091,39.565573,48.934868,48.937344,48.956575,48.956575,
30.295650,39.714250,51.282526,51.285005,51.301332,51.301332,
30.539254,42.591220,51.826881,52.249436,52.752081,52.752081,
30.101926,40.977203,51.586529,51.610137,51.671272,51.671272,
30.941695,41.040716,49.348605,49.353370,49.367928,49.367928,
31.180637,41.453496,51.853855,51.828085,51.849818,51.849818,
30.334658,41.064071,53.914807,53.892148,53.852297,53.852297,
30.063683,41.740238,52.514834,52.524248,52.557481,52.555582,
31.691280,41.635937,53.641097,53.450908,53.266463,53.266463,
30.317601,41.337038,51.653304,51.627544,51.566260,51.565882,
30.577606,40.323372,52.076746,52.096773,52.235193,52.235193,
30.309688,40.625932,51.103567,51.099831,51.071746,51.072083,
30.474732,40.544277,50.282660,50.288852,50.297875,50.299004,
30.468863,39.696704,52.711547,52.708104,52.714992,52.716963,
30.109256,39.844613,53.187928,53.223211,53.249862,53.249862,
29.245255,39.460864,54.218927,54.248967,54.345366,54.345366,
30.327016,40.316762,51.675243,51.709484,51.765015,51.765015,
31.005970,41.887524,53.313258,53.318913,53.338764,53.338764,
30.258104,41.093140,51.842562,51.883436,51.895244,51.895244,
29.643806,40.566814,52.879072,52.879072,52.879583,52.879583,
31.012027,39.170094,53.352714,53.357136,53.353854,53.353854,
29.989064,41.069528,53.086448,53.080552,53.084303,53.084303,
31.061322,40.009348,49.697436,49.736508,49.852375,49.786647,
30.679380,41.253193,54.119307,54.153460,54.183049,54.185811,
29.191020,41.079367,53.601662,53.598040,53.587794,53.587794,
29.139920,39.341035,52.127847,52.117965,52.085896,52.085896,
30.061312,40.518292,49.569020,49.570452,49.568304,49.568304,
31.525804,42.631886,51.664888,51.667595,51.670304,51.670304,
31.441533,41.298203,49.095986,49.099625,49.121797,49.121797,
30.981938,41.052126,51.448527,51.461053,51.488810,51.488810,
30.982456,40.494957,52.192743,52.197986,52.216056,52.216056,
31.011021,40.814913,51.292894,51.299998,51.309251,51.309251,
30.170312,40.558324,53.019648,53.030225,53.047733,53.047733,
30.492690,40.106202,53.448284,53.447118,53.452950,53.452950,
30.457188,40.774102,50.280622,51.595652,53.554360,53.554360,
30.295387,40.446095,53.295211,53.297040,53.288041,53.288041,
29.760497,40.388120,51.946200,51.977250,52.031180,52.031180,
30.384779,40.996660,51.479075,51.565505,51.766994,51.766994,
30.403637,40.351155,51.551639,51.550885,51.520111,51.521607,
30.280445,41.196470,52.679072,52.837720,53.170256,53.170256,
30.506841,40.277060,51.764224,51.779977,51.799077,51.799077,
30.352204,40.948724,52.840380,52.851545,52.865287,52.865287,
30.296942,39.415964,52.753696,52.763145,52.771119,52.771119,
29.647170,40.544912,52.670900,52.662986,52.650840,52.650840,
30.777776,40.262646,50.826270,51.200889,52.008105,52.008105,
30.511861,40.050318,52.350690,52.345260,52.313270,52.313270,
30.081700,41.009650,52.188488,52.155464,52.150704,52.150704,
30.594082,40.315366,53.776818,53.779334,53.779334,53.779334,
30.695322,40.551662,52.700981,52.740426,52.844183,52.852307,
29.157337,40.312901,52.882397,52.909091,53.038705,53.038705,
30.488703,40.710377,52.764515,52.740550,52.712285,52.712285,
29.402388,39.835938,49.265870,49.272997,49.276565,49.276565,
30.941887,41.042249,52.557599,52.612077,52.670656,52.670656,
30.931085,41.368208,52.223305,52.217153,52.198314,52.198314,
30.043945,39.721708,49.271882,49.270323,49.257421,49.257421,
30.357707,41.154121,53.206636,53.295211,53.400020,53.400020,
29.501194,39.732145,53.320752,53.343456,53.376589,53.376589,
29.890093,40.407673,51.204713,51.187013,51.162146,51.162146,
30.436700,40.574101,51.770558,51.795988,51.849314,51.849314,
31.535105,40.719325,49.913361,49.904329,49.894802,49.894802,
30.921400,41.370077,49.198464,49.202848,49.209269,49.209269,
31.901188,40.402878,51.791905,51.799875,51.829892,51.829892,
31.501485,40.386651,51.293693,51.286599,51.294048,51.294048,
30.766311,42.293127,53.184360,53.193697,53.122265,53.122265,
30.342571,39.889217,53.840636,53.856618,53.870088,53.867519,
30.245986,39.377245,51.225106,51.222312,51.184762,51.184762,
29.852323,41.362713,54.382437,52.117428,50.629045,50.629045,
29.427917,38.899554,53.585838,53.600907,53.628773,53.628773,
30.837608,40.701959,53.759560,53.755178,53.771476,53.771476,
30.126729,40.876000,53.019120,53.036053,53.076001,53.073861,
29.595718,39.807257,53.043881,53.050791,53.074797,53.074797,
30.162440,41.124206,51.022445,51.019778,51.005138,51.005138,
29.748934,40.139260,53.107148,53.123346,53.154291,53.154291,
30.758922,39.908553,53.447264,53.446098,53.413590,53.413590,
30.802619,42.175444,53.470641,53.479439,53.345875,53.345875,
29.765308,41.350504,53.683508,53.723075,53.713150,53.713150,
29.772264,40.649678,52.714377,52.841268,53.096517,53.096517,
30.847213,40.032220,53.242350,53.251255,53.271918,53.271918,
29.908217,38.756229,52.732508,52.758791,52.726086,52.726086,
31.097672,40.635843,51.423768,51.424133,51.425597,51.425597,
30.180724,40.521872,48.649902,48.646813,48.656860,48.656860,
29.701638,40.503404,49.456775,49.454915,49.438442,49.438442,
29.989988,40.037985,50.331591,50.346978,50.381152,50.381152,
29.550935,40.285474,52.178576,52.180208,52.196019,52.196019,
30.145923,40.043026,52.011872,52.014805,52.017320,52.017320,
29.622225,40.072093,53.471373,53.454847,53.463614,53.463614,
30.388552,40.659996,48.743207,48.742615,48.753331,48.753331,
30.070517,40.436942,49.861236,49.855879,49.848238,49.848238,
30.067346,40.888965,51.565977,51.537723,51.478797,51.478797,
30.143038,41.602803,50.145762,50.153126,50.212841,50.212841,
30.793059,41.362542,53.866877,53.959008,54.078674,54.078674,
30.142726,39.661276,50.108788,50.126659,50.142153,50.142153,
30.444442,41.332102,52.105644,52.110032,52.121185,52.121185,
29.868849,39.690915,48.532777,48.731827,49.157356,49.156488,
30.956892,40.838943,49.186538,49.186757,49.186538,49.186538,
30.534428,41.668320,47.603959,47.609427,47.618098,47.618098,
30.741069,40.387933,51.743997,51.742816,51.738881,51.738881,
30.618869,40.186043,47.923720,47.939268,47.960142,47.960142,
30.761691,40.593937,51.426054,51.436313,51.608419,51.608419,
30.417696,40.060995,53.015557,53.001332,52.982569,52.982569,
30.246875,41.693186,54.328377,54.336953,54.345546,54.345546,
29.283934,40.039255,52.377259,52.370431,52.357714,52.357714,
30.582481,41.077230,52.669803,52.638243,52.589175,52.589175,
29.775609,40.155898,52.509312,52.545625,52.624959,52.624959,
29.869513,39.770145,48.871815,48.875475,48.883007,48.883007,
29.842952,40.771354,52.310802,52.320683,52.322482,52.322482,
29.948376,40.861073,53.025727,53.019384,53.006200,53.006200,
30.068743,39.778970,50.147397,50.147670,50.134603,50.134603,
30.220188,39.898372,52.481225,52.480875,52.477144,52.477144,
29.660244,40.825250,53.977243,53.960811,53.999027,53.999027,
29.966511,39.528227,50.093077,50.084201,50.074539,50.072395,
30.357453,41.157732,51.083567,51.101869,51.219257,51.219257,
29.570186,42.290726,54.150889,54.195668,54.240913,54.240913,
29.143864,40.295300,53.052920,53.055049,53.048132,53.048132,
28.462383,39.184490,53.216297,53.214087,53.189850,53.189850,
30.436954,40.867633,51.800373,51.842461,51.911071,51.911071,
30.737891,39.969227,50.901425,50.896239,50.890089,50.890089,
30.133472,39.871636,50.960527,51.059956,51.370240,51.370240,
30.295530,40.948659,49.474076,49.476469,49.476002,49.476002,
30.161384,41.542908,52.859683,52.891875,52.937763,52.937763,
29.318657,40.147207,51.613670,51.233412,50.879589,50.879589,
29.403119,39.967533,52.475862,52.480991,52.481458,52.481458,
29.451378,39.304878,52.936856,52.939966,52.936856,52.936856,
29.085396,39.088197,52.832785,52.800022,52.755559,52.755559,
29.691427,40.448724,52.367135,52.358508,52.358508,52.358508,
30.014590,41.518204,53.268141,53.260876,53.241377,53.243601,
30.204905,41.145398,52.311250,52.312597,52.310802,52.310802,
29.993936,40.376580,52.673948,52.681270,52.702331,52.702331,
30.075705,40.111072,52.704541,52.670778,52.618333,52.618333,
30.484678,40.124740,52.022985,52.020886,52.055543,52.055543,
30.059042,41.091607,50.127134,50.418933,50.740501,50.740501,
29.413004,40.059726,51.764422,51.752964,51.730924,51.730924,
29.844736,41.153115,53.188477,53.195071,53.207187,53.207187,
30.324570,41.042517,53.705565,53.759091,53.913347,53.913347,
29.569679,39.576890,54.453864,54.430411,54.350745,54.350745,
30.127433,39.878492,53.362848,53.365707,53.527709,53.527709,
30.348886,39.536663,52.471786,52.451348,52.424553,52.424553,
29.993695,39.716434,52.126664,52.161528,52.172379,52.172379,
30.433187,40.920211,51.911378,51.882013,51.886487,51.886487,
29.121115,39.958061,52.430660,52.434351,52.459814,52.459814,
30.414239,40.863508,53.420246,53.481495,53.540046,53.540046,
28.436709,38.378681,53.361562,53.356993,53.373579,53.373579,
29.312246,40.051224,52.942690,52.965061,53.020177,53.019648,
29.318438,40.485170,51.466775,51.471950,51.504619,51.504619,
29.491714,39.933058,52.564134,52.563658,52.567464,52.567464,
30.017216,40.479972,53.260876,53.476651,53.886179,53.886179,
29.482460,40.727854,52.320346,52.433774,52.808064,52.808064,
29.510006,39.486801,53.316650,53.349008,53.416772,53.416772,
30.402964,40.917793,53.327976,53.144767,52.832785,52.834809,
30.348756,41.261272,53.439693,53.463468,53.492229,53.492229,
29.516283,40.207399,52.696076,52.703436,52.735476,52.735476,
30.432698,41.942076,52.278952,52.284746,52.298593,52.298593,
30.135368,40.873703,53.880380,53.888759,53.902492,53.902492,
30.315001,40.781738,53.041757,52.912568,52.648172,52.648172,
29.560758,39.153955,49.511828,49.516777,49.538760,49.538760,
29.885846,39.742675,52.912568,52.946194,52.885341,52.885341,
30.294904,41.070161,51.755530,51.784049,51.803166,51.803166,
30.342697,39.387703,47.427793,47.579515,47.736573,47.735947,
29.932021,40.303184,53.806631,53.800936,53.793355,53.793355,
30.764659,40.055306,51.800473,51.807659,51.822068,51.822068,
30.770066,40.421662,52.959848,52.966626,53.005411,53.005411,
30.944834,42.116248,53.157288,53.208291,53.296900,53.299152,
30.540348,40.836610,52.699386,52.700368,52.714131,52.714131,
29.905351,40.227021,49.425321,49.419553,49.397246,49.397246,
30.741911,39.299302,51.421939,51.376838,51.310765,51.310765,
29.892989,40.401454,53.270238,53.283128,53.318064,53.317498,
30.939639,41.735687,53.896670,54.053303,54.204853,54.204853,
30.612188,42.241536,52.472718,52.491385,52.512013,52.512013,
30.628055,41.166194,47.349614,47.356634,47.372723,47.372723,
30.039397,40.372996,52.984010,52.982962,52.996601,52.996601,
29.965939,41.405290,48.214675,48.217996,48.218695,48.219394,
30.460563,39.510427,52.321245,52.327997,52.346504,52.346504,
29.896699,41.103533,52.087494,52.089199,52.088346,52.088346,
30.488218,40.139308,51.931477,51.919981,51.915882,51.915882,
31.272795,40.283786,51.873790,52.267610,52.652417,52.652417,
30.963832,40.389741,52.464227,52.467482,52.484259,52.484259,
31.081759,39.634927,52.156113,52.317986,52.627975,52.627492,
30.236463,40.958161,51.140504,51.147277,51.171368,51.171368,
31.287902,42.190659,52.223854,52.224734,52.235744,52.235744,
30.642331,41.286989,53.198372,53.188477,53.165474,53.165474,
31.515429,41.976014,51.966875,51.985151,52.020257,52.020257,
30.941966,42.686551,52.972369,52.484609,52.028447,52.028447,
30.998003,40.676063,52.978905,52.965974,52.958025,52.958025,
30.837097,41.580315,53.755804,53.744555,53.706648,53.706648,
30.392751,40.306088,51.894428,51.923878,51.990149,51.990149,
29.551205,40.656140,52.414778,52.420295,52.428585,52.428585,
30.667329,40.902504,49.498484,49.491914,49.482079,49.482079,
30.171390,40.428892,51.505271,51.515999,51.524601,51.526099,
30.008661,41.329506,52.575802,52.648414,52.720782,52.720782,
30.491600,39.929913,52.164021,52.120433,52.084937,52.084937,
30.789810,40.375359,53.172991,53.180659,53.213672,53.222519,
32.199909,40.445423,51.784049,52.225394,53.250698,53.250698,
29.954083,40.495702,53.624218,53.627862,53.623611,53.623611,
30.107140,40.268599,52.835189,52.839240,52.870260,52.870260,
30.407654,42.462264,53.285935,53.274717,53.288182,53.288182,
31.097623,41.323739,52.599592,52.485076,52.278507,52.278507,
29.513395,38.868041,53.783268,53.796670,53.823282,53.823282,
29.055033,38.430422,54.105381,53.937748,53.916268,53.916268,
29.871382,40.761231,48.714299,48.699037,48.673721,48.673721,
30.128991,40.747546,52.825707,52.828739,52.834303,52.836328,
30.036499,40.034510,52.093891,52.093464,52.097734,52.097734,
29.872450,40.134141,51.270239,51.182166,51.275185,51.275185,
30.974273,40.865349,53.759091,53.635615,53.537517,53.537517,
31.711418,40.622372,48.707738,48.708520,48.710087,48.710087,
30.694027,40.502199,51.947644,51.955388,51.962318,51.962318,
31.165826,40.637712,52.866561,52.909091,52.890080,52.890080,
30.452740,39.320316,51.670788,51.679702,51.714370,51.714370,
31.029814,39.938342,53.568722,53.562732,53.547198,53.547198,
31.275804,40.748838,50.075075,50.079367,50.101431,50.097117,
30.361096,39.816424,49.350363,49.350817,49.363772,49.363772,
30.173501,40.729288,51.496335,51.500429,51.498940,51.498940,
29.984924,41.239307,52.801403,52.779357,52.768377,52.768377,
31.033342,41.569077,49.187740,50.187866,51.496149,51.496149,
30.951610,41.290748,52.668342,52.779357,52.870770,52.870770,
30.724600,40.355343,51.842763,51.857693,51.866190,51.866190,
30.159038,40.489083,52.557125,52.552379,52.538173,52.538173,
29.657537,39.716329,51.884554,51.884148,51.878864,51.878864,
30.732516,40.045495,51.568340,51.577046,51.598698,51.598698,
31.083712,39.647909,53.674286,53.693366,53.698303,53.697686,
30.744018,40.626152,51.588523,51.564654,51.533032,51.532657,
29.914383,39.043672,50.026019,50.048079,50.119814,50.119814,
30.117517,40.206232,50.404157,50.391450,50.363566,50.363566,
30.339085,40.140594,49.114698,49.112764,49.112979,49.112979,
30.603926,41.315115,52.106821,52.017425,51.954975,51.954975,
31.583175,42.230191,51.668562,51.665854,51.668175,51.668175,
30.365056,40.999893,48.788478,48.804207,48.834528,48.834528,
30.498602,40.191679,49.274892,49.276676,49.308697,49.308697,
30.151299,40.177765,49.245333,49.253092,49.267539,49.267539,
31.716714,40.678373,52.228804,52.222645,52.209038,52.209038,
31.052409,40.240781,52.351143,52.360209,52.368726,52.366907,
31.114874,42.019491,53.709588,53.679971,53.660949,53.660949,
31.041802,40.088301,52.660554,52.662986,52.662986,52.663473,
31.109381,40.414618,50.974769,50.987983,51.024530,51.024530,
31.053092,41.414177,53.064512,53.062378,53.070386,53.070386,
30.866155,40.773605,48.449231,48.450522,48.462158,48.462158,
30.625487,40.198570,51.103822,51.111644,51.139990,51.139990,
29.516421,39.673390,52.931936,52.935561,52.934007,52.934007,
30.031815,39.897883,53.574870,53.577271,53.599549,53.599549,
30.227733,39.686125,49.095344,49.089143,49.084231,49.084231,
30.066072,40.856080,52.600671,52.613159,52.611716,52.609793,
30.067157,40.222747,52.748730,52.751212,52.760657,52.760657,
30.698310,40.627789,49.581746,49.586775,49.581746,49.581746,
30.415309,40.309250,52.762772,52.797261,52.863503,52.863503,
30.172609,40.161953,51.896161,51.998909,52.219898,52.219898,
30.257459,39.565174,51.325401,51.349425,51.426695,51.426695,
30.273280,40.080072,51.863862,51.869532,51.876935,51.876935,
31.103950,41.676096,52.016796,52.038654,52.085683,52.085683,
30.996097,41.053410,52.939189,52.979298,53.056913,53.056913,
30.082997,40.927383,50.411394,50.404157,50.392026,50.392026,
30.475423,41.333123,52.804166,52.929607,53.196446,53.196446,
29.041442,39.562070,49.292937,49.309091,49.314488,49.314488,
29.709028,39.396420,51.004059,50.997340,50.994688,50.994688,
29.835630,39.273554,51.351493,51.353742,51.354822,51.354822,
31.517073,41.065081,53.478852,53.483552,53.480027,53.480027,
31.158977,42.006588,51.573353,51.579794,51.582923,51.582923,
30.076140,40.058397,53.275418,53.263669,53.235267,53.235267,
30.618754,41.379055,52.442784,52.447411,52.444634,52.444634,
31.137227,43.092876,50.895672,50.891787,50.882655,50.882655,
30.532501,40.642109,51.807559,51.816359,51.805163,51.805163,
29.341168,39.400332,51.015947,51.017362,51.005969,50.999329,
30.181265,39.516111,51.378286,51.377200,51.380458,51.380458,
29.318800,40.046540,53.256132,53.264507,53.293101,53.293101,
29.763995,39.487515,53.176686,53.181070,53.186555,53.186555,
30.888345,39.732740,51.736227,51.740946,51.723668,51.723668,
30.623082,41.576317,53.968855,53.926344,53.804415,53.804415,
30.895867,40.084490,53.042288,53.071589,53.142185,53.142185,
30.017903,41.129031,52.651689,52.798265,53.284391,53.284391,
30.820135,40.284721,52.051631,52.042764,52.040234,52.040234,
30.048795,40.075900,50.977739,50.987983,51.018195,51.018195,
30.141615,41.535865,51.799775,51.805762,51.809058,51.809058,
29.762163,39.584793,49.473317,49.479215,49.491563,49.491563,
29.553380,39.967925,51.584726,51.596889,51.615581,51.615581,
29.328567,40.708213,53.706029,53.711601,53.704174,53.704174,
30.356688,41.054620,53.270238,53.334502,53.470055,53.470055,
29.480386,40.615853,52.303853,52.307438,52.309232,52.309232,
28.316775,39.268953,48.967209,48.965548,48.958337,48.958337,
29.889398,40.196391,53.351003,53.349863,53.352143,53.352143,
29.986219,40.578299,54.569857,54.581193,54.570611,54.570611,
29.881689,41.147346,52.994500,52.962063,52.897392,52.897392,
30.212405,40.189022,53.610580,53.576220,53.500040,53.502400,
29.221971,40.610383,51.855471,51.843770,51.833307,51.833307,
30.089895,39.979175,52.612918,52.492438,52.371113,52.371113,
30.321472,40.881614,49.363430,49.360472,49.357289,49.360927,
30.338964,40.913653,49.581866,49.829320,50.096848,50.096848,
29.592459,40.298961,50.788898,50.791743,50.773440,50.773440,
29.426564,39.217420,52.604629,52.609913,52.582125,52.582125,
30.288734,41.002100,53.189438,53.190536,53.196034,53.196034,
===========END============
36.141684,48.134961,60.830176,60.881525,60.881525,60.881525,
36.733959,46.162031,58.821501,58.886269,58.985269,58.985269,
36.239654,43.885212,60.115481,60.159000,60.202958,60.202958,
36.371631,45.110875,59.147870,59.145705,59.150036,59.150036,
36.532191,46.447289,58.384214,58.391486,58.406067,58.406067,
36.648284,45.902047,60.528258,60.528258,60.528258,60.528258,
36.702944,45.474597,60.546152,60.546152,60.546152,60.546152,
37.546328,46.151154,58.266388,58.294767,58.350286,58.350286,
36.563299,48.495530,58.635202,58.642907,58.635202,58.635202,
36.795224,46.818070,56.643481,56.643481,56.643481,56.643481,
37.695552,45.902277,60.035706,60.035706,60.035706,60.035706,
36.260803,47.814058,57.098083,57.098083,57.095382,57.095382,
35.505866,45.642355,58.817484,58.817484,58.817484,58.817484,
36.215150,46.191945,55.463155,55.463155,55.463155,55.463155,
34.843051,45.697853,60.292938,60.292938,60.292938,60.292938,
37.351902,47.713980,60.269041,60.269041,60.269041,60.269041,
36.050430,48.223813,60.380505,60.380505,60.369014,60.369014,
36.898314,47.346859,60.090520,60.090520,60.090520,60.090520,
36.231955,44.781968,60.645143,60.645143,60.548394,60.548394,
35.704859,44.949863,56.886817,56.886817,56.886817,56.886817,
35.566598,47.115342,60.189173,60.144672,60.069047,60.069047,
36.783127,45.259382,60.334010,60.334010,60.334010,60.334010,
35.538035,45.327724,54.354515,54.354515,54.354515,54.354515,
36.976845,44.352073,60.570125,60.570125,60.570125,60.570125,
35.472996,46.469061,60.218865,60.218865,60.213326,60.213326,
36.588718,49.010114,60.109396,60.109396,60.023766,60.023766,
35.393561,47.533761,56.853808,56.847428,56.837238,56.837238,
36.229480,46.313933,55.993262,56.010055,56.043836,56.043836,
35.862330,45.779001,61.697780,61.713392,61.721219,61.721219,
37.288312,47.499175,59.000421,59.000421,59.000421,59.000421,
37.283054,50.360129,60.138546,60.149443,60.138546,60.138546,
36.201957,48.123869,59.304991,59.304991,59.304991,59.304991,
35.303816,46.866213,62.987941,62.987941,62.987941,62.987941,
36.273231,46.250121,59.576604,59.578995,59.576604,59.576604,
36.670732,46.330967,58.879138,58.879138,58.879138,58.879138,
36.779199,48.062500,58.650143,58.650143,58.650143,58.650143,
36.610121,45.787434,58.188852,58.188852,58.188852,58.188852,
35.727735,45.813788,58.529677,58.529677,58.529677,58.529677,
35.805742,47.522834,58.174549,58.174549,58.174549,58.174549,
39.024216,47.980827,60.522310,60.522310,60.522310,60.522310,
36.472797,48.706270,61.453496,61.453496,61.453496,61.453496,
35.778375,47.717952,50.708663,50.703702,50.693797,50.693797,
35.954235,47.059349,55.089810,55.089810,55.089810,55.089810,
36.831825,48.197066,60.372601,60.349691,60.281676,60.281676,
37.346892,47.767275,61.345292,61.461791,61.642616,61.642616,
35.201967,46.135919,56.010581,56.014789,56.023219,56.023219,
35.821542,46.416984,50.481635,50.481635,50.481635,50.481635,
37.006827,44.476982,60.193993,60.150125,60.106695,60.106695,
38.214247,46.348097,59.429710,59.429710,59.429710,59.429710,
35.967958,47.390316,57.298171,57.298171,57.298171,57.298171,
35.952959,48.015856,60.661991,60.661991,60.661991,60.661991,
36.797710,46.899963,58.154688,58.127207,58.127207,58.127207,
36.564042,46.970816,60.751923,60.748791,60.748791,60.748791,
37.947852,48.162017,55.087684,55.087684,55.087684,55.087684,
36.704625,46.987806,61.127246,61.127246,61.120418,61.120418,
35.640384,46.664917,61.164988,61.151226,61.151226,61.151226,
36.571240,44.731147,52.416271,52.416271,52.416271,52.416271,
35.450014,46.869576,59.463349,59.316796,59.037740,59.037740,
36.210949,47.047983,60.781793,60.781793,60.781793,60.781793,
35.703046,49.558117,60.323351,60.266939,60.178177,60.178177,
36.679424,47.313157,61.173612,61.173612,61.173612,61.173612,
37.294322,46.291380,58.326469,58.324677,58.321095,58.321095,
34.387979,45.370645,61.410438,61.352483,61.298843,61.298843,
36.421016,47.288139,58.735469,58.735469,58.735469,58.735469,
34.627303,47.317311,59.690436,59.690436,59.690436,59.690436,
35.416906,46.349632,56.867879,56.867879,56.867879,56.867879,
37.112457,48.600362,61.468253,61.468253,61.527784,61.527784,
35.072174,47.416258,59.671459,59.632541,59.555737,59.555737,
36.167643,46.543742,60.299286,60.310594,60.321931,60.321931,
35.504722,46.924491,61.001818,61.001818,61.001818,61.001818,
35.932200,46.022955,58.079952,58.079952,58.079952,58.079952,
36.665422,49.250597,58.358856,58.358856,58.358856,58.358856,
37.000389,46.495762,58.828538,58.828538,58.828538,58.828538,
37.001096,46.926990,60.625315,60.576892,60.529002,60.529002,
37.542626,45.731920,59.177207,59.177207,59.177207,59.177207,
37.128542,49.855624,59.134355,59.134355,59.134355,59.134355,
37.524343,52.851672,58.981099,58.981099,58.985269,58.985269,
35.864623,46.112331,61.828286,61.812257,61.780375,61.780375,
36.112490,46.154550,59.045137,59.036684,59.028249,59.028249,
34.020192,44.426138,62.308559,62.308559,62.308559,62.308559,
37.338224,46.666844,59.561689,59.599974,59.716897,59.716897,
37.307841,47.721771,61.501639,61.501639,61.509093,61.509093,
35.902855,47.666025,61.010123,61.010123,61.006799,61.006799,
36.321510,44.534976,60.468406,60.468406,60.468406,60.468406,
36.630182,45.932179,60.559621,60.705949,61.705579,61.705579,
35.871009,44.103093,57.506441,57.602480,57.602480,57.602480,
36.197346,44.829302,61.659961,61.659961,61.663824,61.663824,
36.255586,47.135053,59.403214,59.403214,59.412412,59.412412,
35.852505,46.785798,60.595743,60.595743,60.595743,60.595743,
36.411931,45.898509,60.486791,60.475015,60.439879,60.439879,
37.448221,47.753978,61.252007,61.252007,61.237966,61.237966,
35.514803,46.749241,56.756884,56.756884,56.756884,56.756884,
35.809825,46.681946,58.966534,58.966534,58.966534,58.966534,
35.244660,44.355035,55.692059,55.692059,55.692059,55.692059,
36.380657,44.502713,57.966696,57.966696,57.960101,57.960101,
35.551126,48.539974,58.707493,58.707493,58.738917,58.738917,
35.628209,48.401414,60.428230,60.381943,60.336145,60.336145,
37.213598,50.000510,60.764475,60.764475,60.764475,60.764475,
34.847991,46.482787,60.057015,60.057015,60.057015,60.057015,
34.872516,44.337615,58.517953,58.517953,58.517953,58.517953,
34.942036,45.877677,60.514144,60.514144,60.514144,60.514144,
34.782082,46.239770,60.067708,60.067708,60.067708,60.067708,
35.777697,45.900662,58.278781,58.278781,58.277008,58.277008,
36.646649,46.436197,57.086952,57.086952,57.086952,57.086952,
36.857596,47.832617,58.263295,58.270367,58.270367,58.270367,
38.048025,47.177566,55.806934,55.806934,55.806934,55.806934,
35.877374,48.270058,58.039074,58.039074,58.039074,58.039074,
35.567690,44.209834,60.066370,60.055680,60.045016,60.045016,
37.175107,47.552807,55.021439,55.021439,55.021439,55.021439,
36.355962,47.190829,59.452881,59.452881,59.452881,59.452881,
36.165354,47.329904,61.169298,61.169298,61.172749,61.172749,
35.796434,46.611177,59.924225,59.924225,59.906134,59.906134,
36.115769,46.733220,59.351271,59.351271,59.351271,59.351271,
35.095438,46.251260,61.842361,61.842361,61.846390,61.846390,
35.645605,47.565163,59.004610,59.004610,59.004610,59.004610,
37.226687,48.051591,56.439678,56.439678,56.439678,56.439678,
38.609153,48.715475,61.031792,61.031792,61.031792,61.031792,
37.178409,45.990985,58.972250,58.972250,58.972250,58.972250,
35.736319,48.360527,59.524328,59.524328,59.524328,59.524328,
35.981987,47.831417,59.150036,54.316079,59.150036,59.150036,
35.637010,46.586701,59.109060,59.117654,59.152204,59.152204,
36.960229,42.936415,60.283082,60.283082,60.283082,60.283082,
35.585248,43.904353,56.236695,56.236695,56.236695,56.236695,
37.129171,44.586247,60.441337,60.441337,60.441337,60.441337,
35.755974,45.823599,60.649731,60.649731,60.649731,60.649731,
36.479936,48.227009,61.347089,61.347089,61.347089,61.347089,
34.479569,47.914784,58.335890,58.335890,58.335890,58.335890,
35.418007,47.215430,58.887289,58.920046,58.986313,58.986313,
35.547752,44.710341,61.849415,61.849415,61.365094,61.365094,
35.917967,46.085632,60.008556,60.008556,60.008556,60.008556,
35.547719,44.904382,61.359685,61.359685,61.359685,61.359685,
35.778310,45.972258,59.460439,59.460439,59.460439,59.460439,
35.727088,45.173714,61.163265,61.166712,61.166712,61.166712,
35.073371,45.439807,61.010123,60.996842,60.970401,60.970401,
36.921402,46.246455,59.797261,59.797261,59.797261,59.797261,
34.210305,46.973736,63.059312,63.059312,63.059312,63.059312,
34.166504,46.403004,58.309920,58.317068,58.338586,58.338586,
35.957299,45.972415,59.408385,59.558117,59.874017,59.874017,
36.500701,47.621754,58.365634,58.365634,58.365634,58.365634,
35.086630,48.187767,56.035630,56.052588,56.086702,56.086702,
35.750580,44.670087,59.457531,59.420475,59.347300,59.347300,
36.820937,49.196876,62.396893,62.396893,62.396893,62.396893,
35.439766,44.228877,60.259239,60.259239,60.259239,60.259239,
37.141482,47.570167,60.981949,60.981949,60.981949,60.981949,
34.706035,44.359653,59.186484,59.186484,59.186484,59.186484,
36.063877,46.427187,59.644666,59.644666,59.644666,59.644666,
35.916032,50.327114,52.305981,52.298817,52.284523,52.284523,
34.500646,45.549891,51.838335,51.838335,51.838335,51.838335,
36.178389,45.262213,61.082214,61.082214,61.082214,61.082214,
36.819768,46.891678,58.823008,58.855282,58.920560,58.920560,
35.156168,48.330011,61.577709,61.577709,61.577709,61.577709,
36.337743,48.452875,61.382269,61.382269,61.382269,61.382269,
36.426334,47.494732,59.333151,59.369466,59.406086,59.406086,
35.850080,45.926837,60.024428,60.024428,60.024428,60.024428,
35.481805,44.943668,58.940646,58.940646,58.940646,58.940646,
34.669017,44.480105,58.574046,58.574046,58.574046,58.574046,
35.205574,46.974524,59.452301,59.452301,59.452301,59.452301,
34.035906,47.023845,60.226494,60.226494,60.226494,60.226494,
37.372089,46.819654,61.138363,61.138363,61.138363,61.138363,
35.143919,44.835416,62.008628,62.008628,61.991920,61.991920,
34.595303,47.172891,50.897049,50.897049,50.897049,50.897049,
37.406562,46.001362,60.746443,60.796806,60.899318,60.899318,
35.999190,45.138168,61.852442,61.868620,61.864570,61.864570,
36.646195,47.390352,60.623034,60.623034,60.623034,60.623034,
35.312232,45.924156,59.819956,59.819956,59.819956,59.819956,
37.236296,46.062288,58.095646,58.102451,58.129776,58.129776,
36.126414,44.889225,61.754641,61.754641,61.754641,61.754641,
36.378095,50.991210,60.866218,60.866218,60.866218,60.866218,
36.966885,48.388166,61.246736,61.246736,61.246736,61.246736,
35.726595,46.711414,60.072395,60.072395,60.072395,60.072395,
37.250471,48.603179,60.637506,60.637506,60.637506,60.637506,
36.108809,46.595807,60.772338,60.772338,60.772338,60.772338,
35.823017,45.798938,55.559004,55.559004,55.557109,55.557109,
37.368393,45.314623,59.481436,59.519017,59.633752,59.633752,
37.273292,46.614953,59.307798,59.307798,59.307798,59.307798,
36.552056,49.695470,61.989836,61.989836,61.989836,61.989836,
34.862945,47.232048,58.401049,58.430326,58.430326,58.430326,
37.463396,48.083510,60.958884,60.958884,60.958884,60.958884,
35.919012,47.738960,60.497859,60.497859,60.497859,60.497859,
35.773488,45.233077,59.681243,59.681243,59.681243,59.681243,
36.692596,45.832599,59.972400,59.972400,59.972400,59.972400,
36.784107,46.835680,61.289081,61.289081,61.289081,61.289081,
35.432077,45.959559,60.765260,60.765260,60.765260,60.765260,
36.645611,45.769414,60.742533,60.742533,60.717591,60.717591,
36.438958,45.781394,57.248590,57.271025,57.321932,57.321932,
35.227379,45.901688,59.632541,59.632541,59.632541,59.632541,
36.211968,46.856395,60.621513,60.621513,60.621513,60.621513,
36.780555,46.566662,58.009394,58.036138,58.088428,58.088428,
37.753562,48.641413,61.554088,61.554088,61.554088,61.554088,
37.675766,48.533435,59.593369,59.593369,59.593369,59.593369,
37.072168,47.132465,58.042430,58.042430,58.055884,58.055884,
38.151949,45.763524,60.334721,60.334721,60.334721,60.334721,
37.311738,47.818082,56.576475,56.576475,56.576475,56.576475,
35.191743,46.964032,56.223696,56.223696,56.206059,56.206059,
37.295142,47.383782,58.432621,58.434459,58.434459,58.434459,
36.456480,46.664765,56.763133,56.768138,56.768138,56.768138,
36.427772,44.895871,57.843470,57.843470,57.843470,57.843470,
35.508547,45.383757,58.289876,58.288099,58.282772,58.282772,
34.944937,45.191379,54.611378,54.611378,54.611378,54.611378,
36.381276,46.608521,60.867826,60.867826,60.867826,60.867826,
36.256365,47.837619,55.434508,55.434508,55.434508,55.434508,
35.644198,44.430740,59.662306,59.662306,59.662306,59.662306,
38.283925,45.590086,59.421629,59.421629,59.421629,59.421629,
37.769876,46.100987,60.880718,60.893648,60.893648,60.893648,
38.176994,48.217733,60.118189,60.118189,60.161734,60.161734,
35.545394,46.377294,61.881810,61.881810,61.881810,61.881810,
34.494765,45.710472,54.028578,54.028578,54.028578,54.028578,
36.792126,45.394626,58.433540,58.898521,60.096578,60.096578,
37.226433,48.602892,58.895966,58.895966,58.895966,58.895966,
34.993364,45.922816,61.130663,61.130663,61.130663,61.130663,
34.820601,46.962526,58.091399,58.091399,58.091399,58.091399,
34.828939,45.221595,61.400421,61.459024,61.578657,61.578657,
35.635471,45.115024,59.754090,59.754090,59.754090,59.754090,
36.979513,47.110022,61.325580,61.325580,61.329157,61.329157,
34.658996,43.751926,60.053678,60.053678,60.053678,60.053678,
37.261311,48.940853,58.797959,58.795961,58.793964,58.793964,
36.899898,45.251228,57.497916,57.497916,57.497916,57.497916,
38.545635,52.353634,57.946530,57.946530,57.946530,57.946530,
36.324290,45.207259,58.519826,58.549917,58.549917,58.549917,
36.791232,46.685630,60.355407,60.401410,60.401410,60.401410,
36.347529,46.486012,60.051678,60.051678,60.051678,60.051678,
36.742213,47.551307,60.827784,60.827784,60.827784,60.827784,
36.175681,46.959843,61.076301,61.076301,61.076301,61.076301,
35.311249,47.025107,60.697431,60.697431,60.697431,60.697431,
36.644041,49.104554,58.036558,58.036558,58.038235,58.038235,
37.419348,48.529442,59.433756,59.433756,59.443598,59.443598,
36.785694,49.602859,61.407704,61.407704,61.407704,61.407704,
38.176951,49.169310,57.886587,57.854309,57.796807,57.796807,
34.959008,47.428704,61.207409,61.207409,61.207409,61.207409,
35.802092,46.037244,60.114805,60.114805,60.158316,60.158316,
36.565990,44.960276,59.052017,59.052017,59.020355,59.020355,
35.886823,46.912598,60.299286,60.288007,60.276758,60.276758,
37.444539,47.341034,58.685046,58.685046,58.685046,58.685046,
35.704643,47.051757,56.700121,56.700121,56.700121,56.700121,
34.946092,45.679738,58.830550,58.830550,58.830550,58.830550,
34.503395,44.385383,57.187139,57.187139,57.187139,57.187139,
36.802314,45.277399,62.034863,62.034863,62.034863,62.034863,
36.402699,48.231698,59.800406,59.800406,59.800406,59.800406,
36.765591,46.050756,58.287655,58.287655,58.287655,58.287655,
35.309629,47.725321,55.153228,55.153228,55.153228,55.153228,
37.488040,47.763534,56.987049,56.987049,56.987049,56.987049,
37.509548,49.182061,57.830657,57.830657,57.830657,57.830657,
36.922846,47.299551,59.423936,60.059018,60.803142,60.803142,
37.937039,45.562276,57.629114,57.629114,57.629114,57.629114,
36.915375,47.158928,62.452159,62.452159,62.452159,62.452159,
38.165959,47.175571,61.767489,61.767489,61.767489,61.767489,
36.149189,47.121653,60.386262,60.386262,60.386262,60.386262,
36.878625,45.379139,56.727324,56.648655,56.495468,56.495468,
36.474529,46.859591,60.134467,60.134467,60.134467,60.134467,
36.113416,47.306668,57.356562,57.357996,57.352263,57.352263,
36.075594,45.392482,59.596970,59.596970,59.596970,59.596970,
35.457718,44.938263,58.035300,58.035300,58.035300,58.035300,
36.024519,46.932091,59.998007,59.998007,59.998007,59.998007,
36.354487,44.163811,55.478712,55.478712,55.476851,55.476851,
37.250268,46.210021,58.434459,58.434459,58.434459,58.434459,
36.830053,46.291099,60.990217,60.990217,60.990217,60.990217,
35.615388,46.878879,58.436297,58.436297,58.436297,58.436297,
35.498861,45.567306,59.797889,59.838324,59.961939,59.961939,
35.430006,46.788376,57.031721,57.031721,57.031721,57.031721,
36.650452,46.242709,58.421614,58.421614,58.421614,58.421614,
35.330160,44.496160,61.723178,61.723178,61.723178,61.723178,
35.852942,45.516232,59.312857,59.312857,59.321865,59.321865,
35.215608,45.832220,60.775488,60.762904,60.762904,60.762904,
35.224532,45.234638,59.350136,59.350136,59.350136,59.350136,
35.810334,45.198636,56.775344,56.775344,56.775344,56.775344,
37.367592,47.673460,59.792861,59.833249,59.915170,59.915170,
38.507988,47.830577,60.718368,60.718368,60.718368,60.718368,
38.075791,47.492106,60.377629,60.389143,60.400688,60.400688,
36.970468,48.555819,61.523104,61.523104,61.523104,61.523104,
36.751461,47.979296,59.426245,59.426245,59.426245,59.426245,
36.388363,46.617038,59.879139,59.879139,59.879139,59.879139,
36.193009,47.672149,61.945271,61.928805,61.928805,61.928805,
35.522341,45.890881,59.179933,59.179933,59.179933,59.179933,
35.943576,45.251869,59.342768,59.342768,59.342768,59.342768,
36.349857,47.305357,60.397077,60.397077,60.397077,60.397077,
36.478527,45.770608,58.278781,58.278781,58.287655,58.287655,
35.847134,47.114494,59.893902,59.893902,59.893902,59.893902,
35.816467,46.300111,61.061975,61.061975,61.061975,61.061975,
37.023102,47.741662,60.247366,60.247366,60.247366,60.247366,
37.375145,48.462112,60.395633,60.395633,60.395633,60.395633,
37.028642,47.591833,58.300109,58.300109,58.300109,58.300109,
36.431261,44.009115,57.711179,57.711179,57.711179,57.711179,
36.242321,49.117977,61.056930,61.056930,61.056930,61.056930,
35.199768,45.824606,59.941090,59.941090,59.941090,59.941090,
33.948332,43.894667,60.915556,60.915556,60.915556,60.915556,
34.959865,47.243138,60.661991,60.661991,60.661991,60.661991,
37.077648,45.384371,56.860518,56.860518,56.860518,56.860518,
34.834457,46.244068,59.166862,59.166862,59.166862,59.166862,
35.359820,46.292446,58.789974,58.789974,58.789974,58.789974,
35.106125,45.375140,58.186248,58.191458,58.201897,58.201897,
36.814421,45.823045,58.097346,58.097346,58.097346,58.097346,
34.582816,44.304809,59.706416,59.706416,59.696575,59.696575,
36.425223,48.662134,59.390599,59.390599,59.390599,59.390599,
34.263340,45.271030,58.156843,58.156843,58.156843,58.156843,
36.609315,48.048858,59.340503,59.340503,59.340503,59.340503,
36.933248,46.922317,55.441191,55.437502,55.437502,55.437502,
36.539995,47.226270,58.619353,58.619353,58.619353,58.619353,
36.846685,47.656297,61.680284,61.680284,61.680284,61.680284,
35.391249,43.965668,61.479353,61.479353,61.479353,61.479353,
36.420285,46.833360,59.919048,59.919048,59.919048,59.919048,
===========END============
