22.114147,29.824775,37.656666,37.702910,37.798744,37.801602,
22.170307,29.864053,37.396946,37.247408,37.102591,37.102402,
22.096506,29.889107,37.032915,37.290790,37.606256,37.602825,
22.196586,30.304887,37.230853,37.459607,37.632646,37.630569,
22.121238,29.960102,36.835670,36.956837,37.007055,37.005917,
22.048140,29.941984,36.792693,36.909039,36.965303,36.967662,
21.805028,29.747882,36.815981,36.848639,36.749971,36.756459,
22.087729,29.727007,36.846051,36.914766,37.052606,37.054371,
21.982648,29.939988,36.480958,36.546377,36.484264,36.484546,
21.643005,29.284380,37.540932,37.575370,37.623587,37.640943,
22.180537,29.855429,36.248893,36.267408,36.394781,36.396045,
22.164347,29.872451,37.134634,37.268878,37.452096,37.451627,
22.470583,29.871376,36.449385,36.566056,36.703725,36.705156,
22.219844,30.008059,36.629858,36.645909,36.739279,36.737464,
21.982164,29.651787,37.099316,37.106457,37.173870,37.181217,
22.033437,29.988367,37.291828,37.422779,37.523307,37.533421,
22.210705,29.516167,36.668110,36.827409,37.015871,37.014519,
22.453638,29.839900,36.333218,36.453914,36.497388,36.500071,
21.996858,29.040784,35.624818,35.932135,36.311624,36.311466,
22.159888,29.378823,35.931319,36.095673,36.443026,36.448141,
21.926327,29.244318,36.365466,36.433837,36.596751,36.593310,
21.867996,29.338911,36.247363,36.486056,36.666461,36.671748,
22.114307,29.197596,36.460307,36.588409,36.795933,36.794849,
22.042358,29.207710,36.170954,36.214417,36.474435,36.479048,
22.104765,29.542448,36.881461,36.917338,36.983014,36.983093,
22.079030,29.318058,35.775243,36.081531,36.057438,36.052232,
21.917070,29.152216,35.745014,35.941319,36.218138,36.215425,
22.004145,29.235872,36.574163,36.493587,36.524208,36.525179,
22.398908,29.430048,35.971450,36.095182,36.356779,36.360950,
22.122004,29.526543,36.225411,36.339861,36.519373,36.519373,
22.188841,29.579445,36.522208,36.473242,36.562194,36.562791,
22.354027,29.198224,36.375750,36.567075,36.702358,36.708653,
22.213693,29.440723,36.316917,36.305016,36.392736,36.396551,
21.679992,29.302996,36.579300,36.613784,36.621185,36.619297,
21.853601,29.258324,36.490209,36.531263,36.602123,36.603328,
22.065545,29.156657,36.166812,36.194646,36.336414,36.337434,
22.088614,29.353742,36.202062,36.370411,36.407426,36.406528,
21.883540,29.472753,36.472566,36.512260,36.756962,36.757836,
22.011398,29.399726,36.485341,36.559171,36.737827,36.741335,
22.284418,29.525548,36.548983,36.756160,36.841349,36.843642,
21.867720,29.504070,36.810247,36.869772,36.968373,36.967193,
21.866253,29.324135,35.835580,36.049926,36.260605,36.274932,
21.998847,29.286695,36.576370,36.661419,36.672771,36.728865,
22.342425,29.651155,36.790011,36.892232,36.923601,36.920696,
22.251159,29.667713,37.058031,37.052867,37.096699,37.096699,
22.092789,29.717855,36.640356,36.831758,37.041484,37.051310,
22.043132,29.142510,36.730833,36.822414,37.099634,37.106640,
21.933685,29.526892,36.988998,36.984232,37.009493,37.007402,
21.967338,29.354297,36.508552,36.557384,36.650361,36.647730,
22.065467,29.387043,36.172067,36.244668,36.415517,36.424023,
22.126034,29.532473,36.629479,36.628205,37.019236,37.019581,
21.985374,29.425730,36.448926,36.524596,36.554055,36.552911,
21.919134,29.432964,35.761031,35.891428,36.041309,36.041457,
21.858646,28.852122,35.870072,35.934284,36.246891,36.248224,
22.083078,29.143039,35.905279,36.051653,36.249021,36.250243,
22.036932,29.306126,35.974894,36.009705,36.155178,36.159007,
22.142312,29.513707,36.239005,36.255954,36.311165,36.306592,
22.094756,29.429608,36.104398,36.275455,36.424832,36.426938,
22.150548,29.367643,36.149618,36.193514,36.217493,36.215420,
22.050298,29.571314,35.879641,35.903965,35.976962,35.971977,
22.285158,29.547519,35.845230,35.823417,35.974641,35.973827,
22.333800,29.544539,36.269548,36.417633,36.660234,36.664658,
22.198237,29.589464,35.483066,35.729818,36.096439,36.099723,
22.180920,29.512293,35.921899,36.073184,36.306248,36.315489,
22.001366,29.562344,36.413151,36.380975,36.488348,36.489217,
22.153728,30.053789,36.148429,36.305184,36.554099,36.550073,
22.056496,29.845748,36.624985,36.692971,36.815304,36.820522,
22.123263,29.696438,36.421987,36.561155,36.739074,36.743106,
22.164427,29.885121,36.510602,36.696544,36.834183,36.825014,
21.969508,29.490103,36.988194,36.881249,36.805953,36.801434,
22.135855,29.389881,36.680940,36.826723,37.007342,37.006655,
21.865627,29.478490,37.037376,37.059078,37.057820,37.059292,
22.015213,29.706828,37.056980,37.016541,37.075218,37.078606,
21.892372,29.540530,36.712119,36.867917,37.092831,37.098988,
21.959185,29.878720,36.900043,36.919992,37.079174,37.076485,
22.153048,29.861945,36.506890,36.662198,36.770881,36.768602,
22.180677,29.547322,37.009275,37.110238,37.363242,37.355666,
22.045921,29.615382,36.718981,36.945253,37.158233,37.153660,
21.888961,29.500934,36.566704,36.698685,37.083376,37.092244,
22.112044,29.519582,36.363786,36.542871,36.858066,36.857248,
22.037237,29.399280,36.918320,36.941297,37.092659,37.089530,
22.124700,29.472907,36.567541,36.696627,36.787382,36.795186,
22.148179,29.426052,36.301801,36.484320,36.704742,36.700130,
22.089318,29.567918,36.263480,36.348311,36.545963,36.555348,
22.155572,29.405309,36.013579,36.114716,36.396913,36.391766,
22.005285,29.466897,36.445228,36.435962,36.450276,36.459875,
22.189522,29.153042,35.973598,36.085295,36.207869,36.207473,
21.860978,29.285320,36.393847,36.375873,36.506680,36.516784,
22.022993,29.612861,36.462191,36.515142,36.642073,36.645188,
22.132498,29.390535,36.121311,36.264589,36.469169,36.466365,
21.797730,29.225100,36.074558,36.214293,36.427051,36.418586,
22.008369,29.254044,36.317461,36.431730,36.548444,36.545755,
22.100390,29.577529,36.587971,36.698411,36.739413,36.748827,
22.302077,29.629242,37.065871,37.116994,37.194091,37.196661,
22.043773,29.812148,36.352743,36.599021,36.625330,36.629136,
21.942095,29.312779,36.454621,36.499539,36.636054,36.639505,
21.918831,29.477290,36.682606,36.800352,36.911481,36.912879,
22.142877,29.649035,36.590049,36.701985,36.752194,36.756912,
22.319412,29.641259,36.458811,36.546466,36.560146,36.553039,
22.036488,29.595710,36.725898,36.932624,37.011095,37.019312,
22.060649,29.304935,36.920420,36.884994,36.905442,36.911960,
22.124050,29.140101,37.033644,37.175193,37.427342,37.421545,
22.183224,29.217663,35.973861,36.227340,36.473133,36.473180,
22.014883,29.505999,36.906851,37.019223,37.294583,37.296449,
22.147587,29.643452,36.737694,36.745833,36.770568,36.773375,
22.418616,29.962137,36.914481,36.901073,37.059871,37.070786,
22.007609,29.292574,36.313851,36.455446,36.485165,36.480264,
22.004314,29.391710,36.686874,36.739618,36.898785,36.899069,
22.127326,29.844138,37.198610,37.217342,37.282959,37.283382,
22.126725,29.655734,36.619473,36.917205,37.391244,37.394570,
22.201330,29.677059,36.826393,37.067612,37.129954,37.123046,
22.167658,29.835130,37.015672,36.967505,36.938239,36.939984,
21.961305,29.356269,36.545303,36.649542,36.718808,36.718585,
22.033714,29.271826,36.591943,36.711893,36.948698,36.949664,
22.029601,29.526619,36.561627,36.838682,36.996732,37.002807,
21.954559,29.577556,36.562403,36.560039,36.878031,36.822854,
22.224582,29.601522,36.716574,36.883643,37.259067,37.270410,
22.039382,29.361542,36.385252,36.504205,36.700148,36.699064,
21.946936,29.440193,36.795391,36.896631,37.268196,37.268393,
22.312008,29.569243,37.045263,37.125489,37.204953,37.208971,
21.907054,29.251705,36.687366,36.925370,37.139235,37.141663,
22.107713,29.586035,36.933157,37.001558,37.100124,37.107780,
21.912672,29.184438,36.390058,36.357027,36.550081,36.546439,
22.284792,29.604681,36.248440,36.405632,36.548933,36.552219,
21.785359,29.689747,36.793681,36.936683,37.060179,37.063046,
21.936661,29.435180,36.479007,36.561543,36.864657,36.858644,
21.788010,29.187857,36.916509,36.949308,37.046521,37.046094,
21.977983,29.334890,36.396637,36.473440,36.574810,36.579028,
22.050435,29.413586,36.271891,36.266823,36.313279,36.311565,
21.979209,29.158619,35.877894,36.034454,36.315757,36.323481,
22.175310,29.512661,36.596679,36.677689,36.595692,36.607719,
21.941099,29.538826,35.781297,35.972881,36.189202,36.196880,
21.910339,29.440301,36.399675,36.410190,36.580877,36.576370,
22.258600,29.574455,36.168213,36.277543,36.428846,36.429888,
21.975290,29.296688,36.094804,36.158773,36.193714,36.198324,
21.885371,29.121350,35.939871,35.910276,35.857264,35.856269,
22.140877,29.395173,35.962489,36.032445,36.189180,36.189005,
22.134194,29.660161,36.227594,36.251474,36.297204,36.296732,
22.007465,29.379668,35.879827,35.877481,35.855567,35.862717,
22.243708,29.498788,36.366836,36.424318,36.467005,36.465580,
21.962694,29.466817,35.973817,35.999966,36.136547,36.133149,
22.068756,29.152514,36.264871,36.374737,36.596505,36.590731,
22.198650,29.653916,36.509549,36.640094,36.751511,36.755704,
21.963411,29.454139,36.436971,36.598946,36.917173,36.914012,
22.321764,30.062709,37.090794,37.174664,37.374234,37.372104,
21.905714,29.701358,37.213404,37.321992,37.365623,37.386362,
21.934793,29.728725,37.014095,37.112935,37.282871,37.283350,
22.165940,30.204306,36.746917,36.880966,37.177153,37.187870,
22.057871,29.921747,37.010284,37.034153,37.184627,37.198402,
21.956070,29.795564,37.260837,37.328601,37.405638,37.407552,
21.962912,30.209837,36.892908,37.051056,37.115518,37.113837,
22.131164,30.393125,36.999204,37.213775,37.556578,37.560092,
21.991533,29.858451,37.575623,37.660132,37.795340,37.796450,
22.014172,30.224831,37.743931,37.881572,38.038407,38.042670,
21.905478,29.727421,37.196284,37.239641,37.381301,37.382888,
21.853782,29.858930,37.105574,37.203732,37.284908,37.232313,
21.923946,29.588846,37.294202,37.354430,37.464675,37.471442,
22.162268,29.794862,36.875608,36.939570,37.013979,37.013237,
22.179038,29.598962,36.616144,36.592102,36.547602,36.552246,
22.301599,29.705232,36.758289,36.854772,36.982712,36.992458,
22.147845,29.388800,36.582760,36.654351,36.812188,36.803595,
22.081647,29.745141,36.231463,36.304048,36.410573,36.411842,
22.074072,29.506184,36.519718,36.552288,36.733164,36.736892,
22.138858,29.492068,36.549025,36.607719,36.752871,36.755991,
22.248008,29.713455,36.783322,36.892451,37.059436,37.054859,
21.962349,29.433800,36.151529,36.304650,36.280052,36.283544,
21.983366,29.288619,36.380878,36.449365,36.647931,36.647224,
22.149180,29.807161,37.218985,37.193073,37.317112,37.317993,
21.945740,29.555598,36.461929,36.559517,36.765607,36.765331,
22.008183,29.539879,36.627548,36.744886,36.872070,36.872147,
22.104084,29.546540,36.701998,36.810354,37.105713,37.102763,
22.131990,29.786203,36.745942,36.821019,37.179654,37.189577,
22.016157,29.814846,36.782087,37.019435,37.212007,37.222476,
22.156709,29.690488,37.287430,37.344146,37.694514,37.691818,
21.674586,29.666677,37.032636,37.114498,37.233968,37.238067,
21.959427,29.452108,36.128216,36.306735,36.694974,36.705353,
22.166472,29.741097,36.841040,36.962529,37.079261,37.071467,
22.159470,29.978537,36.818118,36.944210,37.101296,37.107249,
22.117572,29.855217,36.589821,36.771310,36.886834,36.888661,
22.013714,30.042704,37.125020,37.170620,37.241976,37.242953,
22.076886,30.008402,36.909204,37.015987,37.158199,37.164642,
22.041310,30.734569,37.772590,37.812807,37.861011,37.867619,
22.175800,30.822828,37.828879,37.905057,38.044744,38.041956,
22.350975,31.294519,37.571064,37.515399,37.484634,37.479145,
22.039103,31.233504,38.160020,38.250686,38.418706,38.428458,
21.977992,31.132797,37.874717,38.114969,38.245967,38.246108,
21.939576,31.810089,38.250505,38.273235,38.433724,38.429243,
22.149905,31.884521,38.653776,38.710777,38.803172,38.792223,
21.992959,31.668813,38.077873,38.289863,38.412595,38.402513,
22.046237,31.594145,38.850926,38.853901,38.835118,38.846741,
21.980567,31.734782,38.693343,38.756155,38.897187,38.891589,
21.946858,32.370788,39.035344,39.014753,39.085565,39.093301,
21.849114,31.583033,38.478937,38.529433,38.620887,38.616094,
22.125460,31.397750,38.581173,38.573747,38.598486,38.598639,
22.230426,31.592266,38.446042,38.543760,38.687899,38.691017,
22.191383,31.079217,37.557906,37.607402,37.669826,37.664866,
22.278960,30.979261,37.275258,37.315763,37.234180,37.236076,
22.229313,31.466657,37.681495,37.822741,37.968537,37.971806,
22.061325,30.727932,38.081895,38.067973,38.026052,38.028094,
21.948198,31.074740,37.797355,37.904613,37.933042,37.932649,
21.991208,31.456678,38.084264,38.100298,38.156093,38.154542,
21.899810,31.262562,38.005946,38.028567,38.112916,38.113667,
21.909410,30.856296,37.731248,37.687812,37.661800,37.658848,
22.103886,30.863370,37.533966,37.729541,38.023360,38.028680,
21.951820,30.634869,37.499201,37.539241,37.586966,37.591081,
22.040404,30.684609,37.818018,37.896049,37.976864,37.975310,
22.036410,30.975843,37.428355,37.477449,37.991734,37.991037,
22.039151,30.233860,37.306540,37.420577,37.676993,37.684007,
22.070422,30.300653,37.010820,37.133177,37.197469,37.184882,
22.114333,30.092289,36.595768,36.643235,36.824582,36.830980,
22.221936,30.108168,36.189898,36.301188,36.481020,36.488457,
22.048850,29.686959,35.931647,35.939431,36.132235,36.134983,
21.988813,29.779286,36.123046,36.124827,36.288379,36.283539,
21.970362,29.895754,36.232963,36.337885,36.471674,36.473546,
22.030067,30.009104,36.192091,36.278824,36.442747,36.438056,
22.072860,29.774264,36.576397,36.701828,36.972922,36.977650,
22.228044,29.888407,35.948234,35.958208,35.982424,35.977578,
21.933368,29.217646,35.109309,35.149670,35.278161,35.276598,
22.036807,29.079676,34.858660,35.018059,35.349145,35.318009,
21.948882,28.610881,34.712852,34.795887,34.893207,34.891078,
21.949885,28.547892,34.251719,34.394943,34.574739,34.580607,
22.109977,28.471119,34.727128,34.818217,34.919152,34.917974,
21.827507,28.252257,34.082243,34.315896,34.589838,34.593858,
22.052859,28.533065,33.923912,34.078366,34.093774,34.091948,
21.869482,28.751087,34.840819,34.897014,35.040626,35.046216,
21.972610,28.533748,34.743013,34.717575,34.812371,34.807011,
21.990949,28.833224,34.609340,34.749232,34.911953,34.903485,
22.178481,29.181842,35.571054,35.594651,35.621896,35.623473,
22.217377,28.602602,34.279782,34.424745,34.616519,34.618671,
21.938475,28.225839,33.943436,33.945357,34.135442,34.135783,
22.041469,27.394430,33.531733,33.658443,33.853612,33.854073,
21.948134,27.707360,33.012456,33.119611,33.213862,33.214989,
22.065793,27.703735,33.498341,33.540487,33.658201,33.655106,
21.811467,27.715743,33.725448,33.745429,33.864804,33.866986,
22.282017,27.891582,33.570107,33.599670,33.594349,33.597135,
22.078543,27.785941,33.704888,33.723799,33.746631,33.745582,
22.037628,27.663794,33.567277,33.574756,33.555125,33.526432,
22.007687,27.640153,33.394334,33.417086,33.518345,33.518499,
22.091867,27.879981,33.406723,33.440437,33.475060,33.476433,
22.257311,27.534567,33.136212,33.221256,33.522628,33.492357,
21.864083,27.761919,33.568975,33.595454,33.671267,33.660333,
21.991100,27.513087,33.531900,33.598785,33.623589,33.619828,
22.003005,27.830657,33.659465,33.792014,33.911099,33.914408,
22.091723,27.854424,33.011524,33.076517,33.250845,33.253208,
22.005760,27.478588,33.235485,33.254740,33.227748,33.227648,
22.074410,27.614310,33.234887,33.331576,33.531995,33.532708,
22.191115,27.831064,33.408070,33.436384,33.514110,33.521206,
22.035214,27.553970,33.255806,33.320200,33.367518,33.372797,
22.195455,27.716353,33.502793,33.672963,33.808983,33.810605,
22.092567,27.336392,32.563075,32.735863,32.935474,32.927637,
22.143702,27.554443,32.921603,32.969437,33.093827,33.098116,
22.399285,27.599601,33.050328,33.072246,33.106932,33.109779,
22.068177,27.462453,33.475250,33.557637,33.678195,33.677913,
22.044189,27.565890,32.985908,33.103308,33.309627,33.315051,
21.811386,27.552631,33.149982,33.247723,33.179117,33.179512,
22.188173,27.526530,32.875421,32.958055,33.077348,33.085824,
22.189862,27.652918,33.127407,33.205766,33.478936,33.482107,
22.114883,27.447903,33.019452,33.088458,33.202749,33.224411,
22.181133,27.494126,32.739927,32.865762,32.954575,32.956407,
22.113067,27.633982,33.052592,33.082210,33.135760,33.131856,
22.252803,27.698728,33.482390,33.517924,33.601809,33.603234,
21.888584,27.388690,32.870197,32.910825,33.057040,33.047291,
22.407455,27.847655,33.465461,33.585407,33.725712,33.733375,
22.079512,27.475819,32.919682,33.010080,33.148054,33.148185,
22.290950,27.609982,33.064538,33.083740,33.049227,33.097033,
22.179269,27.595635,33.433574,33.449255,33.457636,33.457508,
22.077949,27.467381,33.136018,33.161920,33.197266,33.197949,
22.008229,27.318924,33.038778,33.162197,33.242393,33.242515,
22.054167,27.606638,33.335912,33.394306,33.352008,33.352042,
22.050448,27.613167,33.012408,33.078356,33.170360,33.169617,
22.097712,27.475189,33.287089,33.361765,33.508919,33.506909,
21.986006,27.671068,33.015296,33.114951,33.127733,33.132089,
22.181321,27.659296,33.051486,33.135608,33.385868,33.411921,
22.187065,27.491992,33.220377,33.316593,33.449351,33.446681,
22.182269,27.588577,33.012459,33.143369,33.131310,33.132719,
22.148332,27.853688,33.601241,33.542055,33.643318,33.661478,
22.194738,27.705712,32.883948,33.006358,33.063402,33.059189,
22.036201,27.603592,33.003922,33.066227,33.207911,33.206643,
22.058355,27.617199,32.930671,33.014616,33.141554,33.137905,
22.096266,27.611204,33.314299,33.410851,33.489729,33.492708,
22.163167,27.467183,33.233749,33.192034,33.284506,33.265426,
22.050449,27.529145,32.867459,33.048685,33.175093,33.175739,
22.058149,27.682920,33.478317,33.610227,33.700180,33.707228,
22.150345,27.693494,33.362710,33.500740,33.636661,33.638780,
22.116130,27.726229,33.410423,33.500147,33.590150,33.585996,
22.173780,27.707446,33.382072,33.497353,33.629846,33.629092,
21.973216,27.425746,33.394736,33.465633,33.592613,33.596242,
22.191177,27.545363,33.268225,33.381173,33.536678,33.532967,
21.916761,27.790868,33.187519,33.255957,33.449663,33.453082,
22.205734,27.747093,32.897148,32.990629,33.100317,33.102351,
22.148711,27.858403,33.283967,33.318412,33.267584,33.264286,
22.056968,27.756758,33.350342,33.388153,33.428043,33.425189,
22.079403,27.510072,33.530912,33.604437,33.746791,33.749602,
22.142342,27.584267,33.104438,33.136061,33.197828,33.203841,
22.022870,27.512226,32.870429,32.983210,33.051351,33.052181,
22.090929,27.717089,33.039923,33.136417,33.358309,33.356939,
22.024831,27.400962,33.271036,33.350367,33.395171,33.385311,
21.904126,27.454219,33.022655,33.134228,33.309445,33.305009,
21.874551,27.482196,33.357525,33.530407,33.677501,33.677734,
21.949141,27.454439,32.897421,32.877158,32.897005,32.896092,
25.664359,32.962056,40.231209,40.390577,40.571140,40.586013,
26.319542,33.653308,40.778962,40.779215,40.838264,40.838775,
25.398207,32.983734,40.659084,40.694840,40.732079,40.733264,
26.138719,33.572306,40.676825,40.708104,40.744237,40.740860,
25.866233,33.198740,40.187646,40.327370,40.444971,40.446665,
26.120336,33.240228,40.226723,40.225779,40.212973,40.214080,
26.128893,33.303643,40.752463,40.778269,40.796402,40.796782,
25.976857,33.116256,40.417758,40.460941,40.611809,40.611384,
25.807885,33.069706,40.933676,40.985742,41.049936,41.050405,
26.006492,33.172976,40.730792,40.744065,40.762558,40.762056,
25.547710,32.841729,40.141186,40.145789,40.170414,40.166633,
25.938450,33.035462,39.923357,39.900426,39.873389,39.871240,
26.229140,33.500516,40.445679,40.449447,40.444248,40.444190,
26.057369,33.203024,39.715453,39.725015,39.796745,39.797801,
25.516608,33.432671,39.849179,39.880857,39.854579,39.855344,
25.700961,32.857028,40.000780,40.015724,40.041615,40.043798,
25.575515,32.984068,40.449426,40.474839,40.471548,40.473957,
25.796739,33.012931,39.636066,39.747434,39.867123,39.869628,
25.869976,32.840772,39.646469,39.765018,39.994801,39.995117,
26.089136,33.041589,39.727069,39.786171,39.882870,39.886155,
26.193903,32.760633,39.794595,39.944133,40.115860,40.115373,
25.663806,33.042553,40.035653,40.038683,40.057629,40.057201,
25.880406,32.784586,40.274301,40.251009,40.186710,40.188361,
25.738459,32.876742,40.067574,40.077033,40.067066,40.066638,
25.348150,32.816442,39.692344,39.780411,39.901540,39.910101,
26.102706,32.559862,40.083375,40.134229,40.141628,40.140594,
25.459127,32.995095,39.555273,39.557105,39.584032,39.581591,
25.853618,32.829339,40.415010,40.430230,40.489526,40.491827,
25.728588,32.310411,39.261354,39.289009,39.269142,39.268385,
25.808310,32.513841,39.392294,39.447796,39.828839,39.830207,
25.726739,32.663000,39.840934,39.875444,39.886854,39.879876,
25.812670,32.464517,38.733254,38.645945,38.557104,38.557293,
25.778032,33.076650,39.530953,39.666606,39.824338,39.825553,
25.865869,33.178037,40.158193,40.221957,40.232675,40.234622,
25.570713,32.646515,39.614756,39.638454,39.676691,39.676544,
25.297691,32.713576,40.096612,40.108701,40.170201,40.168393,
25.879709,32.742680,39.767733,39.769582,39.827344,39.832260,
25.679980,32.689785,39.986676,40.006583,40.039886,40.038876,
26.177319,33.358696,40.516733,40.540664,40.556302,40.560618,
26.102093,32.793513,40.158535,40.169043,40.167016,40.167427,
25.649992,32.345691,39.073174,38.999275,38.932276,38.932317,
25.735261,32.654699,39.434675,39.442224,39.419732,39.420008,
25.827422,33.111842,39.501866,39.634079,39.754476,39.755622,
25.786847,33.160004,40.178534,40.171674,40.175816,40.175377,
25.779277,32.677426,40.749409,40.766353,40.765976,40.768617,
25.708039,32.993019,40.020058,40.165018,40.362277,40.363165,
25.643103,32.960310,40.238100,40.280088,40.452949,40.454529,
25.449513,32.993240,40.024640,40.033793,40.076872,40.079663,
25.957138,32.733884,40.004835,40.056774,40.158863,40.157879,
25.827790,33.020992,40.353170,40.369781,40.430666,40.438356,
25.993423,32.609219,40.220071,40.210407,40.207144,40.200074,
25.727369,32.873974,39.479308,39.524990,39.541439,39.540229,
26.237070,33.241406,39.923687,39.975131,40.028041,40.029049,
25.673363,33.019679,39.769026,39.854955,39.879799,39.880107,
25.635357,32.372835,39.638727,39.638290,39.630538,39.629764,
25.675595,32.676440,39.157535,39.160466,39.163682,39.166204,
26.271533,32.663068,39.467910,39.553329,39.581525,39.580280,
25.799410,32.970668,39.216749,39.244098,39.259937,39.259848,
25.540930,32.131958,39.311018,39.499159,39.601326,39.601326,
26.116348,32.724687,39.645018,39.636454,39.587722,39.582165,
25.670426,32.696485,39.576454,39.800424,39.889603,39.892944,
25.955340,32.786255,39.940415,39.863099,39.818692,39.816822,
25.678324,33.293064,40.125520,40.278486,40.444650,40.443745,
25.874145,33.086703,39.754975,39.756469,39.820980,39.819614,
26.003852,33.620351,40.048225,40.113466,40.159915,40.158385,
25.804589,33.040094,40.614191,40.655428,40.684578,40.679367,
25.668678,32.674627,39.428722,39.467689,39.522115,39.529534,
25.941351,32.827789,39.572643,39.501414,39.403335,39.402554,
25.810494,32.954143,40.576365,40.621984,40.734801,40.743236,
26.007783,33.152425,40.579556,40.702803,40.653819,40.654064,
25.680971,32.987614,40.151768,40.195268,40.326084,40.327107,
26.029389,33.507243,40.345245,40.411401,40.593303,40.592608,
26.263622,33.313868,41.089244,41.156992,41.213599,41.216109,
25.680013,33.456653,40.230084,40.245365,40.339741,40.341850,
25.913070,33.382687,40.621589,40.667934,40.785344,40.787681,
25.770502,33.007352,40.575553,40.664923,40.789862,40.788598,
26.286589,33.455217,40.942925,40.983651,41.212441,41.212162,
25.975831,33.318232,39.857989,39.865698,39.865290,39.865698,
25.848462,33.164011,40.360587,40.253704,40.049545,40.047786,
26.252070,33.165025,40.670432,40.699033,40.697269,40.698599,
25.604895,33.009585,39.771457,39.884531,40.115109,40.120091,
25.928020,32.912818,39.700226,39.669224,39.638708,39.639145,
25.536974,33.089352,40.209356,40.205707,40.193594,40.193649,
25.762166,33.143256,40.690497,40.707430,40.718547,40.718174,
25.840407,33.069497,39.592404,39.457850,39.263172,39.260726,
25.507678,32.844191,39.757840,39.752584,39.771245,39.772945,
25.714315,32.647937,39.176629,39.301119,39.549924,39.549401,
25.821419,33.243850,39.645510,39.676685,39.714867,39.717631,
25.795536,32.724097,39.333603,39.371495,39.420199,39.421536,
26.030303,33.349832,39.671954,39.687645,39.740695,39.742682,
26.100939,33.346011,39.729841,39.730188,39.712097,39.717773,
25.480415,32.650330,39.796569,39.800771,39.876949,39.877410,
25.944740,33.045463,40.210662,40.275010,40.508593,40.519034,
25.557803,32.645553,40.635485,40.560693,40.542948,40.543545,
25.521786,32.821055,39.795463,39.803817,39.798330,39.800997,
25.903795,32.508039,40.159690,40.201750,40.269048,40.268487,
25.901673,33.104917,40.036709,40.032485,40.024528,40.024210,
26.109475,32.985980,39.941948,39.971641,40.007711,40.007342,
25.456227,32.014460,39.797110,39.909850,40.014343,40.013550,
26.067296,33.515382,40.643492,40.715633,40.813554,40.812537,
25.919339,33.135923,39.958159,40.097367,40.274070,40.277608,
25.847567,32.633288,39.859226,39.869443,39.882659,39.882659,
25.679015,32.744225,40.236187,40.420929,40.895130,40.763838,
25.954607,33.320963,40.449046,40.411285,40.352069,40.340796,
25.773592,33.132321,40.596567,40.557710,40.473288,40.476228,
25.831502,32.636059,40.384779,40.458070,40.602050,40.595093,
25.761583,32.667208,40.077979,40.064959,40.107890,40.107701,
25.564115,32.944448,40.310651,40.374267,40.568743,40.568743,
25.896646,33.282921,40.150193,40.038803,40.169715,40.167879,
25.732895,32.966125,40.753803,40.818642,40.896757,40.893648,
25.920031,32.790716,40.557395,40.446263,40.337220,40.336821,
25.959983,32.889207,40.740126,40.753114,40.715913,40.717902,
25.992254,33.204168,39.948643,40.056247,40.340682,40.341907,
25.816512,32.945114,40.328087,40.338530,40.347314,40.347142,
25.975053,33.108731,40.473097,40.500601,40.604329,40.603360,
26.064462,32.926945,39.137930,39.167613,39.220167,39.220827,
25.852083,33.010771,40.447658,40.461381,40.514456,40.517958,
26.028346,33.256051,40.378104,40.337412,40.228896,40.237293,
25.689084,32.901239,40.293213,40.190047,40.076409,40.075069,
26.012549,32.888254,40.776039,40.782282,40.873478,40.881089,
25.871122,32.932251,40.072656,40.073809,40.142650,40.140281,
25.764770,32.690015,39.871221,39.855745,39.848613,39.848868,
25.880561,32.733214,39.741204,39.714077,39.817548,39.817952,
25.672250,32.985739,40.187907,40.226271,40.307085,40.305558,
26.136883,33.347467,39.857574,39.873671,39.926854,39.926750,
25.713783,33.534850,41.310551,41.346550,41.403660,41.402714,
25.587755,32.671947,40.265496,40.304979,40.318059,40.325381,
25.635722,32.921501,40.790028,40.787531,40.795373,40.796259,
26.018404,32.888311,39.290408,39.343413,39.418366,39.421640,
26.058018,32.696066,40.250632,40.271032,40.348292,40.349605,
25.846714,32.684768,39.823459,39.800569,39.827079,39.823484,
25.776472,32.788828,40.087689,40.162384,40.221104,40.221548,
26.039922,33.023522,39.620831,39.503164,39.365155,39.366156,
26.212974,32.862670,39.366475,39.342739,39.379911,39.378678,
25.819280,33.005137,39.786911,39.719984,39.604350,39.603869,
25.951767,32.830651,39.458118,39.552057,39.426527,39.427082,
26.095292,32.647263,39.636551,39.674747,39.679640,39.677780,
25.954928,33.196957,39.777330,39.796525,39.818357,39.820430,
26.250038,33.070048,39.889339,39.920665,39.904652,39.910740,
25.719851,33.173918,39.973559,39.978618,40.040578,40.041535,
26.141291,32.753641,40.158221,40.194172,40.201481,40.199825,
25.934357,33.035432,40.346971,40.371589,40.451143,40.450968,
25.914741,33.021162,39.747857,39.870447,40.172840,40.175857,
25.983894,33.175546,40.498761,40.501126,40.546854,40.553435,
25.769342,33.107126,40.780941,40.777189,40.786181,40.781067,
25.783241,33.298728,40.646075,40.636453,40.613386,40.612719,
25.775306,33.283143,41.102939,41.106269,41.172939,41.172386,
25.685117,33.217599,41.664008,41.673489,41.701083,41.699992,
26.233889,33.657967,41.072589,41.052965,41.079037,41.077146,
26.132070,33.337640,40.972997,41.037770,41.090226,41.089481,
25.461909,32.927367,40.739282,40.770166,40.856064,40.854010,
25.844752,33.213330,40.106722,40.150234,40.154355,40.153645,
25.948206,33.108889,40.812307,40.828095,40.917989,40.915873,
25.680781,33.424336,40.254430,40.299766,40.309518,40.311387,
25.640925,33.518412,40.980314,40.987983,41.029738,41.032143,
25.903280,33.590309,40.785573,40.695010,40.629357,40.631003,
25.778587,32.870170,40.986395,41.100799,41.277236,41.278933,
25.810274,32.719229,40.446621,40.465207,40.441892,40.442884,
25.912336,33.204429,40.117045,40.118778,40.110255,40.112580,
25.358934,33.146859,40.161563,40.244292,40.310728,40.309766,
25.861942,32.924858,39.967395,39.901411,39.857122,39.857122,
25.550689,33.019913,40.023501,40.003859,39.979503,39.979424,
25.927128,32.982004,40.234413,40.214572,40.166633,40.171236,
25.904736,32.916205,40.586873,40.546996,40.498162,40.508253,
25.839184,33.293364,40.136690,40.116043,40.066015,40.064892,
25.725377,32.597897,38.963409,39.074201,39.387520,39.389489,
25.473421,32.530111,40.741759,40.754156,40.811084,40.807401,
25.840416,32.928289,40.068143,40.086338,40.179234,40.179344,
25.822885,32.753063,40.096551,40.097468,40.084712,40.087991,
25.860365,32.858628,40.106013,40.144338,40.175123,40.176386,
25.559575,32.816716,40.913311,40.920114,40.781761,40.785612,
25.817444,33.154789,40.452305,40.524168,40.581996,40.587544,
25.500406,33.634269,40.828526,40.865614,40.945668,40.945078,
25.898604,33.566720,40.319945,40.453402,40.598918,40.602731,
26.292240,33.419364,40.585983,40.619225,40.588728,40.589272,
25.772277,33.123592,39.858945,40.016597,40.210815,40.212641,
26.002952,33.148764,40.124787,40.131464,40.151093,40.153331,
25.541912,33.399857,40.134100,40.174568,40.235012,40.234177,
25.885520,33.013175,40.087218,40.112512,40.101681,40.102220,
26.042361,33.476544,40.121216,40.075229,39.801457,39.795167,
26.113793,34.395089,40.636072,40.652211,40.630584,40.629792,
25.701281,33.850304,40.836394,40.875001,40.907811,40.910507,
25.759025,34.539849,41.096361,41.129219,41.231549,41.226373,
25.965203,34.493917,41.276422,41.311532,41.366845,41.365473,
25.744289,35.059250,41.404507,41.439901,41.559491,41.558736,
25.895271,34.926164,41.178017,41.207984,41.229966,41.230140,
25.948747,35.348748,41.658204,41.668253,41.742245,41.745119,
25.984047,35.483460,41.691493,41.697527,41.711262,41.705521,
25.717591,35.164246,41.640289,41.647023,41.720259,41.723393,
26.077053,35.099162,41.934273,42.000349,42.081510,42.079978,
25.786952,34.377352,41.956711,42.075174,42.219042,42.214344,
25.627926,35.008691,41.763146,41.773600,41.792432,41.792950,
25.601212,34.963000,41.660975,41.669327,41.664453,41.663061,
26.038957,35.177736,41.912923,41.959679,42.014564,42.013475,
25.994446,35.302388,41.306883,41.330294,41.353193,41.353409,
25.885441,34.799681,41.211970,41.220374,41.218036,41.218280,
25.884159,34.391549,41.129005,41.188641,41.315490,41.318488,
25.723617,33.904976,40.640330,40.647941,40.711300,40.713101,
25.511082,34.272930,41.228016,41.275371,41.305094,41.307337,
25.641677,34.644574,41.153175,41.154997,41.138594,41.139176,
25.741141,34.693041,41.131005,41.181907,41.262215,41.262003,
25.997307,34.764314,41.392189,41.412571,41.449392,41.451600,
26.090620,34.656140,41.295912,41.346065,41.421994,41.421775,
26.017823,34.171563,41.142860,41.191266,41.222547,41.221290,
25.923119,34.030063,40.427430,40.579135,40.863371,40.863596,
25.587839,33.331774,39.877769,40.070694,40.280594,40.280762,
25.915210,34.084409,41.075297,41.112180,41.067641,41.065215,
25.539801,33.432938,40.117268,40.261170,40.461132,40.464181,
25.991357,33.630124,39.802407,39.923901,39.832045,39.829662,
26.054191,33.639665,40.378837,40.431576,40.535616,40.539314,
25.843036,33.242699,39.882075,39.994018,40.117498,40.114521,
25.811519,33.342143,40.094753,40.086976,40.058730,40.060494,
25.867938,33.068017,39.254940,39.275678,39.299431,39.300754,
26.048848,34.105106,40.052264,40.072368,40.110018,40.108559,
25.885982,33.102347,39.552164,39.669474,39.789239,39.781463,
25.961568,33.312753,40.138396,40.136873,40.185775,40.187756,
25.604617,32.875768,39.362150,39.444079,39.609520,39.613231,
25.989969,32.895732,39.694186,39.698339,39.662349,39.663666,
26.073457,32.524738,37.932637,37.945114,37.920294,37.915986,
25.960598,32.265653,38.468502,38.391636,38.359276,38.361914,
25.734182,31.899839,37.553842,37.587356,37.613167,37.618585,
25.934937,31.589323,37.749220,37.761558,37.808303,37.875190,
25.722546,31.835969,38.047147,38.049787,38.015844,38.011407,
25.829570,31.901119,37.431067,37.468951,37.498241,37.498301,
25.394048,32.119864,37.513548,37.503941,37.516954,37.515466,
25.788088,32.419123,39.006418,39.023411,39.044550,39.044465,
25.551699,32.490845,38.230181,38.247186,38.261043,38.260478,
25.883827,32.361875,38.700727,38.651148,38.600944,38.600333,
25.706290,31.673653,37.897336,37.949450,38.104422,38.106432,
25.945071,31.564276,37.433427,37.571180,37.761562,37.761184,
25.610462,31.242559,36.985666,37.061238,37.079305,37.079547,
25.461418,31.031091,37.759363,37.772424,37.729951,37.730826,
26.265539,31.287827,36.174780,36.176572,36.181360,36.178211,
25.747504,30.979977,36.534777,36.593434,36.699132,36.700685,
26.037233,31.084739,36.460202,36.510071,36.643296,36.643612,
25.497210,30.998473,36.415838,36.480205,36.531930,36.532974,
25.874905,31.127979,36.970737,36.987839,37.038978,37.039085,
25.631278,31.298445,36.903268,36.908541,36.947879,36.947043,
25.918376,31.172650,37.225884,37.258604,37.287381,37.287098,
25.913168,30.966644,37.341209,37.354086,37.364215,37.365364,
25.826314,31.639570,36.944774,37.008725,37.023918,37.027319,
26.066949,31.238011,37.244504,37.260616,37.280464,37.279647,
25.923666,30.885948,36.833464,36.902031,36.717650,36.717428,
25.566326,31.111864,36.283371,36.302687,36.320812,36.318102,
25.858282,31.067354,36.206953,36.257620,36.364323,36.366057,
25.560848,31.177090,36.920815,36.937200,37.007888,37.008629,
26.027526,31.756870,37.325012,37.394645,37.419828,37.420701,
25.220853,30.712511,36.345399,36.406764,36.465714,36.465083,
26.109994,30.992239,36.428881,36.557679,36.777185,36.776934,
25.911510,31.385891,36.704625,36.689978,36.670298,36.670200,
25.693575,30.689835,36.761245,36.749996,36.756085,36.761082,
25.906971,30.793772,36.872513,36.810370,36.733996,36.730023,
25.649952,30.762648,36.660200,36.691913,36.677149,36.691396,
25.660558,30.928632,36.140535,36.220436,36.353480,36.353298,
25.692156,31.121228,35.874983,35.902870,35.907920,35.907900,
25.524700,30.682582,36.850119,36.853361,36.907559,36.907584,
25.711522,30.829565,36.275080,36.252261,36.259739,36.262769,
25.925289,31.009136,36.511242,36.518424,36.529692,36.530973,
26.090824,30.997393,36.173980,36.197248,36.169102,36.170585,
25.781756,31.224891,36.620190,36.588322,36.557128,36.556651,
25.719117,30.894153,36.390030,36.470467,36.550373,36.550707,
25.790243,31.005339,36.526227,36.593250,36.783460,36.782505,
25.812920,30.995634,37.126186,37.207727,37.329740,37.330225,
25.833914,31.306972,36.831152,36.931886,36.978054,36.981762,
26.042345,30.992440,36.358465,36.396608,36.340534,36.342077,
25.829701,31.263717,36.760135,36.769406,36.784663,36.784965,
25.712165,31.117994,37.153818,37.145369,37.159939,37.160898,
26.173708,30.886349,36.377967,36.378264,36.407158,36.404025,
25.913655,31.342302,36.937402,36.894535,36.842027,36.842078,
25.651973,30.745189,36.879351,36.883592,36.871958,36.868164,
25.797446,31.008714,36.474365,36.542048,36.652287,36.652482,
25.561385,30.879709,36.814883,36.729387,36.721848,36.720807,
25.853207,30.906254,36.769704,36.826146,36.901873,36.902467,
25.689121,30.899953,36.590659,36.617002,36.639505,36.642666,
25.701463,30.451591,36.322385,36.348362,36.421314,36.421406,
25.895113,30.835811,36.546734,36.688918,36.818349,36.818197,
25.610112,30.881342,36.793347,36.875900,37.066364,37.066364,
25.720241,31.191888,37.309344,37.331640,37.406613,37.405772,
26.003120,31.522624,37.524164,37.539122,37.569072,37.564768,
26.045401,31.395999,37.063123,37.073522,37.096567,37.097377,
25.819049,30.948054,36.392656,36.421045,36.494016,36.495498,
26.014851,30.860793,36.272404,36.346569,36.546139,36.546163,
25.782553,30.739266,35.933928,36.010199,36.094273,36.094359,
26.227417,31.367976,37.432223,37.430881,37.504249,37.500216,
25.767663,31.034229,36.736702,36.750173,36.913514,36.913306,
26.021636,31.059428,37.120227,37.047996,37.113118,37.110841,
26.002281,31.225820,36.393503,36.422025,36.523122,36.525324,
25.939093,31.159941,36.525149,36.518832,36.544705,36.543873,
25.961098,31.430117,37.048167,37.035538,36.996577,37.001277,
25.566352,31.130139,36.974301,37.012691,37.046815,37.046708,
25.946018,31.076372,36.912229,36.938844,36.962978,36.965545,
25.835210,31.286325,36.460050,36.473145,36.494466,36.495218,
25.865129,30.788122,36.612503,36.652223,36.725820,36.729045,
26.058575,30.864932,37.209951,37.287631,37.354699,37.357423,
25.966469,31.282652,36.962673,36.940938,36.925253,36.928994,
25.729850,31.320179,37.089955,37.124762,37.110946,37.112030,
26.042597,31.169556,37.003511,36.934064,36.814130,36.815041,
25.746776,31.225801,36.875919,36.919522,36.937425,36.937269,
25.838563,31.485407,37.022298,37.064320,36.978327,36.977959,
25.859816,31.009465,35.931782,35.966758,35.863395,35.865510,
28.494787,37.113159,44.145581,44.137511,44.089269,44.090351,
29.064352,36.346526,45.354768,45.386261,45.462900,45.463363,
29.397043,37.458825,44.756621,44.792303,44.858021,44.857537,
28.635030,35.835924,45.076325,45.073867,45.075053,45.074714,
29.395941,36.500660,44.910459,44.911602,44.917731,44.916096,
28.890440,36.861097,45.393440,45.397091,45.387969,45.388516,
28.907150,36.608654,44.966990,44.944306,44.898720,44.897417,
29.018546,36.267358,45.441490,45.417938,45.429698,45.420049,
28.894036,37.119881,44.679810,44.663507,44.664278,44.664201,
29.579853,37.128518,44.692331,44.642005,44.548549,44.548474,
29.535809,36.707430,45.080759,45.110469,45.168470,45.168470,
29.037649,35.369454,43.462868,43.418407,43.363920,43.362948,
28.654552,36.659617,45.108845,45.120397,45.164227,45.164400,
29.047837,35.894391,43.736978,43.988617,44.573028,44.573028,
29.564584,36.809788,44.239636,44.204870,44.168728,44.168728,
29.018947,36.462445,44.091365,44.113391,44.211936,44.211867,
29.653749,36.220834,44.065550,44.040889,43.980240,43.980240,
29.388310,36.671075,44.161062,44.086618,44.045285,44.049568,
29.099596,36.089250,43.285696,43.279804,43.285471,43.285135,
29.580613,35.885605,43.812539,43.870554,43.922197,43.922652,
28.943679,36.272569,44.063349,44.063752,44.057241,44.056168,
28.683474,35.753996,43.825762,43.759310,43.569861,43.569861,
29.494406,36.343968,44.548173,44.553735,44.572877,44.572877,
29.112796,36.339274,43.885244,43.896800,43.848460,43.848460,
29.144900,36.066862,43.544842,43.559053,43.565636,43.565576,
29.345984,36.355569,42.857215,42.894928,42.946765,42.946973,
30.139689,36.336043,42.137137,42.171152,42.204471,42.204471,
28.729465,35.963599,44.177408,44.178787,44.163570,44.157937,
29.165737,36.140037,43.627041,43.674194,43.700126,43.700249,
29.529808,36.257161,43.586545,43.692610,43.846207,43.844929,
29.136528,36.376545,44.064021,44.042376,44.021637,44.021770,
29.048697,36.826873,43.174524,43.179672,43.180330,43.176604,
29.320980,35.513058,44.301686,44.315047,44.300835,44.294880,
29.291284,36.123963,43.164942,43.208304,43.306778,43.306778,
29.048990,36.216266,44.438972,44.439338,44.453644,44.453717,
29.216575,35.656775,44.142519,44.210981,44.303833,44.303620,
29.265741,35.467004,41.993213,42.015287,42.017677,42.017509,
29.303674,36.380494,43.852393,43.857883,43.869109,43.870201,
28.415185,36.152005,43.922051,43.910169,43.935400,43.935400,
28.649643,36.735248,43.497577,43.476989,43.447978,43.447978,
29.559123,36.715170,44.472312,44.492284,44.562843,44.562542,
29.513693,35.656918,44.026946,44.018695,44.012184,44.012184,
29.752203,36.290917,44.382292,44.405704,44.358575,44.358718,
29.226157,36.030157,43.335525,43.344794,43.377478,43.377535,
29.530107,36.597004,43.251115,43.316961,43.442109,43.441992,
29.565162,36.291854,43.809861,43.816201,43.889985,43.891018,
29.367904,36.236686,44.088645,44.139203,44.232891,44.232821,
28.954909,36.547739,44.302023,44.328359,44.399694,44.399186,
29.474221,36.387528,44.177598,44.181944,44.195149,44.196118,
28.851147,36.325723,44.172188,44.229592,44.253105,44.253105,
29.559810,36.803523,43.573714,43.617378,43.653716,43.653288,
29.631951,36.832032,44.392859,44.402580,44.461808,44.461661,
28.625937,36.327108,44.456014,44.468974,44.470375,44.466246,
29.856040,36.648814,43.807375,43.815424,43.858139,43.857883,
28.655080,36.569170,42.940407,42.972265,43.054330,43.056035,
29.490623,35.793882,42.433959,42.652805,42.902505,42.902402,
29.200760,35.902498,44.513466,44.394200,44.281087,44.282217,
29.326463,35.784615,41.943498,42.124794,41.957786,41.957786,
29.063570,35.549430,43.340796,43.329380,43.307822,43.307822,
29.342566,36.155007,43.151785,43.142267,43.150043,43.150043,
28.825678,36.840700,44.142194,44.197192,44.303283,44.304277,
28.644067,35.638839,44.222514,44.227604,44.234725,44.235354,
29.366647,36.229754,43.135725,43.138058,43.131333,43.131441,
29.297069,35.952435,42.864599,42.857062,42.843144,42.843245,
28.906624,35.939933,43.106663,43.387469,44.080326,44.075473,
29.306908,36.180909,44.525645,44.240405,43.738178,43.738302,
29.135885,36.580302,44.642561,44.653012,44.698799,44.704245,
29.507205,35.924362,44.618452,44.646477,44.677005,44.675690,
29.612641,36.759423,43.082012,43.065366,43.046511,43.046511,
29.682268,36.836786,43.771100,43.771790,43.788466,43.788971,
28.984707,36.124616,44.260233,44.292472,44.278545,44.278615,
28.969259,36.289728,44.175081,44.191930,44.227499,44.227638,
29.223811,36.963701,43.995637,44.012865,44.070811,44.070677,
28.962018,36.021005,43.929111,43.918768,43.899904,43.900098,
29.075087,35.633750,44.991187,45.008520,45.053339,45.053339,
29.252973,37.102882,44.184257,44.195374,44.291215,44.291710,
28.790660,36.823878,44.696642,44.609245,44.435824,44.434799,
28.534483,35.932598,44.393149,44.394471,44.403760,44.403469,
28.798208,36.844875,44.153889,44.148800,44.130889,44.131025,
29.396899,36.994683,43.728186,43.980685,44.195685,44.195754,
29.480472,36.622580,44.377253,44.446320,44.541776,44.542001,
29.020126,36.086839,43.957844,43.940114,43.721694,43.720949,
28.803516,36.657621,44.006827,44.059539,44.095660,44.096066,
28.357846,35.807511,44.008402,44.020290,44.037883,44.037883,
29.184867,35.696794,42.819789,42.816410,42.810466,42.810466,
28.733181,36.012834,44.007772,43.903916,43.783047,43.782670,
29.407466,35.854331,43.018394,43.278766,43.584288,43.584288,
28.850455,36.038267,43.387512,43.426027,43.528317,43.528317,
28.754182,35.919450,43.557543,43.563226,43.560174,43.560174,
28.929618,36.324510,43.020969,43.017602,43.009848,43.009005,
28.855774,36.411562,43.507228,43.527071,43.565651,43.565651,
29.516121,35.839461,43.396619,43.408330,43.409427,43.409427,
29.428119,36.454552,44.287447,44.289711,44.325451,44.324309,
29.127908,36.263686,43.325326,43.323570,43.335652,43.335425,
29.439432,37.582863,44.495065,44.469988,44.363466,44.363538,
28.967224,36.126412,43.329735,43.569201,43.576461,43.576100,
29.015316,36.414147,43.282468,43.278206,43.326573,43.326573,
29.049014,36.487157,42.844830,42.846759,42.865376,42.867874,
29.065233,36.614545,44.469011,44.831426,45.180398,45.180398,
28.970287,36.196054,43.505353,43.533561,43.582349,43.582830,
29.021743,36.296653,44.288720,44.299132,44.323240,44.323311,
29.211288,35.527222,43.674148,43.681570,43.664992,43.665299,
29.539903,36.355504,43.365450,43.362405,43.394186,43.394186,
28.941934,36.173456,43.817598,43.777352,43.732432,43.732246,
28.716338,35.676908,44.160959,44.184085,44.168229,44.168229,
29.169450,36.056444,43.418291,43.414819,43.403437,43.403322,
29.223532,36.330880,44.438020,44.453993,44.500763,44.500689,
29.308082,36.932832,45.538249,45.546535,45.617811,45.617811,
29.416519,36.293646,43.125768,43.140352,43.180179,43.179412,
29.459274,36.304619,44.575653,44.582991,44.601730,44.601198,
29.424414,36.658069,44.453607,44.496512,44.558098,44.558173,
29.738005,36.435411,45.184396,45.183961,45.227475,45.227739,
29.582213,36.046878,44.802503,44.781294,44.740439,44.740282,
29.296472,36.620516,44.399059,44.441206,44.455297,44.455444,
29.172936,35.885341,43.990812,43.988963,43.953192,43.971172,
29.584251,36.230486,44.403506,44.406921,44.405686,44.405831,
28.832977,35.777368,44.299682,44.319569,44.353904,44.353761,
29.296539,36.399428,43.435158,43.507420,43.636742,43.636924,
29.055170,36.416337,44.872583,44.853265,44.846744,44.846905,
29.110153,36.978534,44.354191,44.372905,44.415235,44.415162,
29.204092,37.169978,43.946746,43.961877,43.996265,43.996331,
29.274449,35.909207,42.507445,42.517268,42.545211,42.545353,
29.006221,35.727211,42.872863,42.889798,42.916589,42.916641,
28.817240,35.772149,43.552643,43.590624,43.673212,43.673212,
29.248891,36.961992,44.619845,44.650493,44.726665,44.726665,
29.509408,36.513110,43.626191,43.650432,43.659174,43.659174,
29.519169,35.895840,44.855823,44.887946,44.895342,44.895098,
28.804201,36.195206,44.849983,44.853527,44.860058,44.859654,
29.144316,36.585122,44.634337,44.653454,44.658459,44.658382,
29.333719,36.278941,43.922750,43.938058,43.956762,43.957025,
29.456710,36.228515,44.237083,44.215465,44.161955,44.161955,
28.877064,35.959115,43.475463,43.472062,43.484095,43.484095,
29.244789,35.965038,43.361862,43.361005,43.386851,43.385357,
28.991423,36.011288,43.235475,43.484389,44.013894,44.013894,
29.088898,35.697420,43.031470,43.039846,43.061231,43.060378,
29.278404,36.181470,43.945161,43.889760,43.860622,43.860622,
29.643166,35.990283,43.220610,43.235350,43.279874,43.278752,
29.563782,36.270389,42.833480,42.826402,42.767193,42.766595,
29.766028,36.256955,43.804257,43.798060,43.771665,43.771665,
29.018593,36.034636,44.054107,44.079584,44.143973,44.143973,
29.246148,35.665467,42.709555,42.550280,42.376542,42.376542,
29.388934,35.984519,43.538008,43.530575,43.522087,43.521553,
29.354653,36.082415,43.594074,43.557393,43.488594,43.488830,
29.090678,36.755011,42.467540,42.498816,42.524944,42.524802,
29.078082,36.852432,43.879881,43.889485,43.919467,43.919402,
29.225950,36.485429,43.432209,43.677435,43.954862,43.954993,
29.120802,36.789552,44.904056,44.895831,44.938920,44.938838,
28.983123,36.563149,44.985556,44.983812,44.940605,44.942085,
28.769469,36.866370,44.721249,44.742559,44.829903,44.831265,
29.762815,37.508189,45.595530,45.608166,45.589226,45.592091,
28.901335,36.691956,42.415961,42.429507,42.452901,42.452855,
28.837379,36.414923,44.742461,44.769483,44.790079,44.789841,
29.212741,36.850722,45.640689,45.653940,45.665387,45.665290,
28.849931,36.557676,44.958769,44.973487,45.037150,45.037318,
29.213359,36.778841,45.192904,45.198832,45.194036,45.193688,
28.557725,36.168783,45.555286,45.544314,45.514003,45.514754,
29.324646,36.140823,45.135653,45.100117,45.053718,45.054478,
28.608654,37.144591,44.762515,44.757941,44.721444,44.721054,
29.374324,36.820851,43.680816,43.718807,43.765467,43.765467,
28.670905,36.254571,44.082366,44.077107,44.068087,44.068155,
28.853411,35.776170,44.211398,44.210877,44.205460,44.208237,
29.571226,36.488427,43.567673,43.606013,43.677942,43.677450,
29.155465,36.314175,45.210888,45.176816,45.184200,45.184287,
29.242185,36.321323,43.746849,43.791983,43.821487,43.821487,
28.506154,36.180026,43.775105,43.818312,43.943315,43.943903,
28.996671,36.289896,44.973777,44.987134,45.010461,45.010378,
28.992565,36.088244,43.855785,43.854953,43.867969,43.867712,
29.276472,36.300480,44.773436,44.757960,44.749692,44.749928,
29.025904,36.501676,45.023471,45.014264,44.968438,44.968438,
29.282854,37.160891,45.055955,45.037507,44.939681,44.938448,
28.791260,37.158723,44.769147,44.794269,44.856710,44.858243,
28.974937,36.546686,44.086686,44.064928,44.028462,44.028062,
29.219227,36.697939,44.983210,44.976408,44.999511,44.999095,
29.189274,36.186852,44.284725,44.310903,44.247583,44.248704,
29.558963,37.078081,43.691732,43.689328,43.665053,43.665544,
28.768746,36.469876,44.716172,44.711257,44.680952,44.681262,
29.278694,36.971567,44.360265,44.350763,44.380720,44.381876,
29.031037,37.360809,44.537204,44.592388,44.682308,44.682230,
29.135577,36.961868,45.108888,45.144948,45.162042,45.162734,
29.205199,36.987230,44.080781,44.093140,44.176443,44.180098,
29.080783,36.629488,45.138770,45.136620,45.158692,45.159037,
30.082979,37.381997,45.199399,45.175124,45.152451,45.152796,
29.450596,37.501442,44.964531,44.999303,45.030661,45.030661,
28.982997,38.039048,44.319284,44.340137,44.335201,44.335272,
28.756555,38.384931,45.927070,45.912856,45.885078,45.884976,
28.919115,38.721773,45.772101,45.767226,45.760867,45.760668,
29.567994,38.239602,46.080900,46.090530,46.149525,46.149743,
28.764641,38.517011,45.484555,45.480364,45.558696,45.558222,
28.602222,37.933755,45.124661,45.182418,45.310929,45.311108,
29.178190,38.194144,46.110420,46.109371,46.162848,46.161650,
28.905170,37.870890,45.898176,45.958234,46.038778,46.040260,
29.340244,38.372834,46.066574,46.076173,46.053490,46.053384,
28.876383,38.639265,46.371634,46.348581,46.350172,46.349149,
29.060547,38.263763,45.126162,45.130626,45.191597,45.192032,
28.427638,38.022616,46.017132,46.080205,46.174300,46.173754,
29.313080,38.012512,45.565573,45.572484,45.585243,45.587056,
29.739708,37.248698,45.094066,45.177814,45.258431,45.260023,
29.492723,36.954036,44.807543,44.853003,44.909255,44.908521,
29.529522,37.423270,44.156359,44.183411,44.202511,44.203136,
28.946072,37.181709,45.548733,45.549016,45.550624,45.547031,
28.570015,38.138891,45.329342,45.321752,45.309475,45.309833,
28.904553,38.109547,45.625503,45.640930,45.671462,45.671073,
28.519569,37.749562,45.216337,45.203196,45.238268,45.238708,
28.779017,36.940769,45.545991,45.539287,45.548260,45.544763,
28.876504,37.173327,44.707340,44.700159,44.658979,44.658747,
28.923220,36.842511,44.430612,44.470264,44.535069,44.534171,
28.356615,36.768586,45.161934,45.169380,45.237146,45.236354,
29.266462,36.778816,43.977819,43.981047,44.035831,44.035764,
29.151200,37.802968,44.914686,44.932372,44.944203,44.944779,
29.051073,37.588112,43.762568,43.733522,43.675822,43.675760,
28.722652,36.017841,42.679084,42.682358,42.729926,42.729926,
29.389054,36.954487,43.550121,43.556990,43.596140,43.596622,
29.392666,36.640571,44.382455,44.399694,44.391500,44.392370,
29.436984,36.675458,43.741373,43.719785,43.760876,43.745866,
28.765850,36.660445,44.254579,44.278651,44.332627,44.332627,
29.182017,36.731031,43.394157,43.407074,43.428667,43.428029,
28.992623,36.864677,43.867616,43.899127,43.988848,43.988782,
28.966406,36.602114,43.061044,43.055702,43.040231,43.043629,
30.099852,36.627990,42.731903,42.775074,42.801114,42.801315,
28.973916,35.230844,41.811557,41.877605,41.946035,41.935816,
29.473435,35.086619,41.689072,41.662984,41.621749,41.621864,
28.033297,34.374429,41.473781,41.457715,41.428910,41.428983,
29.166137,35.434598,41.874551,41.903252,41.923190,41.920565,
29.000334,34.437447,42.414525,42.451673,42.574395,42.574300,
28.879465,35.577872,41.792283,41.785321,41.795629,41.795629,
29.542745,36.130707,42.562434,42.567476,42.594356,42.597422,
28.986260,35.207099,42.714857,42.716187,42.711854,42.711756,
29.567181,35.483686,42.900731,42.879967,42.876695,42.876695,
28.866401,34.633414,40.854363,40.880912,40.914092,40.914092,
29.454721,34.909194,41.688868,41.718282,41.806900,41.803626,
28.816452,34.261602,41.074031,41.082442,41.059645,41.059645,
29.106522,34.661437,39.453236,39.474099,39.509850,39.509827,
29.152130,34.563333,41.080896,40.971324,40.864995,40.856256,
29.378566,34.423409,40.381562,40.511290,40.667388,40.667388,
29.170712,35.082054,41.039946,41.031249,40.471364,40.469484,
29.071293,34.097849,41.495117,41.347223,41.029712,41.029779,
28.860618,34.605379,40.889313,40.904507,40.939406,40.939406,
29.108457,34.942190,40.886540,40.884181,40.883923,40.883923,
29.378953,35.142851,41.081479,41.053377,41.067742,41.077998,
29.109746,34.064493,41.552270,41.561435,41.644761,41.644761,
29.238417,34.727952,40.144876,40.137934,40.155871,40.155871,
28.782320,34.328586,40.549844,40.566056,40.566386,40.566926,
29.343192,35.068140,40.486223,40.508682,40.546144,40.546144,
29.192944,34.759214,40.868719,40.856280,40.869556,40.869428,
29.132295,35.099902,40.347100,40.341965,40.345616,40.345616,
28.976206,34.173662,39.612827,39.734462,40.094369,40.094369,
29.343777,34.594014,41.002324,41.016654,41.058788,41.058788,
28.679632,33.757481,40.046187,40.046187,40.043232,40.043232,
29.001850,34.096066,40.083261,40.098438,40.088395,40.088395,
29.047747,34.585306,40.511231,40.536383,40.562342,40.562342,
28.726707,34.680540,39.600076,39.489190,39.470651,39.470651,
28.823848,34.065427,41.323569,41.274169,41.173120,41.173120,
29.003755,34.198099,40.788013,40.804633,40.830017,40.830017,
28.795447,34.827786,39.765910,39.768183,39.785330,39.785330,
29.184894,34.360171,40.489504,40.501407,40.503626,40.503656,
28.927999,34.472947,40.343041,40.319321,40.293840,40.293840,
29.061791,34.262553,39.843094,39.849453,39.789063,39.789063,
28.962170,34.257824,40.720499,40.739704,40.741329,40.743080,
28.786613,34.198387,40.346243,40.344389,40.347100,40.347100,
29.267094,34.567927,40.269167,40.271916,40.254919,40.254919,
29.277727,34.715321,41.266684,41.260937,41.251822,41.251822,
28.606406,33.834639,40.404692,40.421502,40.442665,40.442665,
30.003908,34.946744,40.948036,40.960412,40.985073,40.985073,
29.466896,34.294490,40.196288,40.193063,40.225168,40.225168,
29.115748,33.902374,40.149293,40.151011,40.169441,40.169441,
29.465781,34.353059,40.457360,40.491458,40.546638,40.546638,
29.211589,34.447459,39.249372,39.265163,39.260871,39.260871,
29.404932,34.052508,40.703988,40.708360,40.719636,40.719636,
29.447549,34.395642,40.814691,40.828988,40.867336,40.867336,
28.903452,33.918972,39.306299,39.288679,39.266076,39.266076,
29.034263,33.855284,40.251749,40.283392,40.342157,40.342157,
29.380768,34.883126,40.300352,40.296485,40.294031,40.294200,
28.974399,34.552941,39.981464,39.984929,40.007203,40.007203,
29.330591,34.474482,40.954244,40.998591,41.037904,41.037904,
29.143061,35.077068,40.663518,40.633655,40.644218,40.644218,
28.874353,34.247290,40.051458,40.070406,40.034318,40.040697,
28.856463,34.231597,41.435607,41.450818,41.501164,41.501164,
29.279764,34.933874,41.004964,41.000847,41.036365,41.036365,
29.295981,34.652050,40.813189,40.829873,40.879476,40.879476,
29.356986,35.188791,40.852406,40.851092,40.852278,40.852278,
29.500985,34.331436,40.408389,40.439252,40.530655,40.530655,
28.940635,34.356672,40.758963,40.769836,40.799672,40.799672,
29.437008,34.380444,39.879556,39.876635,39.878044,39.884608,
28.505424,33.844503,39.654469,39.566009,39.265586,39.265586,
28.958974,33.987567,40.405213,40.278570,40.384088,40.384088,
29.237582,34.281394,40.762794,40.734302,40.700852,40.700852,
29.076200,34.126412,40.004769,40.006801,39.994939,39.994939,
29.677590,34.882772,41.416322,41.437001,41.480659,41.483625,
29.354655,34.406585,40.094565,40.117627,40.171599,40.171599,
29.595482,34.645076,41.044050,41.017729,41.083279,41.085444,
28.986713,34.207565,40.204843,40.238233,40.280446,40.280446,
28.947760,34.819488,40.626084,40.620244,40.598805,40.607040,
29.124258,34.421447,39.970934,39.967585,39.954083,39.954083,
28.898410,34.169802,39.584655,39.690743,39.887413,39.887413,
28.499982,33.954485,40.736034,40.712744,40.713055,40.713055,
28.892216,34.320894,39.375527,39.382585,39.425454,39.425454,
29.541072,34.177486,39.499505,39.498120,39.508415,39.508415,
29.852985,34.981218,40.520898,40.527053,40.542612,40.558407,
28.932950,34.317378,40.141363,40.136819,40.146512,40.146512,
29.103374,34.386141,41.074943,41.065839,41.013741,41.015872,
33.308787,40.551355,49.545400,49.544570,49.538641,49.538464,
33.532244,40.915784,47.635454,48.308045,49.103750,49.103750,
33.098170,41.044921,47.780218,47.780218,47.772321,47.772321,
32.869840,40.096430,51.148392,51.154232,51.166625,51.166625,
33.699704,40.445694,49.954109,49.952545,49.951763,49.951763,
32.749743,40.930933,51.070565,51.076301,51.075964,51.075964,
34.109383,42.341858,49.554012,49.574094,49.612730,49.612730,
33.507378,40.415495,49.967036,49.968867,49.976527,49.976527,
33.564774,41.200438,50.022044,50.026483,50.032519,50.032519,
33.018604,39.566641,48.127549,48.082959,47.994133,47.994133,
33.540474,41.031024,47.873445,47.894370,47.924986,47.924986,
33.490588,40.799585,50.398232,50.329103,50.257211,50.257211,
32.883119,41.340661,50.128220,50.126591,50.134467,50.134467,
33.240406,40.261576,49.806198,49.789094,49.783324,49.783324,
33.330414,40.582561,47.834257,47.834537,47.834857,47.834857,
34.457239,41.804454,47.957960,47.953845,47.952323,47.952323,
33.741615,41.273162,47.363307,47.372435,47.399972,47.399972,
32.791390,39.919921,48.637945,48.638716,48.653235,48.653428,
33.589650,41.140273,48.864200,48.863389,48.872323,48.872323,
33.342009,40.663956,49.943951,49.954630,50.016882,50.016882,
34.537281,41.131381,49.710544,49.482372,49.049263,49.049316,
33.042484,39.312407,49.350420,49.350193,49.347924,49.347924,
33.382054,39.291745,49.296802,49.292098,49.284213,49.284213,
33.391577,41.602717,49.508532,49.511357,49.514420,49.514420,
33.339355,40.838639,49.353314,49.354676,49.359222,49.359222,
34.037925,39.821928,49.274558,49.273889,49.268096,49.268096,
33.996065,40.826573,50.103387,50.101836,50.099611,50.099611,
34.003404,41.045516,49.151282,49.151608,49.150686,49.150686,
33.770754,40.826493,48.748834,48.748488,48.735469,48.735469,
33.063418,40.261296,49.062941,49.066712,49.068200,49.068200,
34.249095,40.392978,48.920971,48.920355,48.919944,48.919944,
34.156254,40.864264,48.517156,48.518046,48.518093,48.518093,
33.413864,41.149620,49.416211,49.423128,49.455089,49.455089,
32.804501,39.364898,47.969915,47.965294,47.972062,47.972062,
33.878844,41.295912,49.401492,49.400975,49.394896,49.394896,
33.601760,39.995038,47.522611,47.533985,47.540113,47.540113,
33.157858,40.251281,47.895668,47.899566,47.909814,47.909814,
32.738545,39.298685,48.175631,48.179961,48.182388,48.182388,
33.774096,40.490514,48.117501,48.115280,48.116305,48.116305,
33.138872,41.052529,49.512770,49.579533,49.661636,49.661636,
33.351060,40.070727,50.333512,50.330596,50.326119,50.326119,
32.471671,39.823528,48.774246,48.771266,48.773054,48.773054,
33.353737,41.552901,47.731295,47.730513,47.731295,47.731295,
33.274765,41.202279,47.869450,47.868805,47.851095,47.851095,
33.499273,40.129509,48.284636,48.284991,48.289743,48.278382,
34.737692,40.426616,48.978963,48.972458,48.961915,48.961915,
33.781615,40.373664,49.691786,49.691540,49.689087,49.689087,
33.616669,40.701827,50.619917,50.604745,50.573056,50.573056,
33.101292,40.078697,49.216579,49.217074,49.245776,49.245776,
33.885272,40.779971,47.924536,47.922576,47.917638,47.917638,
33.619579,39.312396,46.817342,46.846344,46.909848,46.909848,
34.662676,40.343205,49.609176,49.610501,49.610140,49.610140,
34.222978,41.146745,49.167188,49.174482,49.182771,49.182771,
33.378954,40.417772,48.821400,48.805158,48.769678,48.769678,
33.922093,40.116151,49.470517,49.470342,49.463873,49.463873,
33.434364,39.906134,46.142527,46.142066,46.140712,46.140712,
33.929109,40.501740,49.123196,49.122981,49.124865,49.124865,
33.489245,40.242369,50.040159,50.040691,50.050211,50.050211,
34.021030,40.824629,47.670376,47.678669,47.699100,47.699100,
33.020095,40.758743,48.656860,48.665767,48.688503,48.688503,
33.859228,40.521708,49.404133,49.404018,49.388939,49.388939,
34.163580,40.232578,48.165687,48.165687,48.341238,48.341238,
33.870634,40.733810,49.242953,49.302689,49.364397,49.364397,
35.150160,42.715313,49.354222,49.362349,49.363487,49.363544,
33.645146,40.745707,49.984266,49.989783,50.004268,50.004268,
34.241333,41.641587,49.578935,49.642784,49.771120,49.771120,
33.959250,41.008868,48.134018,48.128705,48.096624,48.096624,
33.682462,40.495533,48.825370,48.827532,48.827129,48.827129,
34.073470,40.155823,48.893361,48.880207,48.853562,48.853562,
33.963275,41.322131,49.627399,49.640236,49.672375,49.672375,
33.622286,41.168410,50.432449,50.437984,50.455582,50.455582,
33.705126,41.146042,50.212150,50.211112,50.208623,50.208623,
33.309369,40.934518,47.943780,47.944765,47.945750,47.945750,
34.137551,41.220173,50.009150,49.993466,50.006378,50.006378,
33.964019,40.755559,50.852246,50.850002,50.848400,50.848400,
32.268134,39.408742,49.668528,49.669078,49.660052,49.656154,
33.879188,40.985709,48.830852,48.884485,49.007545,49.007545,
33.528090,40.532583,50.176873,50.180305,50.186353,50.186353,
32.606695,39.673866,50.899966,50.907104,50.919788,50.914580,
34.218981,41.079130,47.521568,47.531558,47.533499,47.533649,
33.726356,39.825990,48.828085,48.841738,48.866382,48.866382,
32.745719,39.953991,49.837944,49.753717,49.798078,49.798078,
34.168472,40.508045,47.297075,47.307022,47.321967,47.321967,
35.074772,41.131236,47.413533,47.431439,47.471004,47.471004,
33.855023,40.482143,49.246939,49.246939,49.246274,49.246274,
34.531625,41.901170,49.215259,49.268764,49.394437,49.394437,
33.649830,41.369291,48.270190,48.312867,48.396402,48.396402,
33.432278,40.771913,48.308268,48.312018,48.319708,48.319708,
33.203804,41.468705,47.983932,47.974004,47.948460,47.948460,
33.171189,40.568548,49.327448,49.309203,49.292545,49.292545,
34.495275,41.213669,50.480531,50.481782,50.464078,50.464078,
33.944684,40.985924,48.935848,49.029249,49.001520,49.001520,
33.953451,41.251286,49.485297,49.483191,49.484302,49.484302,
33.186883,39.857300,47.274787,47.282392,47.326130,47.326414,
33.262188,40.537807,49.343561,49.344184,49.345770,49.345770,
33.115819,40.779207,48.311393,48.311304,48.316487,48.316487,
34.377950,40.290233,46.280510,46.296628,46.299943,46.299971,
33.994946,40.555336,49.588932,49.649464,49.834518,49.834518,
33.771743,41.022862,50.119136,50.120017,50.122456,50.122456,
34.060026,40.771953,49.570631,49.540597,49.499305,49.499305,
33.371802,39.740906,49.220872,49.223570,49.227980,49.227980,
33.910593,41.067506,48.965340,48.965807,48.963471,48.963471,
33.296833,41.477408,47.113105,47.152221,47.230899,47.230899,
34.321673,41.387181,49.583721,49.563297,49.589472,49.589531,
33.826698,40.079495,47.973673,47.976608,47.981821,47.981986,
32.821930,40.161768,49.014890,49.015940,49.028354,49.028354,
32.948445,40.801304,49.596190,49.599974,49.600995,49.600995,
33.704005,39.875181,48.497534,48.496136,48.489431,48.489431,
34.115034,40.629822,49.328746,49.322429,49.319161,49.319161,
32.930631,39.485022,50.858504,50.856016,50.855935,50.855935,
33.431837,41.004059,47.696618,48.383532,50.206619,50.206619,
32.878596,40.360107,49.369694,49.377165,49.392718,49.392718,
34.129651,40.646695,48.703385,48.703483,48.724454,48.724454,
32.443194,39.467805,48.745871,48.756793,48.793116,48.793316,
33.208557,39.710260,47.413206,47.413570,47.433007,47.433007,
33.237011,40.430950,49.103375,49.089357,49.037107,49.037107,
33.639112,39.887805,49.995637,49.993992,49.994518,49.994518,
33.596585,40.934477,49.499540,49.556748,49.606287,49.606287,
33.745259,39.823111,49.293105,49.290587,49.292825,49.292825,
34.658663,41.038138,49.265425,49.268875,49.287398,49.287398,
32.703832,41.014931,49.302184,49.303531,49.275338,49.275338,
34.148008,41.312102,49.812188,49.809980,49.812062,49.812062,
34.255028,41.544619,48.426197,48.431887,48.438733,48.438733,
34.263043,41.394523,49.389454,49.403444,49.405282,49.405282,
33.003558,39.180523,47.130083,47.131036,47.129199,47.129199,
33.192278,40.520765,46.999940,47.008963,47.030125,47.030125,
33.822438,40.223919,50.083798,50.085746,50.082858,50.082858,
33.832918,39.809722,46.040102,46.044551,46.045002,46.045002,
33.960675,41.094098,49.001206,49.002253,49.006444,49.006444,
33.409919,39.852324,50.450902,50.451194,50.455655,50.455655,
33.700223,41.804694,49.910908,49.933687,49.955608,49.955608,
34.505351,40.643897,48.527048,48.528362,48.535692,48.535692,
35.110972,42.033295,46.896963,46.899156,46.903029,46.903029,
33.945972,39.717107,47.950761,47.950720,47.952077,47.952077,
34.002866,39.607720,46.920922,46.920922,46.922090,46.922090,
33.642391,39.866120,47.295767,47.295025,47.300259,47.300259,
33.463900,40.358361,48.151932,48.148533,48.146081,48.146038,
34.128125,39.948356,48.453428,48.394444,48.200025,48.200025,
33.601415,41.162516,48.949120,49.000107,49.269822,49.269822,
33.483368,41.159134,49.202026,49.202136,49.209653,49.209653,
33.938199,41.863315,47.039045,47.036946,47.040111,47.040111,
34.495651,40.516964,46.672535,46.669230,46.667639,46.667639,
33.179086,40.291029,48.378223,48.330998,48.235865,48.235865,
33.734094,38.904430,49.415232,49.428265,49.447425,49.447425,
32.680787,39.901772,49.986104,50.000444,50.039693,50.039693,
34.099376,40.360458,48.896324,48.899135,48.895710,48.895710,
33.708361,41.647254,50.077959,50.077690,50.084537,50.084537,
34.074416,41.582031,50.053945,50.053478,50.039294,50.039294,
33.386179,40.583006,50.554752,50.572981,50.629350,50.629350,
33.452291,41.626537,50.657466,50.657849,50.664677,50.664677,
34.652570,42.211219,49.533195,49.530651,49.538404,49.538404,
33.027755,39.833604,49.744452,49.740726,49.715662,49.715662,
34.134571,40.483211,50.539209,50.571177,50.646519,50.646825,
32.837443,42.385102,49.905812,49.907295,49.903492,49.903492,
32.618691,40.974415,48.909219,48.905070,48.907938,48.907323,
32.848980,41.369824,50.626381,50.627827,50.633998,50.633998,
33.859764,40.864666,46.875316,46.874738,46.882734,46.882734,
33.596743,41.710128,49.947204,49.943301,49.945382,49.945382,
34.184641,39.894892,49.798518,49.738492,49.608454,49.608454,
34.538131,40.975924,48.922976,48.932858,48.938014,48.938014,
33.424175,40.929447,48.748389,48.724503,48.724699,48.724699,
33.183289,40.745097,48.553693,48.552513,48.557614,48.557614,
32.711081,39.312542,48.614465,48.611450,48.609727,48.609727,
34.359121,40.719270,48.520529,48.530804,48.549823,48.549823,
33.456287,42.063821,50.448271,50.476044,50.528779,50.528779,
34.136782,41.654625,50.092673,50.085343,50.094491,50.094491,
33.621699,40.779703,49.027248,49.027406,49.022774,49.021932,
33.238424,40.995500,49.419207,49.415290,49.442613,49.442613,
34.647553,41.891647,50.309250,50.327895,50.306067,50.306067,
33.433705,40.791387,50.547198,50.564570,50.583820,50.583820,
33.886287,39.976016,49.142513,49.143162,49.135165,49.135165,
32.866365,41.364652,50.020190,50.027941,50.049811,50.049811,
33.473878,40.898912,48.823008,48.824666,48.824264,48.824264,
32.726975,40.783197,50.320442,50.324699,50.322215,50.322215,
34.542556,42.389360,50.014501,49.981050,49.964552,49.964552,
33.985379,40.544165,48.334588,48.320289,48.293299,48.293299,
34.046976,41.472440,46.919496,46.920858,46.933911,46.933911,
32.839926,41.090353,50.431430,50.431721,50.429684,50.429684,
33.481894,42.468691,49.771557,49.782697,49.811557,49.811557,
32.891899,41.166522,49.631331,49.630484,49.635569,49.635569,
33.998455,42.163620,50.127405,50.129577,50.129509,50.129509,
34.299413,41.828758,49.318147,49.349398,49.427226,49.427226,
33.491920,42.601042,49.510298,49.508356,49.503417,49.504357,
33.426439,42.431813,49.181897,49.182552,49.185173,49.185173,
34.743726,42.346933,49.472091,49.478046,49.498542,49.502301,
34.294405,42.574836,50.916939,50.932508,50.968507,50.968836,
33.990390,44.073840,50.271285,50.274792,50.265888,50.265888,
33.574462,43.889130,50.900452,50.891140,50.882171,50.882494,
34.697976,43.195800,51.107306,51.106541,51.106541,51.106541,
34.472052,44.142947,51.078497,51.080946,51.061218,51.061218,
33.550507,43.538514,50.975924,50.975512,50.963980,50.963980,
33.654139,43.588426,50.660226,50.662835,50.662374,50.662374,
33.568698,43.408113,50.061690,50.127745,50.180374,50.180305,
34.166958,42.633057,50.221915,50.217410,50.228785,50.228785,
33.633714,41.360306,51.296445,51.292628,51.286865,51.287219,
33.360694,42.134013,50.280060,50.280341,50.287374,50.287374,
33.983757,41.541142,49.348094,49.345543,49.320569,49.320569,
33.276171,41.790790,50.738080,50.740345,50.770371,50.769112,
33.507432,41.969611,50.956994,50.953464,50.954942,50.953629,
33.787368,41.454159,50.539955,50.541373,50.536823,50.537121,
33.959065,42.292960,50.666981,50.665752,50.672285,50.672285,
34.379308,42.404645,50.895915,50.893325,50.893406,50.893325,
33.754418,43.777745,49.508827,49.505533,49.495198,49.494904,
32.640986,41.427949,50.605427,50.613083,50.626990,50.626685,
33.218529,40.305650,47.425316,48.071914,49.760695,49.760944,
33.994220,42.800662,50.036636,50.045548,50.046147,50.045881,
33.810856,41.795240,49.433293,49.424513,49.420533,49.420302,
34.033103,42.487715,50.890493,50.976089,50.976089,50.976089,
34.119016,40.857011,47.175365,47.176809,47.178288,47.178288,
33.320483,40.941591,50.547123,50.526027,50.564570,50.559771,
33.198042,40.774267,49.608936,49.604362,49.600995,49.600995,
33.852036,41.696583,48.915271,48.917735,48.911731,48.911731,
33.034537,41.113372,48.572670,48.573145,48.575185,48.575185,
34.323307,40.363774,47.418112,47.408379,47.373370,47.373370,
34.347189,41.847297,48.961085,49.025616,49.026247,49.026247,
33.090626,42.487984,47.916659,47.908185,47.901028,47.901028,
33.988275,41.183775,48.247116,48.246940,48.248524,48.248524,
33.723611,40.555486,47.882782,47.901434,47.966573,47.966573,
33.169636,40.409902,48.400183,48.399819,48.389803,48.389803,
33.073849,41.242042,47.277848,47.265335,47.244046,47.244046,
32.816747,38.817474,47.945504,47.941401,47.941237,47.941237,
33.590431,39.033830,46.479388,46.480208,46.466637,46.466637,
34.344390,40.822216,47.338855,47.338998,47.336857,47.336857,
33.809591,40.568721,48.089362,48.173510,48.287655,48.287655,
33.046305,38.904292,47.078135,47.081330,47.097509,47.097509,
33.992837,40.193332,47.965170,47.953968,47.954297,47.954297,
32.975041,40.161187,47.115444,47.113952,47.112190,47.112190,
33.365251,39.308995,47.939350,47.953187,47.967687,47.967687,
33.489997,40.042540,47.390966,47.388654,47.382303,47.382303,
33.204760,39.650267,46.613472,46.574858,46.512080,46.512080,
32.755081,38.341180,44.517733,44.540764,44.594475,44.594475,
33.047077,39.145737,45.191118,45.191118,45.191205,45.191205,
33.954878,38.690598,44.710380,44.634950,44.503345,44.503345,
33.324329,39.437522,44.998220,45.019597,45.037381,45.037381,
33.557103,39.142453,46.600262,46.600743,46.603154,46.603154,
33.521706,39.076501,44.427726,44.427799,44.427799,44.427799,
33.394395,38.015464,47.644867,47.644254,47.653418,47.653418,
34.024770,39.624612,44.034229,44.034362,44.033695,44.033695,
34.100269,38.545353,44.797768,44.797768,44.797768,44.797768,
33.585129,39.262672,46.442204,46.433385,46.418572,46.418572,
33.276139,39.165970,45.673116,45.673116,45.673116,45.673116,
33.904292,38.437542,45.496567,45.448923,45.472366,45.472366,
34.090178,39.008929,45.410512,45.404654,45.366676,45.366676,
33.976609,39.485285,46.307115,46.305539,46.302388,46.302388,
32.931987,38.527789,44.600704,44.620207,44.639185,44.639185,
32.976116,38.917319,44.858565,44.853406,44.829542,44.829542,
33.349614,38.295354,45.473063,45.565098,45.752460,45.752460,
33.937019,38.178259,44.929706,44.846784,44.764073,44.764073,
33.017460,38.788822,44.972618,44.972618,44.993869,44.993869,
33.126213,38.483358,44.938448,44.940092,44.941736,44.941736,
34.106382,38.841965,44.547385,44.547385,44.547385,44.547385,
33.633694,39.462051,46.648320,46.607586,46.448597,46.448597,
33.646673,38.979635,44.591592,44.514826,44.383214,44.383214,
34.581757,39.807780,44.300640,44.392696,44.300994,44.300994,
33.227370,39.181204,45.602274,45.626947,45.649922,45.649922,
33.494098,38.139848,46.497909,46.497909,46.489446,46.489446,
33.888146,38.571068,46.200287,46.089218,46.090959,46.090959,
33.360555,38.784432,45.876606,45.850680,45.799689,45.799689,
33.161348,38.857419,44.262342,44.248862,44.203951,44.203951,
34.555007,39.433496,44.864114,44.865084,44.868074,44.868074,
33.698303,38.927606,45.101993,45.102079,45.106774,45.106774,
33.113268,39.661155,46.011632,45.879029,45.647382,45.647382,
34.014646,39.063705,47.342141,47.385802,47.508779,47.508779,
33.736715,38.327366,47.343785,47.343785,47.343785,47.343785,
32.804384,37.704370,45.196019,45.196106,45.196194,45.196194,
32.894810,38.363983,43.432790,43.432790,43.431628,43.431628,
32.884119,38.473733,47.592931,47.592931,47.550595,47.550595,
33.202783,38.310839,44.423875,44.423163,44.402634,44.402634,
33.072014,39.495198,45.445852,45.445113,45.444744,45.444744,
32.853623,38.222881,45.871612,45.878034,45.878238,45.871714,
33.844589,38.522807,45.345961,45.340189,45.315744,45.315744,
33.139239,38.821611,45.049776,45.049101,45.076156,45.076156,
33.922286,39.274853,44.701968,44.722011,44.741676,44.741676,
33.204989,39.745073,44.665243,44.744975,44.844170,44.844170,
33.089410,38.076388,44.767883,44.743070,44.712465,44.712465,
33.073888,38.101902,44.787003,44.787003,44.786686,44.786686,
34.276373,39.407167,45.224819,45.224732,45.248580,45.248580,
33.358373,38.434468,45.163124,45.252641,45.348285,45.348285,
32.898193,38.428820,43.969479,43.966063,43.958713,43.958713,
34.290693,39.713232,44.909970,44.908664,44.907358,44.907358,
34.249948,38.446752,45.632053,45.632053,45.625888,45.625888,
33.286180,38.405182,46.036450,46.036450,46.023667,46.023667,
33.166210,38.794668,44.269749,44.270806,44.262641,44.262641,
33.121821,38.535462,46.206884,46.206884,46.209223,46.209223,
33.267360,39.200782,44.441701,44.441701,44.440528,44.440528,
33.929918,39.209763,45.813160,45.819194,45.720789,45.720789,
33.531910,38.455501,44.845236,44.845236,44.685756,44.685756,
33.724024,39.452051,44.549094,44.549094,44.529308,44.529308,
34.224696,38.941002,45.039924,45.039945,45.030137,45.030137,
34.858622,39.941981,45.867362,45.873268,45.913602,45.913602,
33.392876,38.596965,43.285401,43.284503,43.242544,43.242544,
32.664069,38.563110,46.062687,46.062687,46.063220,46.063220,
33.911128,38.571499,45.146801,45.149582,45.157870,45.157870,
33.237161,38.124139,45.490638,45.496240,45.508683,45.508683,
34.343122,39.747708,44.773199,44.773199,44.781750,44.781750,
34.332724,39.824724,44.613722,44.932557,45.272050,45.272050,
34.215945,39.137984,46.300449,46.300449,46.302135,46.302135,
34.488251,39.367455,46.534240,46.505740,46.477045,46.477045,
33.633735,38.208669,43.505353,43.501633,43.501751,43.501751,
33.042995,38.518529,44.583104,44.583180,44.583104,44.583104,
41.481799,51.874196,56.477280,56.496056,56.532668,56.532668,
40.587401,48.621606,56.992979,56.992979,56.992979,56.992979,
40.282084,48.917119,55.984106,55.984106,55.986197,55.986197,
38.919296,51.166539,57.395448,57.394002,57.395448,57.395448,
40.976295,45.881044,53.087923,53.122400,53.193834,53.193834,
41.229144,47.699100,54.585736,54.585546,54.582707,54.582707,
39.529262,46.669413,56.120818,56.119739,56.119739,56.119739,
39.029107,48.178488,54.168057,54.168745,54.179770,54.179770,
39.446955,50.351977,54.384063,54.384063,54.383883,54.383883,
39.831734,46.530741,56.803655,56.803655,56.804918,56.804918,
41.756270,45.286425,56.346080,56.346080,56.347217,56.347217,
40.342128,48.185294,53.939217,53.939217,53.939217,53.939217,
41.063170,49.720849,57.288280,57.288280,57.288633,57.288633,
40.445007,47.148700,57.224878,57.224878,57.224878,57.224878,
39.578750,47.728131,51.054662,51.054662,51.060040,51.060040,
44.545339,46.345654,57.430308,57.430308,57.421567,57.421567,
39.792422,44.468034,54.917792,54.917792,54.918610,54.918610,
40.323223,48.144749,56.204959,56.204959,56.206059,56.206059,
39.875745,49.957696,56.601406,56.601406,56.601406,56.601406,
41.618038,48.418683,57.941196,57.941196,57.941196,57.941196,
40.090749,46.644972,55.689861,55.689861,55.689861,55.689861,
40.377421,49.115827,54.123221,54.123221,54.123221,54.123221,
39.199560,47.724618,56.305652,56.305652,56.305652,56.305652,
39.957037,48.872374,54.244063,54.244763,54.244763,54.244763,
40.158719,46.904676,55.361216,55.361216,55.360311,55.360311,
39.848690,49.489571,53.376732,53.376732,53.376732,53.376732,
39.011635,46.499409,50.304088,50.304088,50.304088,50.304088,
39.709194,47.178220,55.159707,55.159707,55.145896,55.145896,
40.726009,45.742289,54.550277,54.550089,54.549901,54.549901,
39.020234,46.390360,55.940166,55.940166,55.940166,55.940166,
41.728638,48.056389,53.769122,53.769750,53.769750,53.769750,
42.465110,49.929861,57.646323,57.646323,57.670916,57.670916,
40.910158,48.839619,57.131989,57.131989,57.131989,57.131989,
42.339215,48.728139,54.471168,54.471906,54.474120,54.474120,
39.715971,45.095152,56.165000,56.165000,56.165272,56.165272,
39.735572,47.747855,57.282286,57.282286,57.282286,57.282286,
38.763156,46.343695,54.162728,54.162728,54.162728,54.162728,
38.115289,44.472939,53.754084,53.754084,53.751582,53.751582,
39.897220,46.378353,55.368467,55.369375,55.369375,55.369375,
39.487392,49.521318,58.137921,58.191458,58.219351,58.219351,
39.690933,45.499207,50.856096,50.855775,50.856096,50.856096,
41.534158,47.796093,54.188057,54.187366,54.188057,54.188057,
38.483814,47.564260,57.767157,57.768733,57.767157,57.767157,
38.364937,46.150068,53.565426,53.565426,53.565426,53.565426,
40.407622,44.601730,54.905544,54.918610,54.944861,54.944861,
39.787551,46.483109,57.428850,57.428850,57.428850,57.428850,
41.261774,48.644353,56.039599,56.039599,56.040658,56.040658,
43.080900,46.051924,56.541870,56.541870,56.541870,56.541870,
38.799118,46.653073,55.929830,55.929830,55.929830,55.929830,
40.643446,47.359682,56.607435,56.608642,56.607435,56.607435,
39.263695,48.723324,56.589974,56.589974,56.589974,56.589974,
40.674955,47.317986,55.050007,55.050007,55.049164,55.049164,
39.762921,48.410177,55.808690,55.808690,55.808690,55.808690,
41.209071,49.764874,56.268385,56.268385,56.268385,56.268385,
41.112019,48.798558,52.780232,52.780232,52.780232,52.780232,
40.284165,44.804734,54.289109,54.289109,54.289109,54.289109,
40.775621,48.071703,52.276503,52.276503,52.276503,52.276503,
39.154833,44.823457,55.974709,55.958052,55.924929,55.924929,
40.429641,46.358681,49.727526,49.727526,49.727526,49.727526,
42.047417,46.777759,54.979974,54.979974,54.978315,54.978315,
41.280995,47.865015,55.295826,55.353299,55.471275,55.471275,
40.249180,46.887944,55.414063,55.414063,55.414980,55.414980,
41.244279,48.131618,57.239857,57.239857,57.240206,57.240206,
40.410699,46.946776,52.241039,52.241039,52.241039,52.241039,
42.227616,47.644906,55.995096,55.961690,55.928540,55.928540,
39.800664,45.990199,56.488125,56.488125,56.488125,56.488125,
39.445209,46.232238,57.676314,57.676314,57.676314,57.676314,
39.911779,50.531310,56.410175,56.410175,56.410175,56.410175,
39.074957,47.502213,56.565407,56.565407,56.565407,56.565407,
38.585971,46.289585,54.300445,54.311098,54.346621,54.346621,
40.451296,47.663793,55.898202,55.898202,55.898202,55.898202,
41.159013,47.433408,57.272431,57.272431,57.272431,57.272431,
40.169461,47.420839,56.516096,56.497232,56.459750,56.459750,
39.593201,49.319780,56.817564,56.817564,56.817564,56.817564,
39.122066,46.375292,56.980469,56.981785,56.984745,56.984745,
40.882090,47.177979,57.650540,57.652075,57.653610,57.653610,
39.989021,47.278975,54.491506,54.491506,54.492988,54.492988,
41.566043,49.437574,56.205784,56.201386,56.196992,56.196992,
40.564607,49.584020,56.903255,56.903255,56.903255,56.903255,
40.780547,46.601707,52.463414,52.463414,52.463414,52.463414,
41.902681,47.201642,55.001803,55.002637,55.002637,55.002637,
39.943021,48.245576,55.893081,55.893081,55.893081,55.893081,
41.280835,46.463075,56.177277,56.181924,56.186302,56.186302,
39.111808,46.616373,56.615285,56.615285,56.614077,56.614077,
39.044878,46.199930,51.964285,51.964285,51.964285,51.964285,
40.851012,50.171661,56.650788,56.650788,56.650788,56.650788,
40.085578,46.732723,54.767903,54.767903,54.767903,54.767903,
40.282238,45.921889,55.064151,55.064151,55.064151,55.064151,
41.144566,47.815850,54.258968,54.258968,54.258968,54.258968,
40.401663,48.535034,55.598997,55.598997,55.595172,55.595172,
42.172509,45.783814,53.889243,53.899580,53.909293,53.909293,
41.050733,47.565802,56.633759,56.633759,56.633759,56.633759,
39.477573,45.604525,57.754568,57.754568,57.754568,57.754568,
40.302626,46.455233,55.536080,55.536080,55.536080,55.536080,
39.836268,44.563785,53.573819,53.573819,53.573819,53.573819,
40.785478,49.252316,51.411532,51.411532,51.411532,51.411532,
41.149929,44.738850,57.281229,57.281229,57.275596,57.275596,
40.918298,48.876085,55.545046,55.545283,55.544338,55.544338,
40.337441,48.310946,55.801668,55.800666,55.798662,55.798662,
41.338230,44.358934,51.262391,51.262303,51.263713,51.263713,
41.417070,46.982311,57.756532,57.756532,57.756532,57.756532,
39.732046,47.407001,57.192658,57.192658,57.192658,57.192658,
40.061202,43.646601,48.593113,48.592160,48.591397,48.591397,
39.419812,47.294848,56.470844,56.470844,56.475523,56.475523,
40.394666,46.871499,57.931364,57.931364,57.931364,57.931364,
39.284162,49.181952,56.150041,56.146784,56.143530,56.143530,
41.700245,47.607072,51.522449,51.522449,51.522449,51.522449,
41.694149,49.254479,55.924929,55.908462,55.810949,55.810949,
40.741993,47.016779,55.264493,55.264936,55.264936,55.264936,
40.393880,48.625397,56.363441,56.362301,56.368006,56.368006,
39.385729,47.779941,56.383736,56.383736,56.383736,56.383736,
39.801847,46.796150,49.382534,49.382534,49.382076,49.382076,
41.061681,46.429590,56.822632,56.822632,56.822632,56.822632,
41.462538,49.912199,55.426916,55.412230,55.398507,55.398507,
40.918689,46.729464,56.442291,56.442291,56.446940,56.446940,
40.821786,47.821512,56.506654,56.486658,56.469090,56.469090,
38.851963,48.258704,56.041452,56.037217,56.037217,56.037217,
40.830296,48.125623,55.501335,55.501335,55.492925,55.492925,
39.599163,45.578526,56.613774,56.613774,56.612566,56.612566,
40.166181,48.985165,57.022418,57.022418,57.022418,57.022418,
39.030994,44.488449,54.384606,54.396012,54.413451,54.413451,
41.907482,49.018305,53.065446,53.065446,53.069718,53.069718,
39.681635,46.335442,58.313939,58.312152,58.261970,58.261970,
40.374001,47.229819,56.888104,56.888104,56.888104,56.888104,
41.369662,48.085926,54.507286,54.504311,54.504311,54.504311,
42.927370,50.678981,57.510896,57.487190,57.440163,57.440163,
38.763731,46.211315,53.394258,53.394258,53.394258,53.394258,
40.367379,47.350223,53.503728,53.504319,53.504319,53.504319,
42.485987,48.992159,55.420944,55.420944,55.421862,55.421862,
38.930231,45.255778,54.043095,54.043095,54.043095,54.043095,
39.098629,45.320115,56.352334,56.352334,56.352334,56.352334,
40.461623,46.919334,56.314102,56.314102,56.296094,56.296094,
39.100434,47.636907,56.364867,56.382017,56.400386,56.400386,
39.858914,46.120224,53.254181,53.254181,53.254181,53.254181,
40.639742,47.075178,55.032340,55.032550,55.032550,55.032550,
39.855063,47.126444,54.951037,54.951037,54.951037,54.951037,
39.997573,49.607671,55.116907,55.116907,55.116907,55.116907,
39.709133,48.661795,56.176457,55.905638,55.407651,55.407651,
43.738567,50.644990,55.234704,55.234704,55.234704,55.234704,
40.349291,45.657211,56.960464,56.960464,56.976198,56.976198,
38.928686,47.835137,55.872911,55.872911,55.872911,55.872911,
40.042580,46.539969,56.563615,56.563615,56.563615,56.563615,
40.261737,48.539362,55.086409,55.086409,55.086409,55.086409,
39.284213,45.976013,51.093894,51.093894,51.093216,51.093216,
39.986295,46.759132,57.108904,57.109243,57.109243,57.109243,
39.997823,49.687186,58.026508,58.026508,58.026090,58.026090,
40.802762,48.719054,56.219832,56.219832,56.219832,56.219832,
38.670906,47.032320,48.556244,48.556244,48.556055,48.556055,
41.773114,48.440941,58.071069,58.071069,58.071492,58.071492,
40.267969,46.914993,58.686507,58.686507,58.686507,58.686507,
39.658474,44.975538,56.904547,56.904547,56.904547,56.904547,
39.711444,47.575103,57.620726,57.623774,57.622250,57.622250,
40.231925,48.030776,56.491648,56.472891,56.435617,56.435617,
40.337711,47.671070,54.541457,54.529476,54.507100,54.507100,
39.009485,48.840073,56.813133,56.811868,56.810604,56.810604,
40.120660,44.903709,57.225574,57.225574,57.222793,57.222793,
41.615074,47.976773,56.678603,56.677376,56.678603,56.678603,
39.438257,45.986982,58.680182,58.639534,58.551805,58.551805,
40.731985,47.739587,57.111614,57.111614,57.110259,57.110259,
40.613728,46.219997,56.240019,56.240019,56.240019,56.240019,
40.324493,47.174437,53.653150,53.662940,53.680124,53.680124,
40.205389,47.948255,55.577051,55.638395,55.759775,55.759775,
40.552253,48.365317,56.600804,56.600804,56.600804,56.600804,
39.991460,48.500845,55.583241,55.584195,55.583241,55.583241,
39.090211,47.451323,57.047048,57.052392,57.057743,57.057743,
42.952352,48.008520,57.156908,57.156908,57.156908,57.156908,
39.678067,45.335820,50.410380,50.411539,50.411466,50.411466,
38.913013,46.602551,55.797661,55.797661,55.796660,55.796660,
41.169453,48.365905,57.038712,57.038712,57.058747,57.058747,
41.685681,45.985047,58.751255,58.739410,58.771067,58.771067,
40.015136,45.294444,50.016617,50.015030,50.015030,50.015030,
40.662528,51.547309,55.646608,55.647575,55.647575,55.647575,
39.733613,47.838140,56.453631,56.453631,56.452467,56.452467,
40.155488,48.337463,54.303993,54.303993,54.303993,54.303993,
40.968054,45.110598,52.460975,52.460975,52.460975,52.460975,
41.360541,48.785638,57.806338,57.806338,57.806338,57.806338,
41.465833,48.696938,54.065382,54.065382,54.065382,54.065382,
39.753779,47.483092,55.576575,55.591828,55.607135,55.607135,
40.768302,47.284753,57.675157,57.676700,57.677472,57.677472,
39.847004,47.204237,56.759695,56.759695,56.759695,56.759695,
40.486791,48.495670,57.518330,57.518330,57.501991,57.501991,
40.328663,50.203649,56.378010,56.378010,56.414790,56.414790,
39.462947,49.175790,55.532546,55.593261,55.769713,55.769713,
38.600696,47.592515,56.850617,56.850617,56.850617,56.850617,
38.841768,49.857217,56.353756,56.353756,56.355748,56.355748,
40.472899,50.824358,56.171543,56.167180,56.167452,56.167452,
39.982258,46.503177,51.122465,51.122807,51.121442,51.121442,
41.291386,50.228854,57.240206,57.268214,57.319088,57.319088,
42.833012,51.559274,59.539115,59.515480,59.431443,59.431443,
40.967445,49.161373,58.904660,58.906709,58.892901,58.892901,
40.093299,50.166318,58.786485,58.782501,58.783994,58.783994,
40.016769,53.373866,59.081244,59.068466,59.037740,59.037740,
40.078985,50.766204,59.009327,59.009327,59.008803,59.008803,
40.017060,51.654557,54.912072,54.908807,54.905340,54.905340,
40.371073,49.283877,58.458415,58.457953,58.460263,58.460263,
38.796810,48.802757,57.970823,57.970823,57.968759,57.968759,
39.452771,49.209543,57.995253,57.995253,57.993593,57.993593,
40.959031,48.545720,53.883440,53.885534,53.888114,53.888114,
38.425142,49.189981,58.566462,58.566462,58.629432,58.598787,
39.879953,49.364170,57.369845,57.364096,57.351189,57.351189,
39.291913,48.259498,58.143073,58.143073,58.151674,58.151674,
38.862603,47.072256,58.169791,58.168062,58.170656,58.170656,
41.009159,47.548984,52.659339,52.659339,52.658853,52.658853,
40.877097,46.388093,57.236369,57.236369,57.212725,57.212725,
40.184283,48.760060,57.338677,57.332969,57.332969,57.332969,
40.729569,47.522574,56.510487,56.511667,56.509307,56.509307,
39.924361,51.589283,54.228859,54.231651,54.228859,54.228859,
40.290120,47.368695,56.761257,56.762507,56.761257,56.761257,
39.768364,46.254485,55.232066,55.246154,55.260288,55.260288,
39.830036,44.667944,56.251399,56.272572,56.322004,56.322004,
40.481797,47.396461,55.721970,55.721970,55.721970,55.721970,
41.314108,47.548684,55.240866,55.240866,55.241747,55.241747,
38.375779,48.143889,52.796383,52.796383,52.796383,52.796383,
42.130299,50.431721,56.011369,56.011369,56.012421,56.012421,
39.847850,46.425336,55.655806,55.655806,55.655806,55.655806,
40.552410,47.946489,54.829763,54.829763,54.829763,54.829763,
38.715602,49.415060,54.415818,54.415818,54.415818,54.415818,
40.254095,48.518842,54.409084,54.409084,54.409084,54.409084,
39.978545,47.147743,53.973787,53.973787,53.972471,53.972471,
38.580855,42.967226,53.457330,53.457330,53.457330,53.457330,
38.380741,43.721150,53.547048,53.547048,53.547048,53.547048,
39.891446,48.196370,54.352360,54.352360,54.353078,54.353078,
43.102071,49.486936,54.771064,54.771064,54.771064,54.771064,
40.955319,45.693941,53.307610,53.307751,53.307610,53.307610,
38.781038,46.132078,51.903099,51.903099,51.903099,51.903099,
41.030982,45.965462,50.831213,50.831213,50.832490,50.832490,
38.761809,44.528934,54.759419,54.759419,54.759419,54.759419,
40.741947,48.157920,55.899227,55.899227,56.169906,56.169906,
41.388713,48.153741,52.810957,52.810957,52.810957,52.810957,
41.500503,47.151024,52.257848,52.257848,52.258292,52.258292,
41.819062,46.154931,52.856121,52.856121,52.856121,52.856121,
39.860834,44.280416,50.763454,50.763768,50.763454,50.763454,
38.457278,43.359734,51.198545,51.198892,51.198892,51.198892,
41.976138,44.689478,51.216990,51.216990,51.216990,51.216990,
42.554656,45.709073,50.054679,50.071792,50.106222,50.106222,
40.233259,43.807818,48.130504,48.130504,48.127763,48.127763,
40.092936,44.930957,53.314530,53.315095,53.315095,53.315095,
40.611672,44.164653,48.690988,48.690988,48.690988,48.690988,
40.228292,46.104935,49.225885,49.225885,49.225885,49.225885,
39.457013,46.466578,51.937442,51.937442,51.937442,51.937442,
40.274322,44.401073,52.743894,52.743894,52.743894,52.743894,
39.148152,46.628330,54.230604,54.275511,54.366022,54.366022,
40.341430,45.676694,52.658610,52.658610,52.627613,52.627613,
40.813673,45.622088,54.282393,54.282393,54.282393,54.282393,
42.430960,45.384872,48.811417,48.811417,48.811417,48.811417,
40.498280,44.964531,50.603912,50.603912,50.603912,50.603912,
38.437988,44.527869,52.347295,52.347295,52.347295,52.347295,
42.125181,47.271552,52.954121,52.820911,52.689707,52.689707,
38.457518,44.253175,52.768127,52.768127,52.768127,52.768127,
40.324245,42.632212,48.606141,48.606141,48.606141,48.606141,
39.792767,43.750285,51.341432,51.341432,51.341432,51.341432,
39.767677,45.329612,50.712154,50.712154,50.713396,50.713396,
41.123660,44.965977,49.340107,49.340107,49.339881,49.339881,
42.891849,47.506589,51.631571,51.631571,51.631571,51.631571,
40.362241,44.702746,52.086428,52.086428,52.086428,52.086428,
41.347834,45.127750,48.144534,48.144534,48.145394,48.145394,
40.157018,46.354098,51.985671,51.985671,51.985671,51.985671,
43.498933,46.463980,48.536821,48.536821,48.536821,48.536821,
41.199361,47.277602,55.339310,55.339310,55.339310,55.339310,
40.244466,44.532899,51.677763,51.677763,51.677763,51.677763,
38.817901,45.604285,49.687431,49.687431,49.687431,49.687431,
40.319037,45.140104,51.997343,51.997343,51.997343,51.997343,
39.485648,44.957056,54.080528,54.078505,54.069752,54.069752,
38.119051,42.010344,53.287620,53.287620,53.287620,53.287620,
40.003687,44.052951,48.072379,48.115878,48.204206,48.204206,
38.924735,44.215031,51.493919,51.493919,51.493919,51.493919,
42.409829,46.322654,53.206498,53.206498,53.206498,53.206498,
40.096679,43.574255,50.494831,50.494831,50.494831,50.494831,
41.347376,46.199381,53.747989,53.747989,53.747989,53.747989,
40.603488,45.531227,51.240244,51.330947,51.518241,51.518241,
41.492385,43.229553,48.292499,48.292499,48.292499,48.292499,
40.672646,46.192411,51.544487,51.544487,51.544487,51.544487,
41.784735,46.471721,49.756581,49.756581,49.756581,49.756581,
39.079938,44.959595,51.217774,51.308004,51.590518,51.590518,
38.935095,46.042140,54.122370,54.122370,54.122370,54.122370,
40.079421,43.795723,52.198314,52.198314,52.198314,52.198314,
38.918690,44.902935,50.832809,50.832809,50.832809,50.832809,
41.270707,45.726721,53.576821,53.576821,53.576821,53.576821,
39.863942,46.405191,54.415818,54.415818,54.415818,54.415818,
40.735425,45.861134,52.046457,52.019522,51.966150,51.966150,
40.468706,45.314691,50.531831,50.531831,50.531831,50.531831,
39.307422,47.319550,51.763730,51.763730,51.763730,51.763730,
39.493333,46.010870,51.788721,51.795091,51.807859,51.807859,
41.500550,48.635202,51.039737,51.039737,51.040072,51.040072,
40.974332,44.841759,52.435852,52.435852,52.435390,52.435390,
38.785658,44.307509,54.639281,54.639281,54.637748,54.637748,
40.961217,44.759852,51.051219,51.051219,51.051219,51.051219,
39.558819,44.292560,47.447844,47.447844,47.447844,47.447844,
44.356580,48.754270,53.529193,53.529193,53.529193,53.529193,
39.969096,45.930191,51.906470,51.906470,51.906470,51.906470,
38.538162,46.326328,52.537227,52.544796,52.559974,52.559974,
38.923176,44.849178,52.744514,52.744514,52.744514,52.744514,
40.018258,44.736104,51.109262,51.114709,51.120163,51.120163,
40.933832,45.178335,49.880293,49.880293,49.880293,49.880293,
38.621894,43.589691,52.166625,52.166625,52.166625,52.166625,
39.097987,45.005473,47.010949,47.010949,47.010949,47.010949,
44.466357,48.612598,49.272830,49.272830,49.272830,49.272830,
39.795959,46.137029,52.929866,52.929866,52.929866,52.929866,
41.379933,47.812983,53.305917,53.305917,53.305917,53.305917,
39.694782,45.263409,49.740602,49.740664,49.740602,49.740602,
