22.190025,29.931811,36.569936,36.580859,36.643527,36.650248,
22.038167,29.748255,36.997992,37.032213,37.068906,37.080624,
22.005501,29.936152,37.064511,37.201562,37.506786,37.500972,
22.114197,29.648380,36.971206,37.116641,37.250363,37.249215,
21.930547,29.656821,37.225028,37.392726,37.496431,37.495128,
22.410439,30.044540,37.320840,37.373172,37.445183,37.464013,
22.092616,29.961660,36.518903,36.741407,36.975246,36.972043,
22.296522,30.045982,37.655218,37.699243,37.730260,37.732886,
22.018951,29.576357,36.954765,36.979408,36.986275,36.999725,
22.198212,29.839023,37.084837,37.266879,37.517006,37.518911,
21.924657,29.675956,36.990849,37.193038,37.501553,37.497642,
22.035668,29.664662,36.541989,36.766511,37.114881,37.113606,
21.811417,29.705652,37.006562,37.076542,37.074607,37.072189,
22.078366,29.942721,37.676210,37.837207,38.004552,38.007683,
22.011958,29.889434,36.851293,36.923439,36.911517,36.907559,
21.899065,29.546760,36.286199,36.560761,36.692596,36.685956,
21.995439,29.930188,36.609526,36.652912,36.702627,36.740060,
22.193328,29.479681,35.812770,35.891937,35.950373,35.947449,
22.577105,30.115678,36.523368,36.676481,36.771069,36.773250,
22.499434,29.548000,35.883664,35.961014,36.075041,36.074017,
22.514427,29.526396,36.421828,36.638657,36.637199,36.638900,
22.656678,29.983961,36.452435,36.585149,36.846309,36.848170,
22.333838,29.532491,36.412684,36.427940,36.524972,36.522628,
22.563444,29.775898,36.287001,36.466234,36.624403,36.620141,
22.214751,29.738453,36.545437,36.523569,36.636685,36.637123,
22.624430,29.812783,36.281971,36.401600,36.553074,36.555387,
22.142753,29.507736,36.059355,36.113432,36.222081,36.224621,
22.529848,29.715681,36.422620,36.479537,36.665116,36.661254,
22.727866,29.831523,36.446757,36.504417,36.621240,36.625696,
22.542953,29.952069,36.437073,36.459278,36.435112,36.433118,
22.330013,29.276562,36.133730,36.119113,36.038180,36.042797,
22.528261,29.896327,36.101291,36.241081,36.435962,36.440790,
22.416578,29.463413,35.766344,35.853872,35.978593,35.982625,
22.616199,29.860860,36.078704,36.075244,36.167790,36.155312,
22.244888,29.498273,35.904799,36.021682,36.276073,36.277996,
22.479076,29.815611,36.489942,36.580320,36.793615,36.794597,
22.324181,29.558857,37.005458,37.145489,37.259708,37.259035,
22.271136,29.399253,36.457182,36.429923,36.453244,36.444054,
22.506480,29.744207,36.492826,36.560251,36.691184,36.694925,
22.584538,29.670237,36.599235,36.617035,36.535192,36.534172,
21.964738,29.178524,36.658155,36.673613,36.671090,36.669597,
22.557569,29.630956,36.831037,36.877334,36.981314,36.966138,
22.585826,29.569102,36.707054,36.801497,37.021316,37.019777,
22.543142,29.555854,36.619037,36.661492,36.738356,36.738231,
22.804630,29.866998,36.311545,36.380371,36.397237,36.399928,
22.797149,29.975674,36.695301,36.834272,37.066515,37.063646,
22.505166,29.427035,36.500480,36.459307,36.357969,36.356580,
22.344441,29.932509,36.779814,36.970058,37.030979,37.027921,
22.287360,29.660197,36.404043,36.551588,36.994202,36.991459,
22.644815,30.020381,36.410348,36.402250,36.477385,36.482259,
22.392120,29.475759,36.364579,36.405045,36.450054,36.450357,
22.460103,29.881728,36.420883,36.459499,36.462859,36.464377,
22.607325,29.844548,36.488539,36.526461,36.620707,36.619328,
22.310597,29.317728,36.513048,36.685452,36.852276,36.854319,
22.246436,29.387435,36.170288,36.268898,36.483995,36.483784,
22.341286,29.410681,36.334156,36.392524,36.469874,36.469032,
21.895751,29.263148,36.646582,36.702115,36.812017,36.812346,
22.353653,29.503094,36.493675,36.469248,36.507544,36.507072,
22.384726,29.271586,35.998419,36.082798,36.189347,36.190498,
22.375360,29.516470,35.952572,36.004666,36.039294,36.043743,
22.225461,29.751641,35.941307,36.024551,36.166081,36.166277,
22.400270,29.744747,36.515230,36.559732,36.624879,36.632299,
22.087770,29.681012,36.394462,36.405931,36.532606,36.534741,
22.083154,29.460857,36.360189,36.427734,36.508313,36.509469,
21.979531,29.310561,36.300229,36.364924,36.500410,36.506724,
22.454054,29.727391,36.466266,36.543834,36.549950,36.548379,
22.199233,29.918676,36.326628,36.348660,36.384687,36.388059,
22.073386,29.815367,36.238988,36.351935,36.402353,36.404725,
22.148103,29.624379,36.658814,36.737109,36.762770,36.762395,
22.399281,29.771565,36.870817,36.864770,36.850556,36.850403,
22.440697,29.680662,36.686199,36.645498,36.922113,36.927772,
22.439062,30.130846,37.458168,37.471368,37.469308,37.471044,
22.330987,29.979797,37.638502,37.702619,38.018139,38.011365,
22.128601,29.775311,37.435529,37.442952,37.448924,37.448514,
22.248928,29.916839,36.749665,36.726140,36.913556,36.910812,
22.264207,29.874395,36.452336,36.542223,36.681372,36.694648,
22.045040,29.715699,37.056281,37.002599,37.122519,37.128365,
22.222323,29.843934,37.088259,37.050842,36.950973,36.952906,
22.336869,29.863765,36.728289,36.900463,37.154057,37.157370,
22.154984,29.640481,36.731578,36.800850,36.943036,36.940847,
21.935794,29.497866,36.340959,36.435628,36.505923,36.503967,
21.730885,29.330464,36.648710,36.745304,36.878070,36.877273,
21.930339,29.080906,35.994608,36.058288,36.339898,36.388019,
21.746523,29.456188,36.369123,36.461124,36.513636,36.511298,
22.161880,29.386139,36.248457,36.265264,36.359260,36.365486,
22.003804,29.226311,35.975911,36.065182,36.200059,36.197072,
22.049772,29.580587,35.795013,35.901898,35.915602,35.913730,
22.053908,29.653880,36.546847,36.676806,36.786866,36.808524,
22.123998,29.610328,36.089379,36.223056,36.313470,36.315410,
21.984258,29.392616,35.976485,36.159404,36.478055,36.480047,
21.972256,29.444906,36.437113,36.425226,36.605457,36.606422,
22.184916,29.582426,36.482271,36.504579,36.405439,36.405071,
22.204514,29.761923,36.492900,36.565569,36.642344,36.643560,
22.317967,29.880422,36.570698,36.648174,36.684992,36.696775,
22.214375,29.612288,36.702337,36.816104,37.044069,37.028645,
22.869519,30.064894,36.514102,36.669894,36.832143,36.821000,
22.645412,30.114683,36.587391,36.702143,36.891285,36.885415,
22.613047,30.016509,36.794226,36.855306,36.948587,36.953915,
22.738407,29.883692,36.628924,36.694903,36.736668,36.740847,
22.919423,30.273424,36.276620,36.442340,36.691184,36.689339,
22.207914,29.401338,37.047756,37.060688,37.098407,37.103626,
23.145252,30.117512,36.586013,36.691983,36.875127,36.888751,
22.602961,29.849015,36.798662,36.830872,37.087629,37.088411,
22.410684,30.083578,36.609946,36.731196,36.759645,36.762295,
22.584604,29.929845,36.236406,36.344876,36.466975,36.465550,
22.455361,29.878961,36.394686,36.395916,36.311399,36.318889,
22.766720,30.164996,36.497282,36.664474,36.815718,36.819239,
22.434737,29.581972,37.245538,37.176366,37.249020,37.251258,
22.385485,29.902123,36.670304,36.796815,36.817510,36.816320,
22.414209,29.602803,36.982561,37.068920,37.195683,37.201435,
22.511669,29.903657,36.729374,36.841773,37.017485,37.016955,
22.592934,29.885857,36.369020,36.507052,36.724518,36.728611,
22.389263,29.752494,36.689533,36.716880,36.843667,36.846701,
22.283030,29.937465,36.382576,36.362708,36.229906,36.228026,
22.339340,29.666276,36.818761,36.867475,36.923303,36.922447,
22.767251,29.940846,36.449697,36.522622,36.647778,36.648314,
22.493570,29.782044,36.666351,36.697308,36.923968,36.922619,
22.407519,29.846492,36.410634,36.697788,36.976996,36.976497,
22.417289,29.595947,36.568898,36.597516,36.716360,36.716558,
22.482691,29.778449,36.650748,36.790820,36.874081,36.874671,
22.813945,29.963540,36.784572,36.833944,36.885248,36.886766,
22.661227,29.718578,36.805334,36.786080,36.863614,36.862642,
22.774187,29.994512,36.675127,36.855935,37.095875,37.095011,
22.718835,29.831944,36.485605,36.682103,36.920433,36.932042,
22.716621,29.891007,36.539389,36.639824,36.748291,36.751283,
22.210381,29.831506,36.552452,36.914329,37.315056,37.313210,
22.400579,29.397589,36.278387,36.307309,36.273301,36.280323,
22.057009,29.468941,36.526867,36.632612,36.874219,36.876067,
22.016555,29.764291,36.340786,36.465898,36.781905,36.781076,
22.374272,29.794333,36.160942,36.329179,36.419843,36.419774,
22.043872,29.428517,36.734822,36.708906,36.756047,36.772134,
22.067609,29.595910,36.062214,36.169377,36.308619,36.305984,
22.424117,29.763874,36.758811,36.789656,36.750198,36.749824,
22.172494,29.443523,36.307402,36.370971,36.519848,36.520274,
22.233920,29.299541,36.301126,36.393164,36.575873,36.575801,
22.353704,29.659115,35.040448,35.147515,35.364666,35.355883,
22.220917,29.551741,36.389120,36.332643,36.313859,36.314401,
21.955927,29.497012,35.776882,36.072267,36.254190,36.255837,
21.869753,29.462922,36.098035,36.283192,36.490409,36.492970,
22.008420,29.449291,36.246902,36.319126,36.122525,36.126196,
22.148755,29.394557,36.526046,36.544429,36.563953,36.563403,
22.513859,29.865160,36.274536,36.380869,36.496700,36.500230,
22.032385,29.301884,35.901393,35.908660,35.951898,35.947148,
22.178665,29.648368,36.450174,36.641572,36.776523,36.786847,
21.964840,29.375195,36.661040,36.721600,36.754502,36.756425,
21.941833,29.789422,36.785659,37.016335,37.302000,37.298688,
22.313262,30.335556,37.234009,37.225751,37.339930,37.340559,
22.037694,30.050550,36.635276,36.749235,36.725241,36.725489,
22.047071,29.977025,36.693251,36.717118,36.759998,36.755201,
22.121739,29.973626,36.806468,36.920880,37.064249,37.065992,
21.812789,29.670289,37.684390,37.688582,37.632974,37.634228,
21.711465,30.110368,37.444221,37.513415,37.786608,37.781166,
21.819290,29.983619,37.877250,37.971600,38.121817,38.125683,
22.030416,29.756201,38.013100,37.995822,38.027366,38.025592,
22.067550,29.884666,37.024313,37.192600,37.450125,37.451737,
22.311285,30.295672,37.485986,37.683659,37.796260,37.795118,
23.097469,30.338439,36.970718,37.081169,37.244640,37.236404,
22.737255,29.869763,37.013847,37.066341,37.171568,37.171403,
22.591785,29.711868,36.479529,36.627123,36.692288,36.692780,
22.064363,29.746739,37.026741,37.223286,37.509611,37.512404,
22.429601,29.542406,36.899637,36.912122,36.975249,36.990536,
22.398872,29.667211,36.352066,36.407403,36.415962,36.414669,
22.450550,29.739993,36.164452,36.282847,36.428846,36.428406,
22.419847,29.615771,36.376762,36.582589,36.933651,36.926841,
22.351453,29.746946,36.642913,36.648220,36.674462,36.673163,
22.521912,29.674451,36.489416,36.699788,36.951874,36.898956,
21.998740,29.329529,36.386209,36.535335,36.787536,36.787385,
22.516230,30.132336,36.808768,36.928006,37.146756,37.145554,
22.203530,29.542419,37.222202,37.240869,37.250653,37.249925,
22.448140,30.100707,36.589944,36.667363,36.734257,36.732344,
22.039969,29.705153,37.029127,37.107252,37.243390,37.248282,
22.132580,29.690564,36.771649,36.841085,36.947190,36.947817,
22.223817,29.785405,37.411420,37.540920,37.655022,37.641406,
22.094358,29.690366,37.062356,37.225470,37.286382,37.284267,
22.221569,29.582096,36.335892,36.578443,36.816339,36.884171,
21.991406,29.654722,36.940036,37.087579,37.215562,37.216006,
22.010397,29.822638,36.953919,36.844247,36.750313,36.747372,
21.909240,29.665323,36.675243,36.671017,36.724906,36.723617,
21.700863,29.627821,37.147436,37.290589,37.672789,37.675535,
21.409257,29.479712,37.103744,37.257434,37.400497,37.400004,
20.961710,29.415528,37.335501,37.333119,37.519930,37.517638,
20.629806,29.483551,36.895770,37.021502,37.247289,37.250674,
20.460614,29.562481,37.896942,38.162803,38.690842,38.694157,
19.911332,29.469145,38.056979,38.370737,39.026163,39.027132,
19.622874,29.292824,37.792751,38.016069,38.359637,38.350110,
18.832574,28.796256,38.010419,38.515153,38.951614,38.949503,
18.945266,29.162232,38.216877,38.525312,39.010387,39.014585,
19.315184,29.870602,38.872069,39.114204,39.483460,39.484630,
20.227033,30.622588,38.927899,39.078105,39.358511,39.360330,
20.459796,30.255130,39.346564,39.479057,39.546237,39.557028,
20.793425,30.784076,38.572244,38.695396,38.742605,38.745269,
20.681395,30.542673,38.784776,38.987988,39.390857,39.394340,
20.336823,30.542290,38.837622,39.101768,39.214126,39.209730,
20.233787,30.287824,38.840351,39.118090,39.270373,39.270417,
20.663672,30.124941,38.707831,38.787486,39.094793,39.091884,
20.698872,30.461283,37.987802,38.185780,38.228087,38.225284,
20.699858,30.199751,38.024167,37.920200,38.200747,38.205800,
20.572428,30.344436,38.363310,38.640141,38.768258,38.766512,
20.520555,30.226827,37.347897,37.417323,37.400953,37.398100,
20.757958,30.468952,38.308054,38.320083,38.403539,38.402882,
20.325225,30.174985,37.374914,37.603849,37.941314,37.941643,
20.490902,30.268656,38.416642,38.415160,38.598281,38.600304,
21.006245,30.408504,37.801109,37.852943,37.934950,37.935016,
21.025182,30.077395,38.273802,38.413888,38.664613,38.653776,
21.219705,29.957481,37.557933,37.568835,37.669544,37.670500,
21.754455,30.225247,36.793467,37.058399,37.154334,37.153185,
21.667779,30.082019,37.148109,37.436901,37.691245,37.668816,
21.789731,30.212100,37.536752,37.612646,37.741940,37.736272,
21.745908,29.691245,36.801036,36.845598,37.015314,37.021256,
21.739878,29.862745,37.026911,37.116308,37.224520,37.219794,
22.064415,29.775896,36.641851,36.644966,36.620910,36.617861,
21.628074,29.552483,36.449275,36.607854,36.857318,36.862050,
21.242254,29.489447,36.306583,36.292072,36.307856,36.305446,
20.419684,28.950846,36.558028,36.663261,36.631962,36.629124,
20.331426,28.772120,36.652970,36.856823,37.191347,37.189498,
20.267292,28.644458,36.525641,36.755598,37.042698,37.037686,
20.197236,28.141751,36.380402,36.480700,36.537652,36.540432,
21.232851,28.626627,36.149392,36.217176,36.316846,36.313349,
21.917586,29.022157,35.332863,35.382869,35.590004,35.590806,
22.614298,29.255619,34.862275,34.803338,34.895828,34.894283,
22.676067,29.344956,34.348878,34.364040,34.414607,34.415714,
23.181456,29.266698,34.868882,34.843439,34.850728,34.850985,
22.751701,29.258281,34.613695,34.655740,34.784009,34.782407,
22.564579,28.994017,35.324351,35.314413,35.531924,35.530869,
22.164556,28.923890,35.032939,35.233554,35.390989,35.390606,
21.758292,28.912900,34.932467,35.057724,35.179000,35.183970,
22.130825,28.984825,35.107303,35.227488,35.387760,35.387195,
22.029899,28.668809,34.884916,34.892242,34.998597,34.997447,
22.502166,29.234213,35.049822,35.156216,35.320859,35.320895,
23.043204,28.919990,34.322325,34.455619,34.670846,34.671495,
24.100194,29.373538,34.582192,34.641744,34.752825,34.751534,
24.131761,29.384076,34.575459,34.590828,34.579950,34.582796,
24.398779,29.183725,33.849233,33.881642,33.963521,33.963600,
24.546776,29.644539,34.200268,34.211540,34.210748,34.218009,
24.103283,29.076910,33.958740,34.061098,34.179675,34.179951,
24.174843,29.274897,34.391948,34.473546,34.572146,34.573415,
24.057832,29.498694,34.590014,34.645694,34.693825,34.694633,
24.202552,29.547047,34.415778,34.415413,34.540951,34.538702,
24.221813,29.308265,33.886126,33.891946,33.877919,33.877713,
24.138750,29.454784,34.693385,34.677897,34.673226,34.676319,
24.314967,29.555693,34.900772,34.874348,34.807890,34.808687,
24.582928,29.607071,34.329923,34.339575,34.372974,34.373147,
24.353270,29.242459,34.582799,34.539592,34.565166,34.567731,
24.522456,29.656518,34.552941,34.527409,34.529996,34.533467,
24.182306,29.552703,34.546268,34.594610,34.663902,34.661774,
24.371074,29.475910,33.856414,33.936158,34.102535,34.103023,
24.412831,29.623166,34.267916,34.275541,34.337942,34.338200,
24.520500,29.342815,33.966777,33.961840,34.048017,34.047133,
24.083018,29.152242,34.176891,34.192058,34.173693,34.173500,
24.444899,29.502036,34.276340,34.347693,34.463181,34.461267,
24.728142,29.688200,34.300656,34.307997,34.281586,34.281021,
24.050583,29.388917,34.180740,34.200175,34.228912,34.229749,
24.425587,29.225494,34.148092,34.182294,34.236673,34.232955,
24.166977,29.365087,34.167053,34.156376,34.124992,34.124474,
24.628499,29.827757,34.546828,34.541650,34.483875,34.481538,
24.242578,29.332246,34.488269,34.492197,34.497508,34.494436,
24.285086,29.097932,34.244057,34.207353,34.176744,34.167928,
24.431459,29.583604,34.078568,34.129499,34.249004,34.248863,
24.537077,29.746813,34.614719,34.604040,34.573370,34.572645,
24.393648,28.990036,34.184981,34.275664,34.367144,34.365646,
24.624429,29.538557,34.419420,34.418793,34.423898,34.424278,
24.294794,29.531931,34.484358,34.489645,34.501784,34.502319,
24.162474,29.190751,34.244238,34.283559,34.300608,34.302850,
24.226752,29.163838,33.849554,33.883576,33.985873,33.980492,
24.544615,29.454958,34.030128,34.006211,33.997258,33.997813,
24.648180,29.642978,33.910837,33.958083,34.012842,34.014488,
24.540348,29.654607,34.317811,34.355723,34.412826,34.410760,
24.287851,29.328536,33.998357,34.035545,34.023362,34.024188,
24.536372,29.447231,34.179917,34.178634,34.162125,34.138032,
24.646383,29.453365,33.946290,34.037294,34.122490,34.121510,
24.251515,29.463106,33.914122,33.864589,33.859382,33.859921,
24.522259,29.501334,33.747137,33.878001,34.023500,34.026163,
24.524493,29.674358,34.272777,34.347913,34.418654,34.419354,
24.350222,29.405062,33.919038,33.962291,33.933825,33.937060,
24.049564,29.053037,34.361860,34.362781,34.306185,34.306811,
24.275538,29.636308,34.135413,34.132286,34.100099,34.100777,
24.256181,28.830424,33.705386,33.818201,33.983199,33.984149,
24.461388,29.626566,34.222232,34.264054,34.296591,34.295854,
24.250035,29.133074,33.808724,33.826420,33.841749,33.842464,
24.483564,29.483688,34.392609,34.391508,34.393044,34.392290,
24.424394,29.465281,34.198504,34.231138,34.306859,34.308308,
24.975775,29.654724,34.297597,34.312851,34.317022,34.315855,
24.199472,29.212977,33.958039,34.049185,34.219451,34.221178,
23.995809,29.100574,34.137530,34.152245,34.180072,34.183026,
24.694312,29.609377,34.072829,34.091637,34.113135,34.110744,
24.737702,29.447371,34.530972,34.585319,34.670469,34.669759,
24.147161,29.204135,33.962112,34.083403,34.187271,34.187230,
24.690759,29.379831,34.067064,34.111688,34.154854,34.154745,
24.110535,29.273357,33.598532,33.716636,33.874083,33.874597,
24.319558,29.492349,34.586359,34.580816,34.708620,34.709399,
24.455425,29.470507,34.398413,34.399400,34.399560,34.399995,
24.639868,29.738332,34.389753,34.447426,34.472447,34.469909,
24.382887,29.529777,34.168928,34.190038,34.232486,34.232877,
24.407265,29.282997,33.953254,34.025441,34.059251,34.058553,
24.243715,29.031033,34.147868,34.091919,33.982969,33.982969,
24.317803,29.072149,33.747346,33.803352,33.888579,33.888579,
24.129750,29.375406,33.944177,33.948924,33.963000,33.961372,
24.415595,29.246169,34.267585,34.282847,34.312864,34.310389,
24.493647,29.551702,34.366103,34.312878,34.282254,34.280785,
24.290689,29.061522,33.777539,33.840877,33.995473,33.994389,
25.960108,33.642961,39.621308,39.686524,39.825585,39.818957,
25.615865,33.058720,40.711875,40.735597,40.785360,40.781793,
25.589170,33.051363,40.377119,40.342364,40.309441,40.311365,
25.713900,33.349176,40.448089,40.421205,40.373901,40.374073,
25.864467,33.419035,40.422679,40.408121,40.425875,40.425759,
25.813020,33.134081,40.411662,40.422715,40.471878,40.473053,
25.617571,32.832853,39.082172,39.113752,39.193252,39.196142,
25.886548,33.192075,40.182950,40.159020,40.198949,40.201654,
25.784897,32.630008,40.778718,40.428972,40.418803,40.419267,
26.042013,32.755927,40.458144,40.379067,40.494728,40.497741,
25.989502,33.318718,39.830296,39.936582,40.056814,40.056334,
25.545915,32.898271,40.534334,40.535168,40.580656,40.583066,
25.509994,32.821186,39.877250,39.940369,40.018000,40.018635,
25.300566,32.711542,41.113295,41.148581,41.228129,41.225962,
25.801870,32.987437,40.243574,40.232328,40.205057,40.204008,
25.533443,33.137749,41.219676,41.224949,41.245332,41.247930,
25.732927,33.020195,40.322911,40.351991,40.403275,40.402639,
26.359818,33.796010,40.272063,40.212848,40.248503,40.248727,
25.847900,32.872352,39.976330,39.981287,39.982809,39.984542,
25.900209,33.155185,39.799902,39.799953,39.794369,39.796229,
26.288525,33.334137,40.419760,40.443336,40.435522,40.435522,
26.148029,33.222531,40.049411,40.094773,40.179467,40.187935,
26.118287,32.722899,39.809407,39.832064,39.872615,39.873025,
26.094148,32.731158,39.156558,39.180343,39.186282,39.185320,
26.071710,33.357412,40.223455,40.245093,40.318201,40.317747,
26.010532,32.666717,39.593165,39.591534,39.478455,39.474998,
26.054091,33.118275,40.304194,40.295977,40.310898,40.308578,
26.673729,33.265106,40.237008,40.233225,40.214745,40.215575,
26.166582,33.054738,39.912735,39.911625,39.966663,39.967448,
26.410555,32.746602,39.578684,39.580645,39.574142,39.573951,
26.156059,32.941552,40.227681,40.256100,40.179351,40.179845,
26.186841,33.073082,40.322967,40.325665,40.321236,40.320385,
26.314380,32.921029,39.501995,39.544309,39.652492,39.652249,
26.168101,33.076875,39.886007,39.902055,40.269875,40.267857,
26.130061,33.066128,39.537474,39.475237,39.349087,39.349586,
26.020002,32.329452,39.634067,39.755684,39.659089,39.663477,
26.416829,33.530270,40.231786,40.298820,40.395821,40.394089,
26.013182,32.617103,40.290909,40.314105,40.341387,40.338708,
25.836803,32.960702,39.858301,40.064792,40.313680,40.312887,
26.076102,32.789444,38.505101,38.731788,39.164926,39.167188,
26.362235,33.372983,39.898128,39.897716,39.887715,39.886534,
25.997180,32.730199,39.735968,39.730912,39.795821,39.794815,
26.100305,33.146671,39.907147,39.929569,39.965944,39.966728,
26.302164,33.003659,39.813217,39.917400,40.121717,40.121175,
26.096799,33.161595,40.647849,40.614206,40.581484,40.580460,
26.425378,33.215700,40.060834,40.114291,40.187577,40.186862,
25.840003,32.985198,39.365109,39.462528,39.534988,39.534372,
26.176909,33.235089,39.649233,39.641729,39.682002,39.680680,
26.427051,33.545155,40.130032,40.093716,40.080676,40.073755,
26.206221,33.518230,39.946410,39.993834,39.961612,39.960567,
26.425831,33.744780,39.661947,39.665166,39.731742,39.730603,
26.358265,33.332394,39.707340,39.759036,39.818022,39.819235,
26.577962,33.311763,40.335312,40.301764,40.297670,40.299251,
26.263394,33.283074,39.096981,39.229249,39.576711,39.583649,
26.304692,33.130146,39.601464,39.730572,39.864555,39.864657,
26.121469,33.147131,38.944396,38.975632,39.007765,39.007681,
25.987403,33.168273,39.383008,39.457676,39.573694,39.573599,
25.895877,33.029686,39.704477,39.597601,39.403633,39.403863,
26.029321,33.064065,39.696385,39.679854,39.694125,39.695893,
26.005109,32.823273,39.955413,39.952284,39.886373,39.881857,
25.880241,32.773917,39.600448,39.555826,39.566688,39.567404,
25.970849,32.955508,39.824370,39.864338,39.895741,39.894609,
25.589761,32.919140,39.492594,39.476890,39.483998,39.481845,
25.599159,32.617751,39.801746,39.841658,39.925863,39.926485,
25.677162,33.052721,39.992104,39.994736,40.028823,40.030097,
26.299751,33.222646,39.463698,39.488060,39.617433,39.618399,
25.674499,32.602013,40.267128,40.418926,40.579835,40.581040,
26.424607,33.456653,40.229493,40.274231,40.342300,40.340703,
26.000745,32.967765,40.108025,40.195378,40.307008,40.308026,
26.250847,33.592488,39.960267,40.113912,40.340418,40.344581,
26.296516,33.953963,40.740915,40.754281,40.802992,40.802992,
26.309060,33.295864,40.730426,40.734388,40.761875,40.762001,
26.158212,33.388296,40.608412,40.647543,40.683143,40.686414,
26.457424,34.378918,40.278633,40.447519,40.636919,40.636553,
26.398860,33.363134,40.777173,40.667104,40.661024,40.663480,
26.268223,33.189541,40.753325,40.852655,40.944538,40.944079,
25.608087,33.384454,40.688474,40.709462,40.692800,40.691193,
25.732291,33.251921,40.140730,40.145306,40.161084,40.162671,
25.960292,33.041885,40.528221,40.403572,40.296682,40.296400,
25.659462,32.783799,40.099793,40.196812,40.285002,40.285284,
25.653058,32.608975,39.684495,39.662715,39.620010,39.623682,
25.361034,32.696437,39.849428,39.863731,39.908166,39.905999,
26.015729,32.869383,39.921752,39.932922,39.949457,39.950186,
25.794653,32.872729,39.655309,39.643033,39.636096,39.635466,
26.150010,32.973835,39.999785,40.010656,40.016287,40.017874,
25.462176,32.462007,39.686101,39.729563,39.778770,39.779722,
25.595147,32.503986,39.699163,39.704945,39.736799,39.739082,
25.756559,32.601396,39.868881,39.816904,39.647587,39.647052,
25.613133,32.647179,38.668476,38.699384,38.747308,38.751062,
25.705222,32.963365,40.273270,40.306965,40.363043,40.362298,
25.773814,33.155919,39.923571,40.203310,40.359291,40.359349,
25.786575,32.955664,40.002342,40.018403,40.060206,40.060741,
25.668484,32.981031,40.450339,40.428964,40.483763,40.484175,
25.687330,32.866481,40.338972,40.360336,40.389064,40.389410,
25.850044,33.242002,40.330553,40.344481,40.462934,40.460355,
26.100451,33.077619,39.589555,39.759672,39.932935,39.946918,
26.088989,33.305462,39.429022,39.540188,39.641128,39.646202,
26.711689,33.452123,40.608533,40.468303,40.280678,40.280678,
26.281420,33.378017,40.087561,40.090036,40.063267,40.061716,
26.496921,33.110360,40.051244,40.051431,40.060988,40.055112,
26.017301,32.855036,40.211050,40.318350,40.442906,40.441855,
26.800197,33.389992,39.921526,39.976324,40.054926,40.054445,
26.414332,33.524977,40.087554,40.328343,40.488818,40.488641,
26.444117,33.503827,40.435405,40.467452,40.607533,40.607533,
26.943878,33.639903,40.271509,40.249013,40.217507,40.218228,
26.490798,33.308478,40.172189,40.240864,40.376070,40.376012,
26.739265,33.429898,40.304378,40.319669,40.401707,40.525261,
26.951119,33.689855,40.548050,40.410018,40.356365,40.356823,
26.228554,33.253640,39.843691,39.867014,39.821960,39.821150,
26.166951,33.445520,40.343897,40.271088,40.275859,40.278444,
26.022857,33.553003,40.214585,40.255478,40.287036,40.288444,
26.344549,33.723718,40.535779,40.555531,40.601505,40.600295,
26.352523,33.552357,40.951413,40.949872,40.938147,40.936969,
26.382330,33.457872,40.609390,40.633899,40.683398,40.685310,
26.433822,33.103766,40.492823,40.538016,40.577479,40.577358,
26.291377,33.534728,40.454404,40.485089,40.517268,40.517505,
26.325382,33.176999,40.632405,40.650826,40.643974,40.641865,
26.850055,33.627799,39.653781,39.698148,39.699501,39.696551,
25.999846,33.334915,40.443643,40.565951,40.707313,40.708058,
26.349596,33.711101,40.872922,40.853312,40.859732,40.856264,
26.127838,33.406903,40.180291,40.173978,40.241373,40.240036,
26.435837,33.211839,40.611482,40.628474,40.682966,40.683274,
26.535232,33.638412,40.914466,40.933962,40.971670,40.971439,
26.165696,33.163951,39.954220,40.086600,40.397662,40.398066,
26.622990,33.311885,40.577464,40.594474,40.629670,40.631559,
26.188696,33.471747,40.655397,40.657788,40.726367,40.725557,
26.467779,32.902125,39.576209,39.614478,39.679884,39.678416,
26.346919,33.101055,39.528310,39.588824,39.594581,39.593669,
25.898748,32.858427,40.593666,40.528861,40.327050,40.324550,
26.128243,33.294077,40.360222,40.348413,40.385693,40.390880,
26.236856,32.846548,39.799827,39.829371,39.877115,39.880857,
25.875918,32.772350,39.370509,39.416021,39.483770,39.483863,
26.278762,33.139781,39.494729,39.516341,39.555368,39.553228,
26.170115,32.800823,39.856433,39.869635,39.968756,39.968128,
26.683931,33.301950,39.501214,39.499593,39.477340,39.483512,
25.806623,32.503073,39.510145,39.524836,39.537090,39.537895,
26.367454,33.403483,39.237770,39.151711,39.070577,39.071088,
25.755018,32.839713,39.812510,39.803232,39.794124,39.793069,
25.916409,33.161636,39.787889,40.007474,40.158316,40.157332,
26.088577,33.096589,40.229646,40.198280,40.131437,40.132252,
25.856395,32.702939,39.298455,39.319899,39.358602,39.354375,
26.051407,33.019159,40.346358,40.248824,40.021891,40.023958,
25.837140,32.855555,39.679279,39.723710,39.799393,39.798738,
25.902188,32.963084,40.026675,40.055646,40.173944,40.175206,
25.838816,32.592129,40.725993,40.727613,40.752926,40.754681,
26.094145,33.336015,40.968556,40.980033,40.996378,40.996909,
25.732356,33.286604,39.947165,39.987227,40.020197,40.022739,
25.814348,33.522875,40.184868,40.202944,40.242362,40.242473,
25.589809,33.108512,40.768656,40.799909,40.813205,40.811584,
25.901485,33.434210,40.085034,40.216898,40.379326,40.380361,
26.310700,33.186602,40.916841,40.921433,40.943383,40.946856,
25.335158,33.365198,41.009766,41.075668,41.131014,41.128963,
26.000710,33.360104,41.157293,41.234831,41.364571,41.360640,
26.013276,33.715359,41.458508,41.459651,41.392788,41.395186,
25.513519,32.927873,40.075122,40.181741,40.395107,40.392163,
26.023983,33.382992,40.249062,40.246941,40.205161,40.210579,
26.537214,33.445182,41.174052,41.203540,41.330688,41.330723,
26.313538,33.390557,40.426805,40.477633,40.596257,40.596136,
25.997656,32.981885,39.569420,39.587260,39.657707,39.656294,
25.828300,33.143937,40.294355,40.318109,40.336921,40.335611,
26.234638,33.002249,40.219510,40.115380,40.034544,40.039168,
26.097567,33.271016,40.023739,40.044962,40.069663,40.070145,
26.039876,33.092386,39.575510,39.625482,39.713645,39.715323,
26.300898,33.360148,40.824613,40.810266,40.822287,40.822319,
26.646941,33.407751,39.984430,39.982855,39.957833,39.956789,
26.543922,33.381370,39.936965,39.988804,40.108106,40.111295,
26.040587,33.087753,39.512912,39.561641,39.629903,39.630096,
26.187752,33.393272,39.919973,39.927664,39.895953,39.896107,
26.129986,33.242678,40.765292,40.773755,40.828454,40.830495,
26.092146,33.449992,40.547049,40.576621,40.633144,40.639979,
26.104618,33.258025,40.157858,40.186759,40.237175,40.238233,
25.915080,33.409628,40.220813,40.257652,40.293114,40.291310,
25.795479,33.702010,41.100400,41.089142,41.133801,41.130928,
25.499186,32.996835,39.529622,39.511499,39.535349,39.535941,
25.659932,33.585147,39.961246,40.010128,40.029055,40.027994,
25.923048,33.629720,40.486393,40.510779,40.524554,40.525387,
25.682536,33.303045,40.109714,40.080515,40.067942,40.069227,
25.269399,33.169562,40.483593,40.508260,40.569720,40.571162,
25.586688,33.328463,41.396703,41.345750,41.255480,41.255269,
25.015940,32.660126,40.657359,40.798801,40.970533,40.971060,
24.414824,32.639052,40.805719,40.923576,40.978226,40.978490,
23.874214,33.016107,41.510352,41.570278,41.616795,41.619855,
23.480140,32.756634,41.297342,41.307835,41.364219,41.364652,
22.784084,32.143467,40.974341,41.014299,41.070346,41.074563,
22.617271,32.526223,41.356001,41.565854,41.793488,41.792333,
21.779696,32.337320,42.179175,42.298794,42.723495,42.723643,
21.891831,32.154553,41.825968,42.038833,42.188979,42.188543,
22.182855,32.820306,42.571786,42.574300,42.708153,42.710957,
22.565303,32.965126,42.946311,42.733633,42.561198,42.559155,
23.004365,33.498703,43.139470,43.061818,43.177919,43.182413,
23.478705,33.691599,42.517315,42.576803,42.613207,42.614265,
23.494800,32.997138,41.952660,42.224558,42.445421,42.455011,
23.072026,33.297236,42.828815,42.979821,43.094420,43.094152,
23.055017,33.239983,42.750678,42.756441,42.776173,42.776073,
23.203538,33.143230,41.750026,41.832062,41.954933,41.957538,
23.793831,33.425314,41.812027,41.888939,42.003536,42.005501,
23.737665,32.977846,41.526726,41.530923,41.708341,41.706897,
23.492810,32.844281,40.692212,40.696634,40.594874,40.587748,
23.492102,32.770950,41.838083,41.797672,41.738242,41.737141,
24.105132,33.713449,41.821296,41.895152,41.976097,41.976886,
23.711981,33.707032,40.977013,40.990300,41.058964,41.067043,
23.652522,33.050328,40.025966,40.097899,40.183012,40.181693,
24.003653,33.244342,40.870442,40.859668,40.888027,40.887478,
24.661989,33.719524,41.389240,41.414861,41.457374,41.456969,
24.805372,32.915095,41.035111,41.138200,41.097464,41.100349,
25.661621,33.904968,40.580851,40.458217,40.571583,40.573146,
25.192005,33.691804,40.917151,40.967140,41.035604,41.034902,
25.904810,33.871229,40.920643,40.938302,41.089972,41.090921,
25.283479,33.547930,40.652020,40.722529,40.771953,40.769529,
25.592233,33.327842,40.207925,40.225182,40.290423,40.289465,
25.655181,33.383193,39.502436,39.564328,39.689841,39.695586,
25.012454,33.054129,39.302409,39.425182,39.568603,39.569080,
24.397790,32.308025,39.377696,39.525693,39.755080,39.728634,
23.900123,32.089366,40.185878,40.096370,40.011785,40.011416,
23.468338,31.578406,40.385592,40.273887,40.161399,40.161672,
23.090156,31.602095,39.554684,39.546201,39.590916,39.591252,
23.292957,31.282025,40.002395,40.041462,40.079918,40.087870,
24.750901,32.233870,39.483916,39.551980,39.405489,39.405627,
25.744773,32.298093,38.998166,39.050942,39.119381,39.119682,
25.828523,32.353936,38.539093,38.556712,38.649019,38.667361,
26.396943,32.515073,37.814615,37.842555,37.842139,37.840824,
26.384668,32.470212,37.571045,37.697258,37.609719,37.609750,
26.261089,32.415283,38.258774,38.311438,38.403439,38.403548,
26.324013,32.574430,38.350363,38.335679,38.331262,38.330975,
25.870076,32.045280,38.566448,38.579444,38.551715,38.552206,
25.034944,31.788506,38.902859,38.908000,38.910214,38.910542,
25.601111,32.046340,39.090601,39.101987,39.144541,39.144888,
25.265107,32.202481,38.860930,38.860909,38.867158,38.867077,
26.267576,32.332939,38.566836,38.746034,38.829599,38.807395,
26.752613,32.514335,38.256340,38.247564,38.244362,38.244643,
26.940076,32.162808,37.650344,37.717442,37.783977,37.783408,
26.792780,31.876399,37.377763,37.554285,37.800919,37.800315,
27.560199,32.407214,37.810117,37.844055,37.917271,37.917401,
27.436651,32.404837,37.548021,37.545624,37.547781,37.548260,
27.595855,32.372159,37.164532,37.224145,37.408869,37.393109,
27.680894,32.178629,37.211064,37.222560,37.270143,37.269890,
27.345019,32.639393,37.389897,37.384655,37.352793,37.352793,
27.074603,31.970245,37.527116,37.623313,37.770874,37.770590,
27.481874,32.898043,37.675863,37.703698,37.720878,37.721065,
27.029158,32.374711,37.563696,37.556964,37.577403,37.577282,
26.706550,31.599684,38.031765,38.107322,38.342902,38.344234,
27.613769,32.589687,37.512961,37.491906,37.512694,37.512486,
27.038522,31.872807,37.872226,37.890768,37.932576,37.932477,
26.952171,32.090147,37.249506,37.273633,37.388921,37.388835,
27.106019,32.232996,37.961807,37.947195,37.945651,37.945881,
27.385598,32.146828,37.127569,37.097668,37.091054,37.091135,
27.028182,32.336872,37.718189,37.767271,37.906887,37.906855,
27.318930,32.389952,37.233985,37.240653,37.265826,37.267062,
27.769125,32.546825,37.400431,37.387647,37.392299,37.392184,
27.195096,31.889641,37.161854,37.151229,37.148167,37.148522,
27.299554,32.505338,36.776504,36.848582,37.055287,37.055261,
27.380231,31.988703,37.125567,37.128886,37.198696,37.198337,
27.207296,32.155498,37.434904,37.448810,37.480679,37.481505,
27.088870,32.332155,37.809580,37.828143,37.887685,37.887944,
27.329753,32.446494,37.255560,37.336892,37.407487,37.407806,
27.574951,32.718947,37.612851,37.596517,37.554116,37.554116,
26.841861,32.030684,37.222389,37.211199,37.161703,37.161594,
27.277221,32.322756,37.368598,37.360037,37.349231,37.346083,
27.564152,32.835524,37.870309,37.875218,37.914820,37.915016,
27.875063,32.688729,37.459607,37.526915,37.544546,37.545205,
27.210802,32.612090,36.911320,36.902697,36.848968,36.848764,
27.440498,32.558394,37.229906,37.318466,37.466057,37.470146,
27.168243,31.958594,37.297298,37.314247,37.368483,37.368684,
26.835805,32.281453,38.049610,38.065347,38.090945,38.090809,
27.051293,32.021360,37.138420,37.182839,37.140589,37.140479,
27.266773,32.109801,36.729148,36.734760,36.696363,36.696313,
27.407911,32.154615,37.541983,37.563222,37.582995,37.582754,
27.645985,32.018857,37.277531,37.294912,37.298023,37.298221,
27.253408,31.931639,37.828475,37.799942,37.804836,37.804963,
27.796799,32.534808,37.074264,37.065674,37.086696,37.098624,
27.530941,32.256924,37.144499,37.140077,37.138249,37.142533,
27.307007,32.247039,37.347825,37.314428,37.245430,37.246352,
27.053667,32.119081,37.335198,37.282303,37.179620,37.179840,
27.292791,32.078125,37.849460,37.876317,37.873021,37.872634,
27.300179,32.061857,37.355107,37.367193,37.384071,37.386005,
26.989327,31.874656,37.622806,37.694463,37.785200,37.779096,
27.050617,32.260852,37.764912,37.768473,37.746239,37.746239,
27.571186,32.086499,36.867232,36.894036,36.919321,36.919503,
27.373776,32.041409,37.311411,37.314307,37.310390,37.310418,
27.136060,32.454981,37.779048,37.856601,37.931667,37.930489,
27.269442,32.310114,38.037543,38.053657,38.059823,38.059789,
27.371533,32.387670,36.914229,36.910695,36.886618,36.886567,
27.131348,32.063843,37.465557,37.477600,37.551408,37.551438,
27.494338,32.620584,37.185574,37.255945,37.402492,37.402695,
27.291230,32.302992,38.006742,38.005077,38.011407,38.011374,
27.536053,32.285231,37.490290,37.485428,37.455343,37.455343,
27.605989,32.370768,36.940173,36.976146,37.084783,37.086508,
27.349939,32.654785,37.753291,37.768036,37.790667,37.791491,
26.818499,32.312070,36.947928,36.958590,37.009119,37.008960,
27.010480,32.088656,37.294219,37.288739,37.255413,37.255805,
27.517571,32.332734,37.604862,37.608827,37.650172,37.650080,
27.444378,32.360068,37.469896,37.434602,37.348916,37.348029,
27.370059,32.151894,37.614863,37.636464,37.669282,37.669252,
26.905002,32.427845,37.438826,37.427764,37.429455,37.429630,
27.413394,32.257445,37.442780,37.409475,37.350258,37.351089,
27.121870,32.461447,37.315926,37.323319,37.354935,37.354591,
27.515473,32.397686,36.712245,36.784148,36.939173,36.939173,
27.480488,32.210608,37.296831,37.277246,37.272631,37.286492,
27.422765,32.498278,37.326165,37.331608,37.344485,37.344056,
27.133139,31.841471,37.167249,37.186370,37.214920,37.230853,
29.286466,36.955507,44.627601,44.612636,44.579755,44.579604,
29.593554,37.352804,44.146283,44.149913,44.149091,44.148474,
29.247746,36.219128,44.608084,44.629916,44.716016,44.716328,
29.034819,36.771088,43.682462,43.707514,43.715319,43.715319,
29.004743,36.903788,44.620589,44.615934,44.555258,44.555107,
29.596460,37.374317,44.712875,44.752998,44.806786,44.806786,
29.668622,37.267504,43.807359,43.817058,43.804890,43.805016,
30.122788,36.722650,43.534185,43.539064,43.535077,43.535137,
29.208227,36.198195,44.102161,44.147926,44.151352,44.151352,
29.631072,37.223961,44.953984,44.975393,44.988007,44.987176,
29.108969,36.486766,44.278968,44.284054,44.291126,44.290772,
29.183136,36.324287,44.667616,44.758887,44.943936,44.944100,
28.634057,36.775300,44.750184,44.757034,44.858848,44.858848,
28.635126,35.889955,45.263386,45.265423,45.270653,45.272250,
28.534416,36.483150,44.397499,44.429023,44.535687,44.535687,
29.334972,36.725668,44.030828,43.794886,43.647455,43.646357,
28.967753,35.777445,43.098305,43.088742,43.093735,43.093735,
29.157384,35.918327,43.272057,43.273191,43.267595,43.267595,
29.648262,36.638839,43.868290,43.869317,43.826747,43.826747,
29.897588,36.133300,43.213493,43.222173,43.199983,43.199542,
29.843161,36.931245,44.487430,44.487727,44.505092,44.505092,
30.253243,36.459228,43.004621,43.019596,43.049967,43.050073,
30.420899,36.711837,43.863685,43.869269,43.859004,43.859901,
29.481776,36.732093,43.783709,43.800114,43.804542,43.804605,
30.608659,37.015175,44.172877,44.193314,44.240703,44.240143,
30.253284,36.599533,44.160306,44.246602,44.417876,44.417803,
30.120563,36.748141,43.056367,43.056634,43.052427,43.052427,
30.096179,36.780973,44.493470,44.490134,44.457650,44.457650,
29.836749,36.481078,43.426216,43.482611,43.613425,43.613788,
30.536726,37.183304,43.889872,43.874347,43.853305,43.853561,
29.586335,37.227860,42.715830,42.715140,42.724852,42.712285,
30.086907,37.095250,43.960467,43.987181,44.002719,44.002586,
30.097402,37.001829,43.694415,43.698118,43.708628,43.708257,
29.731293,36.103426,43.707375,43.719955,43.825555,43.826064,
29.916862,36.687658,43.581507,43.579103,43.558903,43.558963,
29.449630,36.606217,43.564304,43.617317,43.669943,43.674240,
30.569262,36.903061,44.037733,43.740453,43.695603,43.695726,
29.865378,36.234308,43.676621,43.940522,44.509630,44.510822,
29.514915,36.600999,43.450164,43.463775,43.505338,43.505456,
29.762194,37.229882,44.282075,44.342465,44.363574,44.363934,
29.702311,37.246153,44.774742,44.788471,44.806845,44.806686,
30.015130,37.025197,44.920062,44.907154,44.895342,44.895261,
29.817009,36.550996,44.417439,44.427580,44.443093,44.443020,
29.724909,36.915226,43.361891,43.358634,43.403927,43.404793,
30.129438,37.234651,43.699261,43.693166,43.685893,43.685893,
31.114819,37.241459,44.319302,44.334075,44.366508,44.366364,
29.725342,36.138610,44.567310,44.607322,44.648936,44.647322,
29.596198,36.721935,43.983420,43.985993,43.993389,43.993125,
29.612691,36.274256,43.754115,43.755366,43.724504,43.724566,
30.407898,36.386694,44.017614,44.012964,43.983651,43.983651,
29.976173,37.421134,43.887082,43.908742,43.928167,43.928232,
29.639611,36.257439,44.154078,44.135121,44.127002,44.127002,
29.454118,36.684638,43.925433,43.925303,43.943429,43.943560,
29.948775,36.604884,43.585146,43.577376,43.590127,43.590428,
30.170784,36.485839,41.823130,41.818591,41.792552,41.792552,
30.132884,36.710889,43.260876,43.311647,43.407897,43.407897,
28.984469,35.523688,43.794618,43.789317,43.848236,43.848236,
29.601533,36.502388,43.796797,43.801853,43.789917,43.789727,
30.232071,36.607788,42.797248,42.783820,42.767990,42.767990,
29.885018,36.639377,43.155980,43.196722,43.227641,43.227641,
29.885259,36.509189,43.356736,43.421955,43.472604,43.472252,
29.734091,35.944532,43.923806,43.932466,43.965701,43.965701,
29.026335,36.464628,44.288685,44.289746,44.244833,44.244903,
29.740633,36.980838,42.778808,42.781007,42.772666,42.773464,
29.843570,36.797338,45.084518,45.055723,45.053191,45.053022,
29.176551,36.131418,43.880734,43.886405,43.874427,43.874556,
29.312711,35.828659,44.183722,44.201159,44.209695,44.209695,
30.199610,36.850652,44.089928,44.187867,44.438843,44.438843,
29.760506,36.638894,44.946713,44.947701,44.956603,44.957098,
29.716428,36.359884,44.326682,44.341695,44.358557,44.358413,
30.210808,36.787894,43.233172,43.230121,43.235558,43.236391,
29.943011,36.621542,44.352809,44.352325,44.354407,44.354335,
30.221558,37.506823,44.265278,44.267953,44.273448,44.269714,
30.074349,37.070641,44.542770,44.532805,44.511455,44.509593,
30.705842,37.119759,43.923351,43.904790,43.913087,43.913217,
29.654338,36.595112,45.117570,45.127514,45.112094,45.112179,
28.854525,36.630388,44.845256,44.858061,44.887763,44.888088,
29.980315,36.554436,43.856442,43.831791,43.799751,43.799245,
29.465028,36.422265,43.074062,43.300307,43.780183,43.780309,
29.656438,36.872522,44.349131,44.377488,44.410394,44.411849,
28.971746,36.605861,44.735046,44.442342,44.155004,44.153563,
29.387126,36.749064,44.980969,45.054942,45.191074,45.191423,
28.844870,35.848742,42.610658,42.611139,42.619753,42.619850,
29.208501,35.931485,42.763843,42.759463,42.779108,42.779108,
29.258411,36.802626,43.339418,43.339531,43.346189,43.346132,
28.748310,35.880054,43.153923,43.162539,43.179001,43.179001,
28.927639,36.194375,43.009005,43.029127,43.043655,43.043708,
28.829747,36.463968,43.106407,43.331905,43.107215,43.107215,
28.550626,35.537891,44.070980,44.082298,44.092497,44.092497,
29.150034,36.268575,43.287241,43.296351,43.322437,43.322437,
29.691194,37.223241,44.506152,44.491228,44.498646,44.498646,
29.812685,36.421863,44.330841,44.316577,44.349526,44.349526,
29.169863,36.314471,43.285738,43.290345,43.325284,43.325284,
29.051291,35.994876,42.807988,42.831748,42.863732,42.861796,
29.854954,36.375693,44.692234,44.691224,44.693088,44.693165,
30.579585,36.923543,44.505557,44.541176,44.581931,44.582007,
29.896814,36.284830,44.393873,44.373789,44.359240,44.359312,
30.467350,37.499623,43.362877,43.373293,43.370143,43.370372,
30.803362,36.866021,43.272883,43.274787,43.266002,43.265946,
30.263913,37.020845,43.240585,43.259285,43.270574,43.270183,
30.702949,37.523088,44.578129,44.583502,44.558286,44.558964,
30.364877,36.808603,43.472941,43.488683,43.545602,43.545364,
30.035557,36.674125,44.051443,44.053922,44.059623,44.063114,
31.110957,37.659640,44.427233,44.450320,44.415071,44.415289,
30.367408,36.400250,43.879011,43.872064,43.845536,43.845025,
29.998539,37.703904,44.552456,44.560131,44.572197,44.572122,
29.779112,36.882592,44.033962,44.063836,44.108197,44.108197,
30.373195,36.710524,44.282393,44.288826,44.318286,44.318144,
30.178360,36.854986,43.638279,43.661485,43.682969,43.683769,
30.232208,36.962061,44.584032,44.609931,44.651800,44.652108,
30.539846,36.911650,43.469571,43.501854,43.539139,43.539079,
29.902846,36.801122,42.412928,42.599280,42.808894,42.809246,
30.323194,36.503922,43.358406,43.371331,43.411840,43.411783,
30.418562,36.880703,44.869024,44.851915,44.847729,44.847729,
30.325882,37.461376,45.043837,45.077555,45.163664,45.165049,
30.422376,36.851204,44.958913,44.949760,44.955860,44.959904,
30.208397,37.547994,43.947727,43.961090,44.001162,43.984970,
29.836197,37.375253,44.337686,44.351445,44.334539,44.334253,
30.200886,36.402247,43.679540,43.750879,43.906134,43.905098,
29.897246,37.009602,42.240432,42.245290,42.237828,42.237784,
30.022287,36.480744,43.506298,43.518427,43.544336,43.543859,
30.156776,37.855146,45.139330,45.132967,45.130046,45.131077,
30.424847,37.178065,44.213483,44.208202,44.219119,44.219258,
30.662223,36.450354,44.660751,44.637154,44.607589,44.607589,
29.996253,36.354234,43.757510,43.746693,43.714095,43.719614,
29.489185,36.621494,44.594779,44.629533,44.673989,44.673912,
30.822527,37.577165,43.770550,43.733537,43.729803,43.729555,
29.830306,36.703598,44.588198,44.600343,44.605362,44.605286,
29.889618,36.974869,43.548704,43.542563,43.561849,43.561969,
30.077847,37.482597,43.518071,43.531659,43.553524,43.553464,
29.619452,36.372016,44.476945,44.491895,44.475099,44.475616,
29.558588,36.524824,43.158843,43.146643,43.124023,43.124185,
29.573113,37.152207,43.481568,43.457958,43.443725,43.442443,
29.324206,36.348890,44.003828,43.995687,43.990201,43.989937,
29.410345,35.976146,43.691084,43.665145,43.620637,43.623186,
30.417059,36.538083,42.799356,42.807699,42.836619,42.836619,
29.723835,37.020589,44.172429,44.186986,44.245708,44.244518,
29.450667,37.006393,43.469220,43.463132,43.470274,43.470392,
29.250506,37.176170,43.385170,43.387412,43.396850,43.396850,
29.989316,36.776473,43.660092,43.927581,44.506319,44.507584,
28.855548,36.697052,42.691580,42.693833,42.704578,42.704578,
29.522726,36.869503,42.894042,42.908383,42.907404,42.906581,
29.831423,36.650833,42.230610,42.229058,42.229762,42.229718,
30.114335,37.502450,44.574747,44.612921,44.678669,44.678437,
29.471149,37.035784,42.497786,42.513646,42.560865,42.560438,
30.019267,36.843776,45.112201,45.146974,45.224995,45.224381,
28.675400,36.385670,44.783196,44.784861,44.765237,44.765395,
29.357955,36.891394,44.828461,44.849500,44.907032,44.907440,
28.593916,36.470683,44.565689,44.559510,44.551310,44.551460,
29.338369,37.109206,44.852963,44.895871,45.010879,45.009626,
29.204947,37.882709,45.293240,45.316752,45.292884,45.290923,
28.879656,36.876978,44.387844,44.409903,44.444963,44.444963,
29.391545,37.238315,45.326579,45.315631,45.282866,45.283133,
29.105887,36.286258,44.564030,44.571838,44.572669,44.572669,
29.305413,37.805507,45.149388,45.173953,45.230088,45.230001,
29.489049,36.479877,44.133311,44.386487,44.670608,44.670531,
30.571170,37.734563,44.622728,44.706405,44.923274,44.923356,
30.181419,36.931892,44.989960,45.012550,45.060790,45.061720,
29.983489,36.573607,43.431817,43.447759,43.440013,43.439490,
29.766823,37.111800,44.214579,44.234777,44.474803,44.475099,
29.420532,36.596875,43.129721,43.116900,43.112797,43.113013,
29.405100,36.734409,42.131687,42.110429,42.080797,42.080712,
30.351043,37.829190,43.913801,43.932270,43.966424,43.966555,
30.087977,37.068715,43.554674,43.575935,43.596336,43.596034,
29.639652,37.390572,44.166544,44.148834,44.122404,44.122472,
29.953937,37.214001,44.103601,44.103533,44.106449,44.106314,
30.253630,37.306600,43.755163,43.763868,43.768761,43.768635,
29.982836,36.422175,44.954314,44.907889,44.828901,44.828421,
29.121611,36.182520,44.285503,44.384100,44.550765,44.550840,
29.841842,36.791364,44.787975,44.785278,44.747294,44.747530,
30.828621,37.786977,44.359653,44.351678,44.329270,44.329055,
29.832939,36.959270,44.601863,44.605971,44.628787,44.628711,
29.271980,36.456923,45.142752,45.081099,45.024078,45.024078,
30.015040,37.124459,44.249598,44.266316,44.302928,44.301935,
29.249276,37.325375,44.791151,44.790992,44.776958,44.777433,
29.718136,36.423626,44.992705,44.995617,45.017986,45.018070,
29.622068,37.304790,44.999678,45.017045,45.067112,45.067027,
29.218932,36.776310,43.162184,43.181549,43.224913,43.225633,
29.205121,36.418153,44.634567,44.630662,44.656225,44.657534,
28.052666,36.006208,44.866720,44.950357,45.034377,45.034545,
27.560489,36.213576,45.774516,45.784114,45.802520,45.802520,
26.924804,35.838344,44.609931,44.730403,44.851593,44.851513,
27.406446,36.131886,45.301316,45.317267,45.329837,45.329837,
27.124629,35.778198,45.753624,45.773894,45.834972,45.835174,
27.284786,36.538938,45.771330,45.774616,45.752658,45.752361,
26.304545,36.040573,45.356917,45.354836,45.349956,45.349956,
26.545986,36.839265,46.545586,46.557110,46.574199,46.574439,
26.516899,36.826321,45.852125,46.195154,46.573750,46.573032,
26.818330,36.237440,47.673229,47.676970,47.681603,47.682376,
26.831925,37.184513,45.845286,45.943815,46.147110,46.147218,
27.512552,37.593241,46.472101,46.471078,46.499321,46.500498,
27.189893,37.789673,47.011015,47.046548,47.118972,47.119379,
27.398136,36.578165,46.735083,46.736015,46.753201,46.752577,
26.859404,37.077980,45.995567,45.982068,45.984681,45.984786,
27.264040,37.038202,45.686907,45.662086,45.721601,45.720814,
27.200170,36.741596,46.104264,46.094871,46.076466,46.078603,
27.757241,36.647517,46.066947,46.082076,46.083894,46.091495,
27.605385,37.675288,45.372574,45.376707,45.352960,45.353503,
27.798449,37.079201,44.076484,44.034129,43.980289,43.980355,
27.232025,37.892536,44.640931,44.664953,44.701365,44.701443,
26.666779,36.557465,44.786309,44.703155,44.619978,44.619597,
27.183644,36.478700,45.505218,45.520645,45.547503,45.550624,
27.563775,36.382126,43.454410,43.459682,43.460792,43.475375,
28.116618,36.772755,45.682419,45.712705,45.697511,45.697805,
27.828929,36.202070,45.081396,45.449709,45.828134,45.828840,
29.019330,37.528350,45.010900,45.038053,45.172435,45.192512,
28.662746,36.792343,44.253771,44.321101,44.393257,44.392388,
29.184678,36.083236,45.164941,45.166759,45.190726,45.190900,
28.275079,36.450738,43.574495,43.584484,43.607827,43.607525,
29.271077,36.749911,44.412996,44.436427,44.461900,44.462342,
29.090510,36.423999,43.204762,43.205423,43.213534,43.213424,
28.277782,35.888564,43.637229,43.632360,43.567104,43.567164,
27.730889,35.942991,44.512348,44.519654,44.544270,44.547873,
27.301437,35.339803,44.892496,44.892415,44.896807,44.896400,
27.153817,36.221145,43.616075,43.600107,43.609233,43.609415,
27.475448,35.411774,44.630585,44.660770,44.708587,44.708431,
27.297736,35.397666,43.418754,43.417249,43.458133,43.458191,
27.762651,35.108284,44.484469,44.484247,44.481584,44.481658,
28.794330,35.566166,43.934552,43.950819,43.951146,43.951146,
30.673947,36.677839,42.321976,42.325126,42.388515,42.388698,
30.990943,36.956013,42.774762,42.797888,42.801051,42.801051,
30.940677,36.414441,42.432344,42.368271,42.355923,42.356830,
30.874155,36.490758,42.412584,42.412768,42.418375,42.418697,
30.318990,36.441440,42.517621,42.531382,42.552818,42.552343,
30.088528,35.834810,42.383688,42.385422,42.395246,42.395292,
28.314121,35.154674,42.397282,42.381202,42.352660,42.353113,
28.401873,35.333261,41.878458,41.892452,41.918730,41.917910,
28.913212,35.604065,42.047755,42.178326,42.318739,42.307920,
29.676241,36.050910,42.119349,42.162146,42.248186,42.248142,
31.129063,36.312566,42.756566,42.764527,42.791155,42.791155,
31.584987,36.229472,41.284527,41.323167,41.388559,41.388559,
32.029348,37.065885,41.345032,41.501741,41.823020,41.823020,
31.760361,36.681474,41.135179,41.176099,41.246596,41.246525,
32.366039,37.011618,41.880367,41.837993,41.755411,41.755411,
31.762708,36.542836,41.931240,41.974830,42.104478,42.104478,
31.935494,37.022481,41.837319,41.841384,41.853320,41.853401,
32.101430,36.468933,41.631331,41.639318,41.639357,41.639357,
31.208649,36.496482,41.966533,42.008262,42.035547,42.035547,
31.607557,37.033221,41.229624,41.268130,41.339109,41.339109,
32.356932,36.997349,42.053565,42.052043,42.029992,42.029992,
32.308614,37.065204,41.854461,41.860483,41.868863,41.868863,
32.118561,37.061368,42.199133,42.200096,42.203683,42.203683,
31.836873,36.948551,41.557274,41.555012,41.554559,41.554559,
31.289445,35.867784,41.974591,41.815878,41.498158,41.498158,
32.173142,37.422233,41.487363,41.486917,41.482058,41.482058,
31.716717,36.843795,42.474126,42.485368,42.524543,42.524543,
32.531350,36.651181,41.418878,41.417636,41.421217,41.421217,
31.779088,36.231944,40.089229,40.090735,40.091462,40.091462,
31.800878,36.518453,41.548156,41.545447,41.548005,41.548005,
31.978534,36.928747,42.017446,42.017236,42.015056,42.015056,
32.174889,36.354001,40.895867,40.895964,40.898102,40.898102,
32.836121,37.281518,40.794036,40.794321,40.793878,40.793815,
32.039335,37.241316,41.605862,41.606625,41.603079,41.603079,
32.832934,36.709233,40.713381,40.713536,40.715649,40.715649,
31.504055,36.789738,40.989116,40.981115,40.996204,40.996204,
32.519117,36.787127,40.929219,40.929970,40.926380,40.926510,
32.563884,36.775607,41.780414,41.784069,41.785619,41.785619,
32.237437,36.934201,40.913417,40.911206,40.916020,40.916020,
32.670443,36.589845,41.545164,41.559708,41.584688,41.584612,
32.403672,37.115210,41.348212,41.347816,41.343972,41.343972,
32.507309,37.708333,41.757277,41.764273,41.776277,41.776237,
32.651133,36.551984,41.468179,41.470840,41.464448,41.464448,
31.709541,36.252678,41.864236,41.866301,41.863305,41.863305,
32.906423,36.870025,41.124488,41.121211,41.122030,41.122030,
32.761924,37.339284,41.503520,41.508925,41.535790,41.535790,
32.468753,37.321846,41.854097,41.843086,41.832906,41.832906,
32.568034,37.529991,41.691697,41.691814,41.696992,41.696992,
32.464235,37.752415,41.842612,41.848578,41.845675,41.845675,
32.252685,37.527045,41.005769,41.007830,41.015181,41.015181,
32.059760,37.740566,41.903661,41.924052,41.956101,41.953125,
32.881519,37.874523,41.601278,41.557755,41.442581,41.442581,
32.019158,36.285992,40.809536,40.806837,40.797581,40.797581,
31.659630,36.283225,40.757261,40.752746,40.739790,40.739790,
32.434604,37.317329,41.648669,41.673121,41.700401,41.700401,
32.104458,36.980663,41.813007,41.813767,41.818812,41.818812,
32.239496,37.052135,42.015905,42.006484,41.984704,41.984704,
31.991968,36.138862,42.250796,42.253452,42.256153,42.256153,
32.182280,36.357764,40.384419,40.386867,40.396730,40.396730,
32.873458,37.636204,42.139088,42.138743,42.141072,42.141331,
31.438259,36.486268,41.360793,41.359568,41.361082,41.361082,
31.543607,36.557718,41.401413,41.407494,41.447102,41.447102,
32.265839,37.309365,41.875555,41.877260,41.877585,41.877422,
32.111025,36.673237,41.364634,41.365789,41.356559,41.356559,
31.440483,37.264728,41.456904,41.455872,41.453883,41.453736,
32.343900,38.007162,41.808928,41.810967,41.815888,41.815888,
32.746429,37.297411,41.428754,41.435864,41.455900,41.455900,
32.269991,36.151372,41.119105,41.120094,41.118833,41.118833,
32.165829,37.049980,41.571593,41.573561,41.575455,41.575303,
31.994404,37.446142,41.322711,41.320996,41.300932,41.300932,
32.634843,37.508909,41.686419,41.643655,41.604928,41.605081,
32.503148,37.003435,42.119081,42.112432,42.110803,42.110803,
32.055164,36.873160,41.121374,41.120862,41.119907,41.120043,
32.069362,37.013466,41.311692,41.310480,41.348454,41.348454,
31.858691,36.852467,41.300345,41.299705,41.297182,41.297182,
31.805729,37.182725,42.173629,42.174889,42.171325,42.171325,
32.685735,37.113013,41.405563,41.405308,41.370772,41.370772,
33.340839,37.577056,41.432353,41.434590,41.436020,41.436020,
32.300004,37.243331,41.245042,41.245428,41.247465,41.247465,
32.255314,37.164124,42.006055,42.007268,42.015811,42.015727,
32.083228,36.156543,40.734731,40.744448,40.743572,40.743572,
33.489476,40.215651,48.550861,48.600600,48.649033,48.649033,
33.880225,40.808837,50.008820,50.012387,50.013510,50.013510,
34.322589,41.952588,49.994124,49.995242,49.996032,49.996032,
34.037251,41.166694,49.003562,49.009170,49.018725,49.018725,
33.597423,39.882729,49.002515,49.007125,49.014207,49.014207,
33.332734,41.869056,50.340347,50.334864,50.318385,50.318385,
35.415351,41.635524,50.770214,50.770450,50.771158,50.771787,
33.354121,40.124184,47.052559,47.043612,47.046047,47.046047,
33.285382,41.057350,49.425667,49.425379,49.419611,49.419611,
33.446522,41.209289,49.585398,49.570810,49.560795,49.560795,
33.123879,40.509267,47.064474,47.064206,47.063133,47.063133,
33.596530,41.512171,49.079965,49.064215,49.037318,49.037318,
33.117161,40.930369,48.640739,48.644016,48.644016,48.644016,
32.989438,40.579835,48.531462,48.533905,48.557473,48.557473,
33.467786,39.796292,48.870088,48.865164,48.858472,48.858472,
33.674879,40.992162,47.710051,47.708107,47.709196,47.709196,
34.299959,40.589717,47.824345,47.823746,47.823946,47.826501,
33.649502,40.784176,49.842516,49.847284,49.856962,49.856962,
33.452864,41.167763,48.939872,48.881836,48.771614,48.771614,
33.109031,40.729857,49.016938,49.020092,49.020302,49.020302,
33.176663,41.887830,49.068945,49.073254,49.078366,49.078366,
33.465480,40.348356,49.990901,49.991164,49.990638,49.990638,
33.940635,41.413602,49.730498,49.734710,49.744141,49.744141,
34.082243,41.522973,48.288943,48.324991,48.391622,48.391622,
34.443016,40.922590,47.924169,47.925926,47.906517,47.906517,
34.144158,40.454916,47.293011,47.291139,47.286481,47.286481,
33.797454,40.868349,48.774743,48.731827,48.694206,48.694206,
33.862870,40.380188,49.300950,49.350193,49.451197,49.451197,
34.126867,40.519836,47.992472,47.994465,48.000780,48.000780,
33.962220,40.879201,48.247424,48.247908,48.281308,48.281308,
35.029021,41.436607,47.995212,48.015481,48.021158,48.021158,
35.158164,41.600659,49.799776,49.805820,49.818944,49.818944,
34.768519,41.274337,47.805424,47.805782,47.806259,47.806259,
34.168517,40.738470,47.533649,47.533350,47.532865,47.532865,
34.134069,40.795120,49.315670,49.303194,49.260365,49.260143,
34.712231,41.592457,48.808762,48.808962,48.810916,48.810916,
34.126878,41.403351,49.326320,49.313870,49.285889,49.285889,
33.504239,40.103549,48.706319,48.706857,48.709010,48.709010,
34.766821,40.825871,49.233554,49.237588,49.243561,49.242676,
33.706158,40.418911,48.020991,48.017275,48.002277,48.002277,
32.949334,39.872238,46.911983,46.911983,46.911724,46.911724,
33.751654,41.076352,48.593017,48.592398,48.642425,48.642425,
35.390768,41.589064,49.145867,49.149820,49.147653,49.147653,
33.975653,39.831386,48.855282,48.854472,48.855890,48.855890,
33.147421,40.264985,47.517698,47.516768,47.511341,47.511341,
34.412792,40.994870,49.932001,49.934531,49.956195,49.956195,
34.894104,41.058014,48.004024,48.003857,48.007853,48.007853,
34.789174,41.767311,49.996098,49.993203,49.994716,49.994716,
34.163609,40.883592,48.277097,48.277230,48.284103,48.284103,
33.574541,39.441367,48.425096,48.425188,48.423767,48.423767,
34.148399,40.974811,48.393943,48.382670,48.374007,48.374007,
34.493828,41.326805,48.671294,48.670906,48.672070,48.672070,
34.581893,41.948655,48.825621,48.810565,48.780759,48.780759,
33.140089,40.377485,48.863490,48.863287,48.866179,48.866179,
33.866296,40.621072,49.029144,49.029249,49.034310,49.034310,
33.509736,41.034333,47.433116,47.433700,47.444624,47.444624,
33.440769,40.398933,50.125438,50.122727,50.200957,50.200957,
33.403434,41.493175,50.198680,50.214987,50.236639,50.236639,
34.508933,40.131845,49.049316,49.037529,48.971106,48.971106,
34.098650,40.485008,49.052070,49.052864,49.053712,49.053712,
34.003106,40.972304,48.901027,48.916657,48.958026,48.958026,
33.023382,39.812567,48.969755,48.973498,48.974539,48.974539,
33.385196,40.380620,47.630527,47.630717,47.631023,47.631023,
34.027123,41.145201,49.013630,49.013840,49.014050,49.014050,
33.129197,40.321009,48.752985,48.965548,49.641450,49.641450,
33.187461,40.036410,50.258959,50.261128,50.239841,50.239841,
33.312299,40.439748,49.313307,49.317415,49.315839,49.315839,
34.267943,41.576032,48.784791,48.786983,48.789176,48.789176,
34.259298,40.086049,47.506701,47.508148,47.519893,47.519893,
33.260687,40.244605,48.988348,48.982923,48.918505,48.918505,
33.295001,40.576245,49.228146,49.223570,49.220046,49.220046,
34.127362,42.002240,50.530193,50.535109,50.528779,50.528779,
33.841312,41.569559,49.334282,49.332756,49.316740,49.316740,
34.363625,40.389756,49.040275,48.987408,48.951035,48.951035,
35.077324,40.869927,48.410862,48.407482,48.391941,48.391941,
33.910073,41.000399,46.870954,46.864677,46.850393,46.850393,
33.161337,41.730728,49.314207,49.300894,49.346564,49.346564,
33.353163,41.535912,49.767933,49.768745,49.766684,49.766185,
33.426871,41.087035,49.070700,49.076022,49.089517,49.089517,
33.772888,41.236161,47.865217,47.860544,47.857647,47.857647,
33.154971,40.711960,46.939248,46.938890,46.938467,46.938467,
34.095211,39.682590,46.078763,46.076093,46.075586,46.077294,
33.626458,40.707631,48.419187,48.419187,48.419278,48.419278,
33.315813,40.830894,46.811805,46.810288,46.813228,46.813228,
33.178995,39.487837,46.694516,46.692669,46.691070,46.691070,
34.050810,42.527100,49.842579,49.842325,49.842579,49.842579,
34.105523,40.150861,48.159214,48.169229,48.199241,48.199241,
34.702137,42.214092,48.699721,48.698842,48.701773,48.701773,
32.919872,40.111802,49.575050,49.574154,49.520433,49.520433,
34.089729,40.254095,47.328978,47.338106,47.353696,47.353696,
34.035090,40.571929,46.802425,46.813165,46.833963,46.833963,
33.275275,40.907835,49.286113,49.283877,49.284268,49.284268,
33.707997,41.273171,50.583518,50.577193,50.567272,50.567272,
34.461720,41.336222,49.031357,49.048152,49.061401,49.061401,
33.766792,40.907113,49.324797,49.324571,49.318260,49.318260,
34.985541,42.152997,47.632512,47.598877,47.527940,47.527940,
33.558151,39.524883,49.095932,49.081084,49.066500,49.066500,
33.396215,40.541866,48.963316,48.911013,48.794663,48.794663,
34.093515,40.965864,49.627459,49.633995,49.632057,49.632057,
33.359517,41.874642,50.040957,50.038031,50.058817,50.058817,
33.751207,40.861571,49.382991,49.378877,49.365308,49.365308,
34.129197,41.132621,49.485882,49.481787,49.473200,49.473200,
34.238370,40.799909,49.808845,49.810863,49.841118,49.841118,
34.687929,41.533304,49.491094,49.496254,49.507650,49.507650,
33.525785,39.107337,46.048554,46.048634,46.048581,46.048581,
34.838990,40.517424,49.340673,49.324966,49.303082,49.302858,
34.188930,40.760792,50.202406,50.206757,50.223649,50.223649,
34.744993,41.020236,48.897857,48.957715,48.973915,48.973915,
34.319184,41.834785,49.361325,49.361496,49.364170,49.364170,
33.851446,40.466850,50.184634,50.183809,50.182709,50.182709,
33.944417,39.910372,46.340432,46.342758,46.346478,46.346478,
33.968656,41.011554,47.185209,47.184692,47.189622,47.189622,
33.690761,39.639527,46.932318,46.941528,46.966522,46.966522,
33.813680,40.666858,49.835215,49.887285,49.933039,49.933039,
33.839151,41.758423,50.144536,50.144876,50.143514,50.143514,
34.988040,41.781556,49.048628,49.061720,49.104822,49.104822,
34.206758,41.169410,49.755958,49.759510,49.762753,49.762753,
34.279574,41.637887,49.175517,49.174918,49.175354,49.175354,
34.240383,40.982767,50.322783,50.320583,50.321506,50.321506,
34.733879,41.632923,49.089784,49.089517,49.089837,49.089784,
34.992821,41.532779,49.787588,49.791103,49.777875,49.777875,
33.157178,41.985963,49.920600,49.987155,50.043485,50.043751,
34.068499,41.446872,49.648310,49.648188,49.653660,49.653660,
33.758871,42.151331,47.815452,47.810913,47.808883,47.808883,
33.130880,39.880094,48.963523,48.967729,48.976256,48.976256,
34.190493,41.995184,49.567469,49.633571,49.830777,49.830777,
33.797315,40.137506,48.736503,48.734288,48.734829,48.734829,
34.253547,40.914881,49.187959,49.203507,49.220816,49.220816,
33.806988,41.516401,48.465442,48.462667,48.452321,48.452321,
33.463007,40.953932,45.734017,45.731970,45.730096,45.730096,
33.930861,40.928590,49.465446,49.465853,49.468884,49.468884,
32.496369,39.555344,48.922667,48.935229,48.917119,48.917119,
33.890024,40.666858,48.416120,48.417035,48.416669,48.416669,
33.565597,40.524926,49.499716,49.499188,49.503828,49.518899,
34.731572,40.806274,47.943985,47.943329,47.942795,47.942795,
33.190642,39.591090,46.918913,46.924620,46.936579,46.936579,
33.917546,40.282070,49.206853,49.200710,49.192825,49.192825,
34.057751,40.802619,49.188396,49.204110,49.231456,49.231456,
34.115527,39.842452,46.427853,46.429822,46.432371,46.432371,
33.901096,41.695346,49.201313,49.194357,49.184081,49.184081,
33.716788,40.804204,48.971366,48.972822,48.969495,48.969495,
33.846125,41.230954,48.279800,48.282816,48.276964,48.276964,
32.973842,39.010182,48.515705,48.515705,48.514769,48.514769,
32.707099,40.261037,49.981772,49.980263,49.977313,49.977313,
33.455039,41.925786,50.617486,50.624783,50.630264,50.630264,
33.681334,41.445549,49.867110,49.886450,49.916527,49.916527,
33.523442,40.194041,49.198080,49.140513,49.090959,49.090959,
33.411082,40.290803,48.389212,48.390212,48.396903,48.396903,
33.668677,41.333248,49.303082,49.300333,49.298876,49.298876,
33.681311,41.196427,49.816670,49.825015,49.828434,49.828434,
34.713790,42.984416,49.386765,49.386364,49.379220,49.379220,
33.321297,40.169906,50.397799,50.399893,50.396932,50.396932,
33.285153,39.895599,48.205687,48.205513,48.204511,48.204511,
34.009334,41.631129,47.085369,47.054665,47.036780,47.036780,
33.226911,40.812641,50.548095,50.549590,50.553779,50.553779,
33.177175,40.034092,48.376500,48.381263,48.394034,48.394216,
33.150756,39.504081,48.360120,48.360707,48.360075,48.360075,
34.058340,41.453598,49.895509,49.896989,49.903041,49.903041,
33.218639,40.546720,50.131478,50.129713,50.131750,50.131750,
33.819855,40.394991,50.017940,50.018006,50.017940,50.017940,
33.986621,40.647459,46.621545,47.148460,48.443611,48.443611,
35.231521,42.158148,50.004004,50.007170,50.072730,50.072730,
34.108536,41.637964,49.796443,49.794809,49.793741,49.793490,
32.779963,39.345170,49.674025,49.673720,49.673598,49.673598,
33.964129,40.896393,48.838459,48.835183,48.835234,48.835234,
33.385884,39.521395,46.263003,46.267604,46.267102,46.267102,
33.965468,41.668272,49.955282,49.967166,49.958544,49.958283,
33.560898,40.210102,49.806702,49.765748,49.681856,49.680876,
34.197600,40.687919,49.181188,49.174864,49.170943,49.170943,
32.958656,39.897909,49.838769,49.839594,49.847792,49.847792,
33.391438,39.499276,48.311438,48.308714,48.308893,48.308893,
33.718669,41.418787,50.260218,50.254835,50.219004,50.219004,
33.755269,41.692291,49.559069,49.543680,49.514479,49.514479,
33.773091,40.618131,50.445934,50.447103,50.459535,50.459535,
34.145893,41.478890,49.788529,49.786522,49.784014,49.784014,
32.908401,40.721588,49.803301,49.803175,49.805190,49.805190,
33.237117,41.092149,49.076714,49.073945,49.074265,49.074265,
32.810565,41.243814,50.542717,50.534066,50.520750,50.520750,
34.155177,39.474414,47.779665,47.782075,47.782115,47.782115,
34.182452,41.407467,49.287007,49.289020,49.293049,49.293049,
31.984099,41.192966,50.768955,50.769899,50.765103,50.765103,
32.684308,40.560745,50.764868,50.766439,50.762354,50.762354,
32.556391,41.398175,49.924678,49.893002,49.854796,49.854796,
31.885567,41.029061,50.444110,50.448490,50.457265,50.457265,
31.453913,40.971208,50.689470,50.699675,50.717047,50.717047,
30.560908,41.024530,51.740750,51.766104,51.797980,51.797881,
30.583105,39.717483,50.791743,50.793720,50.798626,50.798626,
30.795201,41.229467,49.533195,49.589591,49.635933,49.635933,
32.318231,41.638953,51.818061,51.819663,51.820364,51.820364,
32.382967,42.264180,51.411076,51.394059,51.373764,51.373402,
31.669621,41.300887,52.124729,52.111318,52.115283,52.115712,
31.972357,41.315588,51.257812,51.269445,51.273241,51.273241,
31.384129,41.357127,49.116472,49.117063,48.911424,48.911424,
32.220439,40.920048,50.698514,50.684685,50.639032,50.639032,
31.483521,41.225787,49.770745,49.770745,49.776873,49.776873,
32.048688,40.566709,50.835603,50.943301,51.103142,51.103822,
32.038448,41.288930,50.250646,50.251134,50.239701,50.239701,
32.480021,40.769655,50.711844,50.711378,50.722257,50.721634,
31.838665,41.755618,48.906965,49.150741,49.414714,49.414714,
32.267595,42.495480,51.167229,51.198805,51.263360,51.263360,
31.097442,40.520802,48.319618,48.319305,48.323065,48.323244,
31.943827,41.161535,50.745895,50.749025,50.753882,50.755136,
31.938803,40.007533,49.792485,49.791229,49.793992,49.793992,
32.937213,41.178907,48.523482,48.522920,48.524327,48.524514,
32.775625,41.720974,49.870434,49.868005,49.879844,49.879844,
33.286714,39.869347,50.074874,50.081314,50.077556,50.077556,
32.499718,41.085470,50.291388,50.297240,50.299357,50.299639,
32.113795,40.179969,48.580218,48.576514,48.553599,48.553599,
33.483258,41.128604,47.572050,47.581478,47.597892,47.597892,
33.463867,40.664892,48.652413,48.655071,48.660536,48.660536,
33.522428,40.373650,47.439615,47.438958,47.437679,47.437679,
32.955620,40.653497,48.181261,48.181695,48.183429,48.183429,
33.390992,40.627507,47.115105,47.112020,47.110665,47.100955,
32.272447,40.153652,49.354279,49.354279,49.349228,49.349228,
32.359691,41.143615,47.839982,47.839101,47.836818,47.836818,
32.764220,40.272175,50.595441,50.596348,50.600582,50.605427,
31.653505,39.569993,48.469423,48.471091,48.457953,48.457953,
33.598196,41.598564,47.315393,47.317169,47.324244,47.324244,
33.309815,39.742837,47.869410,47.869773,47.869127,47.869127,
34.325833,40.414365,48.078470,48.076439,48.070351,48.070351,
33.868201,40.987189,47.601266,47.601418,47.598840,47.598840,
34.975731,40.971917,47.690072,47.702475,47.704184,47.704028,
35.309081,40.278128,45.769041,45.768917,45.769091,45.769091,
34.554472,40.767980,45.818565,45.819169,45.820175,45.820175,
32.914263,39.464659,46.704900,46.704900,46.714165,46.714165,
33.913311,40.711262,47.210748,47.208946,47.205622,47.205622,
34.084471,39.929193,48.565988,48.562959,48.562959,48.562959,
34.866740,40.698004,47.086110,47.087727,47.087997,47.087997,
34.532120,40.569134,48.144792,48.144792,48.141870,48.141870,
36.350073,40.939014,46.889295,46.889295,46.889424,46.889424,
36.434411,41.497349,47.794388,47.794388,47.794864,47.794864,
35.267641,40.042061,45.605291,45.605099,45.603280,45.603280,
36.681032,40.271320,47.482870,47.482575,47.482723,47.482723,
36.831660,40.956879,46.516509,46.515564,46.516864,46.516864,
35.880192,41.541442,45.585768,45.585792,45.585887,45.585887,
36.078867,39.983157,44.988651,44.978190,44.958088,44.958088,
37.130158,42.333969,46.378010,46.348808,46.333261,46.333261,
35.521700,41.071071,44.388984,44.388984,44.388187,44.388187,
36.245420,40.492580,47.181592,47.183521,47.180215,47.180215,
35.584180,42.506131,46.516834,46.517070,46.517189,46.517189,
36.284494,41.705004,46.027915,46.027915,46.026226,46.026226,
35.478337,40.199391,44.630050,44.650762,44.690235,44.690235,
36.649810,42.171228,45.961326,45.960703,45.960806,45.960806,
37.153144,40.148897,44.955159,44.955242,45.000344,45.000428,
34.995457,40.729608,47.278024,47.278165,47.277461,47.277461,
37.455329,42.631330,46.931278,46.931018,46.930888,46.930888,
35.412981,40.340924,46.716082,46.714845,46.713485,46.713485,
35.442471,40.680191,44.006131,44.006728,44.006396,44.006396,
36.119876,41.865228,46.892322,46.887300,46.882927,46.882927,
36.631241,41.565656,45.207390,45.206079,45.200839,45.200839,
36.223738,42.708571,47.131206,47.131070,47.132159,47.132159,
36.130694,40.473957,46.248232,46.250010,46.251788,46.251788,
35.513975,41.558000,45.775338,45.775437,45.779225,45.779225,
36.593695,41.456877,45.750924,45.750924,45.746567,45.746567,
35.217114,40.733389,46.955101,46.955886,46.957063,46.957063,
36.151021,41.373592,46.961315,46.959221,46.950463,46.950463,
37.134903,40.559628,46.375492,46.375378,46.376064,46.376064,
36.916962,41.504693,47.077295,47.084830,47.111038,47.111038,
36.329080,42.237442,46.557587,46.557587,46.557468,46.557468,
36.714700,40.573447,44.854957,44.854796,44.854876,44.854876,
36.743134,41.322944,46.648199,46.649904,46.652708,46.652708,
35.041941,41.094513,45.883035,45.883240,45.876096,45.876096,
35.848294,42.241171,47.283978,47.285811,47.289480,47.289480,
36.381611,42.161810,46.189342,46.187479,46.187698,46.187698,
35.981525,39.259015,44.933316,44.933562,44.937503,44.937503,
36.864683,40.482820,45.835022,45.834921,45.834719,45.834719,
36.919237,41.573306,46.543385,46.542791,46.542078,46.542078,
37.637198,40.996793,44.999928,45.000344,45.001178,45.001178,
37.119291,40.973722,46.777382,46.777382,46.777382,46.777382,
37.038152,40.940502,46.646768,46.646159,46.648594,46.648594,
36.538490,41.048191,46.737507,46.737259,46.737259,46.737259,
36.259257,41.156923,46.389642,46.389298,46.389298,46.389298,
37.597695,41.193460,45.568232,45.560640,45.553818,45.553818,
36.688140,41.420486,45.136061,45.138899,45.135889,45.135889,
36.842651,41.717529,46.767950,46.767074,46.768451,46.768451,
35.603907,41.158643,46.073264,46.071344,46.071877,46.071877,
36.822176,41.001718,47.078303,47.077900,47.077362,47.077362,
36.065118,40.329857,46.118256,46.118041,46.115454,46.115454,
36.192612,41.808249,47.241393,47.238462,47.233999,47.233999,
35.895006,40.272175,46.450081,46.459167,46.480208,46.480208,
35.823745,41.333427,45.277799,45.278154,45.279043,45.279043,
36.236611,40.672116,45.432045,45.432873,45.433886,45.433794,
36.965195,40.689980,47.279538,47.278412,47.278552,47.278412,
36.138518,41.308467,46.168679,46.168570,46.168897,46.168897,
36.765403,41.011861,47.311454,47.310319,47.310035,47.310035,
36.310049,40.766832,46.675323,46.675936,46.675813,46.675813,
36.530771,41.737357,44.761943,44.768811,44.770787,44.770787,
37.132108,41.719848,44.603137,44.602985,44.604811,44.604811,
35.697362,41.960983,45.297499,45.297410,45.296518,45.296518,
36.026543,41.309580,47.289374,47.294601,47.292764,47.292764,
36.229295,40.766125,46.385656,46.386373,46.386487,46.386487,
36.535878,41.968129,46.568545,46.568784,46.571536,46.571536,
37.165430,41.578467,46.491795,46.495439,46.503560,46.503560,
35.828941,40.824979,47.073028,47.073028,47.072759,47.072759,
37.543730,42.255877,45.674065,45.673676,45.672313,45.672313,
37.140247,40.576478,44.751561,44.750538,44.743305,44.743305,
36.296726,41.734017,46.460654,46.469178,46.490033,46.490033,
35.917679,41.419034,46.406113,46.405422,46.406113,46.406113,
36.964369,41.457817,45.672800,45.669590,45.661237,45.661237,
37.780411,42.038875,46.800469,46.798073,46.797694,46.797694,
38.933399,46.072998,56.975213,56.975542,56.975542,56.975542,
39.606456,46.596860,52.786735,52.786735,52.786735,52.786735,
40.921034,48.079655,56.274527,56.274527,56.274527,56.274527,
38.660304,47.235986,55.458058,55.488027,55.502972,55.502972,
41.096777,48.915579,50.408932,50.409005,50.409005,50.409005,
42.136868,46.670729,56.117852,56.117852,56.105204,56.105204,
40.044263,48.864758,57.287222,57.287222,57.287222,57.287222,
41.539216,50.057415,55.247257,55.246375,55.245493,55.245493,
39.884371,47.645020,56.742546,56.742546,56.742546,56.742546,
40.440900,47.907982,58.450568,58.450568,58.450568,58.450568,
40.023819,47.759678,56.165000,56.165000,56.165000,56.165000,
38.793216,45.366857,54.742500,54.743286,54.743482,54.743482,
41.815988,50.886936,56.301433,56.301433,56.301433,56.301433,
40.947986,47.157901,57.222097,57.222097,57.222097,57.222097,
39.348077,49.810233,57.178185,57.178185,57.156223,57.156223,
40.461117,47.562155,57.002880,57.002880,57.004201,57.004201,
40.497231,47.528909,55.918489,55.918489,55.918489,55.918489,
39.965264,47.294530,52.783858,52.783858,52.783858,52.783858,
42.642902,47.126750,55.694992,55.694992,55.694992,55.694992,
39.373553,47.806656,55.643708,55.642741,55.642741,55.642741,
40.773188,47.978965,53.344737,53.344737,53.344737,53.344737,
40.238546,47.566216,55.261616,55.261616,55.265158,55.265158,
42.386141,46.085739,56.076013,56.074945,56.074945,56.074945,
39.637030,46.225132,56.512848,56.512848,56.527038,56.527038,
40.629388,46.927445,56.577074,56.577074,56.577074,56.577074,
40.446949,44.619081,55.705518,55.705518,55.705518,55.705518,
41.231068,48.196109,56.822315,56.822315,56.822315,56.822315,
41.044075,48.822053,56.591477,56.591477,56.591477,56.591477,
40.634326,49.583961,54.756069,54.756069,54.756069,54.756069,
39.621954,47.702242,56.674924,56.674924,56.674924,56.674924,
39.616842,46.193179,54.754100,54.754100,54.754100,54.754100,
43.111192,47.693014,56.296656,56.296656,56.296656,56.296656,
41.505215,46.491501,53.604381,53.604381,53.614061,53.614061,
40.603821,45.449062,55.966633,55.966633,55.966372,55.966372,
39.980716,46.985765,55.355560,55.355560,55.355560,55.355560,
39.104576,49.420360,56.932741,56.932741,56.850298,56.850298,
40.642278,49.289691,57.253487,57.253487,57.253487,57.253487,
40.627096,49.385564,55.393942,55.393942,55.393942,55.393942,
39.403662,47.686242,54.906563,54.919632,54.945890,54.945890,
41.019478,46.043809,55.013909,55.013909,55.014954,55.014954,
39.463343,47.388726,54.116416,54.113018,54.104872,54.104872,
40.151884,47.158004,56.217350,56.212940,56.212940,56.212940,
39.673176,48.479717,56.369434,56.369434,56.369434,56.369434,
39.431622,47.604490,55.571819,55.568018,55.564221,55.564221,
39.071115,48.008478,57.125866,57.125866,57.124507,57.124507,
41.999222,48.023247,50.710990,50.710990,50.710680,50.710680,
40.699845,47.671725,56.051526,56.051526,56.051526,56.051526,
40.730192,47.978800,57.417566,57.417566,57.417930,57.417930,
39.140258,46.702309,57.202334,57.207872,57.218971,57.218971,
40.370936,47.574876,56.048342,56.048342,56.048342,56.048342,
41.607741,48.241047,56.576775,56.577074,56.578273,56.578273,
42.087387,49.639691,56.861477,56.856363,56.852531,56.852531,
39.182863,47.416113,56.278720,56.287679,56.291043,56.291043,
40.753976,47.022086,56.465293,56.465293,56.465293,56.465293,
42.708043,48.793216,56.339269,56.339269,56.339269,56.339269,
39.350828,46.053065,53.673826,53.673826,53.673672,53.673672,
39.934317,50.636743,54.492432,54.492432,54.490950,54.490950,
42.399560,47.804112,56.265317,56.265317,56.265038,56.265038,
42.884995,47.673267,56.629815,56.629815,56.634669,56.634669,
39.963506,47.781008,55.871383,55.871383,55.904099,55.904099,
40.682079,49.456717,56.815664,56.835966,56.897447,56.897447,
40.724459,48.458923,53.101762,53.093158,53.076001,53.076001,
41.309848,47.540524,56.757821,56.757821,56.757821,56.757821,
38.941245,47.330902,55.276245,55.276245,55.276245,55.276245,
40.297684,49.206359,57.021090,57.021090,57.021090,57.021090,
40.436709,47.130525,56.563914,56.544842,56.506948,56.506948,
38.996994,47.344428,55.022068,55.022068,55.022068,55.022068,
41.337280,48.773203,55.815220,55.815220,55.814969,55.814969,
40.807996,45.259315,49.500069,49.499834,49.499834,49.499834,
42.181841,48.401779,57.134032,57.134032,57.133691,57.133691,
40.736323,50.688698,57.386416,57.386416,57.386416,57.386416,
39.121500,50.096578,56.622544,56.622544,56.622241,56.622241,
40.977071,46.956115,56.192329,56.209911,56.203859,56.203859,
40.729046,49.176389,55.902047,55.903329,55.905382,55.905382,
44.296279,49.694180,55.985152,55.985152,55.985152,55.985152,
40.749487,47.868885,56.328788,56.309593,56.291884,56.291884,
42.566001,50.798626,58.307688,58.307688,58.305903,58.305903,
41.509270,46.586731,55.874695,55.873930,55.872911,55.872911,
41.833478,48.345512,58.644353,58.644353,58.644353,58.644353,
41.761456,50.239980,56.123245,56.139465,56.169906,56.169906,
40.062084,48.272093,56.519346,56.519346,56.519050,56.519050,
40.856914,47.261125,56.134052,56.134052,56.132970,56.132970,
43.656773,48.441631,55.231846,55.231846,55.231846,55.231846,
38.045466,43.204982,51.282437,51.282437,51.282437,51.282437,
41.258648,45.588391,54.626263,54.626263,54.626454,54.626454,
39.786547,48.729024,56.066148,56.066148,56.061889,56.061889,
39.209401,48.230690,53.336064,53.336064,53.336064,53.336064,
39.652419,46.758976,55.545991,55.545991,55.545991,55.545991,
41.976419,47.819079,55.861718,55.861718,55.878009,55.878009,
41.306642,46.837493,53.804890,53.804257,53.801727,53.801727,
43.304408,50.051211,53.161107,53.161107,53.161107,53.161107,
40.355772,49.662733,55.358953,55.358953,55.358953,55.358953,
40.060434,49.632239,51.425688,51.425231,51.424957,51.424957,
41.430347,48.365272,56.379727,56.361160,56.325960,56.325960,
39.331863,47.394074,55.885410,55.889500,55.895641,55.895641,
40.161002,45.017840,50.301686,50.306209,50.310452,50.310452,
40.557860,48.373056,57.042044,57.042044,57.042044,57.042044,
40.441199,49.212290,52.502273,52.472368,52.413170,52.413170,
40.987355,48.978130,56.568097,56.587271,56.621031,56.621031,
45.624180,47.524995,55.176816,55.176816,55.176816,55.176816,
41.208993,48.874458,56.210461,56.210461,56.210461,56.210461,
41.030230,48.235558,56.861797,56.868199,56.867879,56.867879,
40.923136,47.248624,57.377763,57.379204,57.380645,57.380645,
39.972819,45.911519,55.891546,55.890778,55.890778,55.890778,
41.927491,46.437473,55.933703,55.932670,55.933445,55.933445,
43.287255,48.179398,57.546324,57.547822,57.555320,57.555320,
41.922934,47.762274,56.641353,56.641353,56.631635,56.631635,
39.174678,47.464568,56.302838,56.309593,56.291604,56.291604,
40.814762,47.617832,55.858417,55.858417,55.858417,55.858417,
40.221353,47.722980,55.972363,55.972363,55.973405,55.973405,
40.401721,49.703954,57.978676,57.978676,57.978676,57.978676,
40.519636,49.278796,57.292517,57.287222,57.275948,57.275948,
41.158695,46.965113,53.446535,53.447118,53.447118,53.447118,
40.774267,47.655068,51.191431,51.196982,51.196982,51.196982,
44.865548,48.582452,56.360020,56.360020,56.360020,56.360020,
39.876917,50.487601,56.040393,56.040393,56.106548,56.106548,
41.209794,46.465177,56.721746,56.721746,56.722055,56.722055,
39.768864,48.922256,57.803159,57.777808,57.727155,57.727155,
41.618697,47.860222,57.839061,57.839061,57.839061,57.839061,
42.212129,52.510956,57.784923,57.786506,57.786506,57.786506,
41.053091,49.942065,56.222592,56.223696,56.231435,56.231435,
40.806457,46.975968,55.440268,55.440268,55.440268,55.440268,
40.813213,47.764361,56.693654,56.694885,56.694885,56.694885,
43.179097,49.033044,54.307722,54.307722,54.307899,54.307899,
40.634417,45.866243,54.773041,54.773041,54.773832,54.773832,
38.976272,46.045505,56.029816,56.029816,56.029816,56.029816,
42.194152,46.347984,55.576099,55.576099,55.576099,55.576099,
39.257877,45.762158,56.198914,56.198914,56.203309,56.203309,
39.598123,48.086307,53.441730,53.444059,53.441148,53.441148,
39.823060,45.456993,56.688734,56.688734,56.688734,56.688734,
40.405271,47.004995,58.341283,58.312599,58.255793,58.255793,
40.510534,48.682127,55.086409,55.086409,55.089810,55.089810,
42.543329,49.490391,53.512003,53.509637,53.509637,53.509637,
40.152840,48.769777,54.864559,54.864559,54.864559,54.864559,
40.344831,48.852044,55.776683,55.776683,55.776683,55.776683,
39.289859,45.252774,54.580625,54.580625,54.580625,54.580625,
42.068624,47.130866,56.215420,56.215420,56.215420,56.215420,
40.546593,46.447231,57.328337,57.334039,57.339748,57.339748,
38.839337,44.332734,49.951502,49.951502,49.951502,49.951502,
41.557538,46.404616,55.698172,55.698172,55.698172,55.698172,
39.756843,46.589283,57.578647,57.578647,57.580157,57.580157,
39.807944,46.818229,53.347869,53.347869,53.347869,53.347869,
40.175597,45.511003,55.936545,55.934478,55.932412,55.932412,
39.159391,45.351424,56.733530,56.733530,56.733841,56.733841,
41.082054,51.524507,56.473476,56.549007,56.644090,56.644090,
41.596556,48.839670,56.970291,56.965047,56.965047,56.965047,
41.245182,46.940160,57.374882,57.375242,57.378843,57.378843,
42.035179,48.604230,53.017140,53.017800,53.018988,53.018988,
39.307956,44.490060,53.303661,53.304366,53.305494,53.305494,
41.206496,46.873231,57.247191,57.247191,57.245793,57.245793,
40.161037,46.496821,56.682898,56.681670,56.680443,56.680443,
39.462773,49.255867,57.960513,57.950638,57.935868,57.935868,
40.863838,48.066930,57.217235,57.217235,57.218624,57.218624,
40.230125,50.662374,58.321095,58.321095,58.337238,58.337238,
39.966911,49.837944,57.698363,57.698363,57.698363,57.698363,
40.211008,48.307956,58.057147,58.057147,58.057147,58.057147,
43.095643,46.788533,55.132558,55.132558,55.133418,55.133418,
42.391234,50.968424,56.392340,56.388896,56.376293,56.376293,
39.220640,45.287716,56.758758,56.758758,56.758758,56.758758,
41.483662,46.541929,56.716484,56.716484,56.711538,56.711538,
40.928199,47.695300,56.780677,56.780677,56.781933,56.781933,
41.721640,47.870338,53.895378,53.901197,53.918704,53.918704,
40.330873,48.287699,56.236141,56.240574,56.245289,56.245289,
41.320416,45.947959,56.404126,56.408734,56.412771,56.412771,
41.811667,49.098287,55.899227,55.899227,55.898202,55.898202,
41.249590,48.239027,56.477572,56.477572,56.512848,56.512848,
42.330024,48.123056,56.180283,56.180283,56.181377,56.181377,
41.543124,48.585447,56.879104,56.879104,56.879104,56.879104,
40.483240,46.941919,56.527038,56.525854,56.488125,56.506948,
42.067372,49.487638,56.254179,56.272013,56.309030,56.309030,
39.582225,47.004730,57.285106,57.285106,57.285458,57.285458,
39.018404,46.608672,57.312341,57.311986,57.311986,57.311986,
41.535602,47.350008,57.885372,57.885372,57.884967,57.884967,
39.852916,47.230864,55.512573,55.512339,55.513276,55.513276,
40.294792,50.394046,54.625116,54.625116,54.626645,54.626645,
41.665680,50.759764,57.713124,57.713124,57.713124,57.713124,
41.113134,49.688964,53.881507,53.881507,53.882151,53.882151,
39.928733,48.473315,55.906408,55.911802,55.952082,55.952082,
40.203200,46.911109,56.901318,56.901318,56.900027,56.900027,
40.379261,49.923901,54.208150,54.208150,54.208150,54.208150,
37.549549,45.948270,56.772209,56.772209,56.772209,56.772209,
38.961541,45.552233,51.934973,51.934973,51.936722,51.936722,
39.711314,49.215919,58.931879,58.931879,58.931879,58.931879,
37.811935,46.635823,52.255633,52.255633,52.255633,52.255633,
37.705920,45.783964,55.377094,55.378003,55.378230,55.378230,
36.775002,45.770583,58.882192,58.882192,58.882192,58.882192,
35.760772,46.842266,58.998328,58.998328,58.998328,58.998328,
36.517845,48.431198,60.035706,60.035706,60.046347,60.046347,
37.771327,49.490860,59.608996,59.604182,59.594569,59.594569,
37.087367,48.318231,59.676348,59.676348,59.676348,59.676348,
38.135429,48.613843,58.669499,58.677266,58.677266,58.677266,
37.399863,47.599636,54.743678,54.743678,54.745250,54.745250,
38.017112,49.808026,58.881683,58.890349,58.915425,58.915425,
36.170861,47.233093,58.771564,58.771564,58.771564,58.771564,
37.454702,48.884179,58.688455,58.690403,58.694791,58.694791,
40.024561,51.886182,57.969998,57.969998,57.972062,57.972062,
40.019389,51.144875,51.986712,51.985463,51.977977,51.977977,
38.693943,49.266370,58.134918,58.134918,58.133203,58.133203,
37.542959,48.319305,58.614561,58.606906,58.597356,58.597356,
38.196875,48.004939,58.227666,58.201461,58.199720,58.199720,
38.746399,48.443335,54.808779,54.807981,54.804793,54.804793,
37.920392,45.853114,56.134864,56.118661,56.086435,56.086435,
37.253148,47.508037,58.815478,58.841637,58.923130,58.923130,
37.356620,49.684060,56.180283,56.180283,56.181377,56.181377,
38.528353,48.732614,56.648351,56.647133,56.643786,56.643786,
38.961209,47.120906,57.114325,57.089985,57.028396,57.028396,
40.374001,46.984251,54.080191,54.080191,54.076989,54.076989,
38.633792,47.161052,54.842603,54.842603,54.842804,54.842804,
39.525291,47.526001,57.469495,57.463613,57.451872,57.451872,
40.535250,45.772375,56.288800,56.294410,56.297779,56.297779,
41.144515,48.605568,55.294934,55.299396,55.306545,55.306545,
39.512293,47.967975,56.334167,56.329354,56.320309,56.320309,
38.712883,47.253767,56.320309,56.320309,56.323699,56.323699,
38.115383,45.884414,54.543145,54.546146,54.555164,54.555164,
37.122584,43.298730,57.189553,57.190933,57.189553,57.189553,
38.272766,43.944083,53.880702,53.880702,53.880702,53.880702,
39.256477,44.684671,58.209742,58.209742,58.211488,58.211488,
39.597721,47.312838,56.305933,56.310438,56.314948,56.314948,
40.330831,45.150445,49.131333,50.119136,53.225287,53.225287,
41.301243,49.415347,55.555451,55.555451,55.555451,55.555451,
40.169475,46.076653,54.146437,54.146437,54.146437,54.146437,
40.747405,49.135381,53.261574,53.261574,53.263250,53.263250,
40.262296,46.674587,52.304861,52.304861,52.305309,52.305309,
41.380132,47.292128,53.467272,53.467272,53.467272,53.467272,
38.465188,43.775419,51.930757,51.927470,51.924288,51.924288,
38.338644,45.979222,53.317923,53.317923,53.317923,53.317923,
39.403277,45.925161,54.416546,54.420920,54.431874,54.431874,
39.662160,44.919039,55.004514,55.004514,55.004514,55.004514,
41.478992,45.600121,54.057996,54.058164,54.054140,54.054140,
43.730332,49.307461,54.161010,54.161010,54.160323,54.160323,
42.696358,47.001327,51.899629,51.899629,51.907799,51.907799,
42.113857,49.641935,52.546099,52.546099,52.546099,52.546099,
41.850202,46.216274,54.286811,54.286811,54.286811,54.286811,
42.335582,46.101551,52.296133,52.296133,52.296133,52.296133,
44.319658,49.473900,52.287534,52.287534,52.287534,52.287534,
43.017906,49.202684,54.380991,54.380991,54.380991,54.380991,
44.647841,49.327222,53.436204,53.436204,53.436204,53.436204,
40.266532,46.239742,53.057180,53.057180,53.057180,53.057180,
42.893183,46.983725,54.867791,54.867791,54.874263,54.874263,
43.832380,46.218977,53.927646,53.927646,53.927646,53.927646,
43.350561,46.403694,54.069247,54.069247,54.069247,54.069247,
41.353202,45.953742,54.014110,54.014110,54.014110,54.014110,
41.099661,47.093290,54.823957,54.823957,54.823957,54.823957,
42.613880,46.598003,53.468004,53.468004,53.468004,53.468004,
39.860725,45.024015,52.293116,52.293116,52.293116,52.293116,
41.806481,48.214719,53.725560,53.725560,53.725560,53.725560,
40.964589,47.793992,53.096114,53.087521,53.070386,53.070386,
43.216380,46.907067,51.752372,51.752372,51.753951,51.753951,
40.980306,44.070610,51.044008,51.044008,51.044008,51.044008,
40.983461,45.963433,53.218370,53.218370,53.218370,53.218370,
41.978455,46.131348,53.467272,53.467272,53.467272,53.467272,
40.491407,46.253734,53.434170,53.434170,53.434170,53.434170,
44.165994,48.235427,54.333199,54.333199,54.333199,54.333199,
42.899755,48.663490,54.616143,54.616143,54.616143,54.616143,
44.099400,47.557835,54.213883,54.125775,53.991589,53.991589,
41.986712,47.293470,53.140963,53.140963,53.140963,53.140963,
40.256016,46.070145,54.306656,54.306656,54.306656,54.306656,
41.537545,49.326489,52.099977,52.099977,52.099977,52.099977,
45.297856,45.664926,54.570423,54.558362,54.558362,54.558362,
42.661138,47.970576,53.867038,53.867038,53.867038,53.867038,
43.159565,47.771020,53.662480,53.662480,53.662480,53.662480,
43.594180,51.142903,53.817725,53.817725,53.817725,53.817725,
40.898329,44.714162,53.412144,53.412144,53.412144,53.412144,
42.139185,47.431402,52.603309,52.603309,52.603309,52.603309,
43.206043,47.816289,53.298167,53.298167,53.298167,53.298167,
42.886070,48.315951,53.177234,53.177234,53.186006,53.186006,
41.390401,44.717226,51.837329,51.838938,51.838938,51.838938,
40.335426,46.503295,53.275698,53.276258,53.276258,53.276258,
42.201277,49.129284,52.821542,52.821542,52.821542,52.821542,
42.959522,47.209570,54.095389,54.096066,54.090655,54.090655,
41.048770,45.916431,52.758542,52.758542,52.758542,52.758542,
44.348145,47.626863,53.744711,53.744087,53.734736,53.734736,
40.767351,46.557557,54.070929,54.070929,54.073621,54.073621,
41.417034,45.100906,52.069419,52.069419,52.069419,52.069419,
42.772067,48.047639,51.087712,51.087712,51.087712,51.087712,
43.562582,45.826395,50.415887,50.415887,50.415887,50.415887,
41.739166,44.490672,48.702212,48.702994,48.703776,48.703776,
44.698002,47.792684,53.373579,53.373006,53.373006,53.373006,
41.008885,46.110151,50.096983,50.096983,50.096983,50.096983,
42.007289,46.311791,53.118075,53.118075,53.118616,53.118616,
41.994777,47.287116,53.866235,53.866235,53.866235,53.866235,
43.128015,47.397076,52.849005,52.849005,52.849005,52.849005,
39.696231,45.630896,49.138567,49.138783,49.138783,49.138783,
42.222667,45.234242,52.256851,52.256408,52.256408,52.256408,
41.458766,47.587068,52.065071,52.065071,52.065071,52.065071,
43.323442,49.147653,55.010148,55.010148,55.010148,55.010148,
43.048358,47.900053,47.353947,47.354520,47.354520,47.354520,
42.037653,48.175198,51.446505,51.446505,51.446505,51.446505,
46.499792,53.452950,53.785157,53.785157,53.785157,53.785157,
41.594473,45.228287,53.952128,53.952128,53.952128,53.952128,
42.560331,45.869754,52.849386,52.849386,52.851418,52.851418,
42.088186,48.442690,53.343456,53.343456,53.343456,53.343456,
40.421451,45.059671,51.802967,51.802967,51.802967,51.802967,
41.923406,47.846157,52.105430,52.105430,52.105430,52.105430,
42.244826,45.071240,50.601263,50.601263,50.601263,50.601263,
45.645037,47.300223,51.469084,51.469084,51.469084,51.469084,
41.211282,48.708618,54.480216,54.480216,54.480216,54.480216,
42.157412,45.534124,51.100171,51.099831,51.099831,51.099831,
42.057870,45.731723,54.824157,54.824157,54.824157,54.824157,
40.696634,45.254607,53.823441,53.823441,53.823441,53.823441,
