5.971174,20.255188,6.116687,28.062231,6.128628,31.113655,
5.976577,20.266564,6.125337,28.037907,6.137547,30.962564,
5.984778,20.333312,6.134487,27.948195,6.143684,30.860114,
5.968551,20.134907,6.119188,27.845083,6.132015,30.943175,
5.963092,20.198713,6.108941,27.835797,6.121394,30.986714,
5.960897,20.133281,6.106782,27.867024,6.119621,31.144331,
5.946541,20.291932,6.095003,27.936601,6.106893,31.176631,
5.927935,20.308004,6.070515,28.082898,6.081161,30.807692,
5.894375,20.113737,6.042312,27.749026,6.053913,30.653641,
5.872161,20.321790,6.019229,28.322246,6.030267,31.279220,
5.846593,20.011269,5.996183,28.211680,6.008363,31.270290,
5.835928,20.276654,5.976825,28.152456,5.987577,30.786734,
5.819904,20.117551,5.965904,27.868417,5.978020,30.859338,
5.836682,20.067527,5.978684,27.885799,5.990264,31.169219,
5.839320,20.342550,5.980786,28.022329,5.991944,31.085876,
5.824786,20.025294,5.970916,27.633569,5.982914,30.739194,
5.812983,19.977734,5.954174,27.517728,5.965509,30.348951,
5.799450,20.176576,5.938412,27.729835,5.948014,30.191068,
5.778802,19.930098,5.922250,27.586590,5.932427,30.372537,
5.768349,20.209723,5.904451,27.381347,5.915726,29.977335,
5.758611,20.019592,5.894393,27.239900,5.905297,30.024859,
5.763558,20.127553,5.898685,27.248394,5.910966,30.256669,
5.781903,19.989210,5.925396,27.097021,5.936948,30.006956,
5.806261,19.978097,5.948018,27.237073,5.959609,29.775028,
5.823673,19.885191,5.967761,27.088216,5.979610,30.114144,
5.835738,19.958678,5.977532,27.203989,5.989864,29.860600,
5.833251,19.984488,5.976164,27.180448,5.986755,29.706622,
5.806680,19.813579,5.944215,26.976134,5.957674,29.909302,
5.788207,20.035379,5.925626,27.123947,5.936879,29.584435,
5.781466,20.074564,5.915074,27.071811,5.926399,29.479259,
5.776809,19.818784,5.918866,26.998569,5.931010,29.592913,
5.794832,19.874367,5.931317,27.237440,5.944079,30.052146,
5.808204,19.871258,5.948907,27.290347,5.959843,29.862700,
5.830097,20.038494,5.966977,27.090254,5.977463,29.442634,
5.834539,20.026043,5.981564,27.497944,5.993184,30.165418,
5.859394,20.098050,6.001241,27.320202,6.013714,29.965537,
5.886846,19.872648,6.029960,27.248149,6.042351,30.285230,
5.910001,20.139346,6.054711,27.416150,6.065692,30.267180,
5.935691,20.159859,6.081390,27.472617,6.093221,30.187450,
5.959211,20.165713,6.107480,27.640166,6.120057,30.368184,
5.977961,20.104959,6.124345,27.459447,6.136949,30.402038,
5.996264,20.189716,6.144338,27.442605,6.156128,30.138407,
6.005855,20.196603,6.157460,27.588224,6.170084,30.266047,
6.015058,20.001437,6.163056,27.438500,6.176125,30.191940,
5.999115,19.832391,6.152250,27.379457,6.165249,30.254815,
6.023011,20.165660,6.172416,27.619423,6.184617,30.662911,
6.056565,19.933346,6.206166,27.340758,6.220939,30.457183,
6.101355,20.295945,6.255461,27.928133,6.266270,30.766845,
6.104237,20.264068,6.259939,27.982848,6.270800,30.834994,
6.103074,19.843174,6.255432,27.044737,6.269298,29.964910,
6.118772,20.176237,6.273943,27.459452,6.286363,30.524848,
6.126811,20.216280,6.278653,27.651693,6.290453,30.369757,
6.103057,19.942423,6.255393,27.498738,6.267711,30.546295,
6.068057,20.123254,6.211065,27.432483,6.222988,30.304807,
6.015070,20.113578,6.161594,27.548013,6.172896,30.117927,
5.956993,19.901882,6.100647,27.116818,6.112617,29.728962,
5.899776,19.816327,6.044500,26.850978,6.058747,29.476772,
5.878775,20.078786,6.018357,27.293876,6.029217,29.804547,
5.862812,19.885459,6.001743,27.144909,6.015125,29.840719,
5.860388,19.948743,6.000948,27.097390,6.013717,30.070325,
5.881253,19.786855,6.020689,27.005389,6.033828,30.085124,
5.891752,20.121589,6.037984,27.385201,6.049642,30.036704,
5.935902,20.153061,6.075955,27.466852,6.088058,30.148378,
5.958188,20.129240,6.097639,27.447877,6.108828,30.545440,
5.985470,20.094363,6.126230,27.698222,6.137830,30.548365,
6.008445,20.019146,6.158093,27.465706,6.169380,30.253082,
6.050341,20.127611,6.199677,27.569335,6.210821,30.631072,
6.088509,20.118902,6.239418,27.446999,6.251960,30.266000,
6.108559,20.028051,6.263184,27.895399,6.274852,30.586084,
6.141581,20.029853,6.285970,27.405388,6.299014,30.588538,
6.154854,20.199326,6.311401,27.516244,6.324575,30.522644,
6.180268,20.129994,6.340188,27.953018,6.352627,31.230816,
6.221747,20.359880,6.373879,28.167855,6.385712,31.486007,
6.245344,20.159173,6.404844,28.058552,6.415149,30.681792,
6.258858,20.167474,6.423692,27.724902,6.436629,31.216713,
6.272086,20.183659,6.431356,27.795713,6.443233,31.082662,
6.273048,20.193132,6.427311,27.886527,6.439172,30.784845,
6.246042,20.160426,6.403438,27.748359,6.414865,30.742583,
6.231833,20.199093,6.386318,27.837257,6.397963,31.046999,
6.197642,20.026055,6.357311,27.631445,6.370099,30.450354,
6.191600,20.426760,6.337085,27.801692,6.346638,30.409382,
6.143317,20.120425,6.288597,27.363913,6.300360,30.338424,
6.105855,20.183728,6.252548,27.472585,6.262744,30.434852,
6.053160,20.029026,6.194615,27.408823,6.208360,30.387631,
6.005650,20.140253,6.145178,27.261022,6.155811,30.059634,
5.960447,20.119419,6.095377,27.365650,6.106447,29.826986,
5.925898,20.212384,6.064293,27.539815,6.075982,30.134332,
5.917416,20.121250,6.054981,27.431017,6.066811,30.050619,
5.952166,20.120008,6.090958,27.867013,6.102009,30.914775,
6.002682,19.924356,6.146852,27.636749,6.158186,30.027263,
6.080373,19.973263,6.225010,27.783208,6.234991,30.551493,
6.118187,20.182661,6.263981,27.677899,6.275625,30.415973,
6.144443,19.996751,6.292207,27.710300,6.303705,30.663982,
6.187316,20.302309,6.339403,27.794628,6.350542,30.964010,
6.203603,20.146910,6.356025,27.566401,6.369438,30.826323,
6.187699,20.033523,6.347227,27.533965,6.360466,30.388059,
6.195915,19.962405,6.349518,27.213255,6.364307,30.336935,
6.201284,20.133739,6.351439,27.792046,6.364094,30.481790,
6.204943,19.967954,6.363685,27.304543,6.376437,30.145509,
6.226311,20.237805,6.380154,27.711807,6.392362,30.801976,
6.221875,19.932623,6.382755,27.677254,6.395799,30.554133,
6.222759,20.266710,6.380941,27.729926,6.392551,30.768626,
6.225034,20.113582,6.382548,27.563796,6.395834,30.291221,
6.226035,20.153626,6.386880,27.801918,6.399840,30.880022,
6.222762,20.322893,6.375718,27.734158,6.387835,30.273299,
6.215469,20.058609,6.376497,27.665892,6.389472,30.610588,
6.213162,20.086360,6.372624,27.588853,6.385943,30.660414,
6.226080,20.238671,6.381110,27.926005,6.392382,30.539418,
6.214972,20.035901,6.377007,27.510487,6.390217,30.580158,
6.226154,20.134806,6.384410,27.793849,6.396663,30.711241,
6.246666,20.161264,6.403900,28.153871,6.415890,30.967742,
6.257134,20.062611,6.416099,27.911769,6.428380,30.638536,
6.267994,20.120027,6.421938,27.858435,6.434892,30.938549,
6.272456,20.306618,6.427235,27.988722,6.436500,30.680287,
6.267843,20.111351,6.428534,27.303431,6.441248,30.394525,
6.266910,20.035435,6.432008,27.821977,6.444080,30.711184,
6.278967,20.170840,6.439438,27.603031,6.452416,30.330113,
6.282730,20.188938,6.440115,27.267839,6.453738,30.439836,
6.295452,20.069186,6.457456,27.629234,6.469917,30.503022,
6.297830,20.404530,6.458766,27.805687,6.470094,30.890769,
6.299650,20.262642,6.460481,28.027186,6.472554,30.746868,
6.302927,19.904282,6.465473,27.513614,6.479303,30.757288,
6.295280,20.231789,6.459181,27.687574,6.472379,30.280229,
6.305532,20.195529,6.461167,27.604142,6.473862,30.628308,
6.287585,20.262598,6.444627,27.635320,6.456502,30.412511,
6.268406,20.018134,6.424886,27.560801,6.436637,30.723493,
6.241716,20.176120,6.396517,27.602421,6.408235,30.800035,
6.215324,20.254760,6.369719,27.633959,6.382073,30.782930,
6.173287,19.883180,6.330072,27.239239,6.342099,30.311966,
6.125518,20.025500,6.278700,27.345097,6.292783,30.553980,
6.098465,20.097417,6.246510,27.583696,6.258364,30.780713,
6.059127,20.137887,6.209224,27.616095,6.220919,30.137328,
6.031387,20.057036,6.178865,27.327330,6.191693,29.979698,
5.996649,19.940882,6.144883,27.337633,6.156207,29.937713,
5.967017,20.115417,6.110289,27.393657,6.120624,30.184131,
5.939666,20.011408,6.086451,26.965471,6.098444,29.563077,
5.947149,19.948256,6.088257,27.214241,6.100024,29.924537,
5.957631,19.968700,6.104627,27.160576,6.117891,29.924601,
5.995985,19.944135,6.143670,27.230605,6.155422,29.945754,
6.040644,20.043544,6.182080,27.280193,6.193484,30.077900,
6.069400,20.010039,6.219834,27.301021,6.233362,30.170549,
6.124059,20.095444,6.278640,27.245837,6.291445,30.055239,
6.109698,20.123617,6.256906,27.762042,6.268984,30.794811,
6.016991,20.099069,6.164881,27.686922,6.176953,30.837422,
5.923963,20.132869,6.067119,27.956121,6.079213,31.071816,
5.867211,20.375953,6.010482,27.876054,6.021199,30.817773,
5.891342,20.199939,6.039543,28.165305,6.050704,31.444705,
5.954044,20.460378,6.104900,28.182740,6.115733,31.436778,
6.052104,20.310296,6.205378,28.130761,6.216789,30.963268,
6.171544,20.083585,6.332522,28.134588,6.344453,31.166990,
6.272747,20.343749,6.434682,28.499251,6.446988,31.552924,
6.332913,20.397673,6.498780,28.432829,6.510452,31.773350,
6.421666,20.354144,6.590496,28.441022,6.603437,31.913119,
6.273414,20.333432,6.431080,28.451174,6.443884,31.688622,
6.305076,20.156856,6.471026,28.166954,6.485454,31.660751,
6.478655,20.328347,6.649938,28.132357,6.661651,31.575176,
6.765969,20.264097,6.943691,28.052390,6.956983,30.900638,
6.759789,20.328713,6.938700,27.855682,6.951943,31.025330,
6.662576,19.965034,6.846973,27.443295,6.862967,30.529793,
6.680476,20.008234,6.856061,27.353710,6.871177,30.338700,
6.692061,20.252431,6.862073,27.807815,6.874515,30.464068,
6.692089,20.028033,6.868122,27.481412,6.880027,30.048411,
6.689824,20.172998,6.867586,27.942544,6.879876,30.440298,
6.693025,20.137996,6.866754,27.674820,6.879869,30.445438,
6.699753,20.239105,6.871716,27.560111,6.885398,30.493403,
6.704700,19.993168,6.875935,27.708586,6.890550,30.402737,
6.718374,20.127828,6.893168,27.826305,6.908043,30.797106,
6.739770,19.944481,6.917196,27.689652,6.933372,30.704971,
6.780921,20.305673,6.959073,27.912240,6.974334,31.045771,
6.797062,20.055014,6.981751,27.678202,6.995843,30.520345,
6.813374,20.048978,6.993656,27.637234,7.007927,30.669070,
6.822895,20.406287,7.004212,28.022161,7.017948,30.779049,
6.847375,20.058641,7.036084,28.168094,7.049581,31.404090,
6.907741,20.182346,7.091455,27.765254,7.106036,30.881196,
6.924084,20.292741,7.102399,27.945858,7.117405,30.945869,
6.884050,20.313667,7.059378,28.024871,7.073446,31.028206,
6.829907,20.298666,7.000011,28.363577,7.012925,31.013082,
6.715241,20.273514,6.887832,28.479546,6.901282,31.153108,
6.579417,20.083033,6.746309,27.833038,6.760690,30.826721,
6.394563,20.146292,6.556144,28.248699,6.568249,31.339407,
6.182312,20.488827,6.327763,28.567107,6.337679,31.641772,
5.941452,20.507448,6.086690,28.960220,6.096382,31.911697,
5.706026,20.288603,5.840318,28.694137,5.850709,32.200469,
5.452860,20.272941,5.577717,28.868242,5.588989,32.429666,
5.176614,20.463147,5.293574,29.358523,5.301925,32.930402,
4.890257,20.597044,5.000126,29.604733,5.007776,33.297018,
4.628704,20.583559,4.730322,29.631241,4.738475,33.518551,
4.384987,20.861458,4.486717,30.767436,4.492187,33.906210,
4.213934,20.866632,4.311972,30.231546,4.317676,33.803382,
4.102129,20.652851,4.198477,30.246377,4.205070,33.801238,
4.001532,20.627247,4.092604,29.963229,4.099604,33.912178,
3.941894,20.868947,4.035811,30.348135,4.041374,34.583564,
3.922700,20.787876,4.015590,30.161981,4.020960,34.059007,
3.909764,20.711690,4.001787,29.869029,4.008045,33.701426,
3.906961,20.901058,4.000775,29.873964,4.006658,33.346601,
3.942410,20.539254,4.038032,29.373941,4.045116,32.646224,
3.990578,20.540560,4.081957,28.836096,4.088870,31.967524,
4.015019,20.534880,4.111369,29.056279,4.117878,32.240327,
4.022362,20.799873,4.120673,29.609800,4.126668,32.507333,
4.043012,20.640606,4.139699,29.795244,4.145568,33.186504,
4.104629,20.587734,4.207124,29.651933,4.213684,33.378271,
4.205320,20.320633,4.311431,29.462790,4.317651,33.163905,
4.384403,20.878521,4.494085,29.583006,4.500046,32.585989,
4.635489,20.581846,4.752714,29.489956,4.759712,32.284544,
4.899224,20.645998,5.024737,29.625838,5.032596,32.766339,
5.134534,20.567097,5.267422,28.916856,5.274494,31.876065,
5.342474,20.335756,5.484507,28.547107,5.494997,31.878679,
5.479960,20.317951,5.627209,28.679188,5.636807,31.650458,
5.599168,20.358876,5.749169,28.700487,5.757963,31.692383,
5.650003,20.313378,5.797519,28.439443,5.806830,31.393698,
5.776798,20.181972,5.934226,27.948372,5.943947,30.687323,
5.998243,20.242453,6.153302,27.672546,6.164382,30.405856,
6.251825,20.208630,6.415085,28.010093,6.425035,30.325043,
6.492309,20.193739,6.668740,28.135872,6.680991,31.208679,
6.737486,20.227671,6.923183,28.048067,6.936588,30.683834,
6.955431,20.152999,7.142648,27.727172,7.157081,30.551322,
7.208603,19.832437,7.410102,27.294331,7.424719,29.957647,
7.445177,20.220877,7.650097,27.342706,7.664439,29.692458,
7.620564,20.042392,7.832300,26.832268,7.847972,29.138487,
7.780046,19.755010,7.993367,26.339643,8.010562,28.356945,
7.888020,19.631726,8.113468,25.638560,8.131416,27.763482,
7.986913,19.835845,8.206187,25.574807,8.226025,27.511123,
8.075272,19.721330,8.297675,25.997971,8.315571,27.752886,
8.158017,19.731024,8.385733,25.778026,8.406035,27.751670,
8.262520,19.970820,8.498717,26.535449,8.517236,28.662763,
8.364005,19.845924,8.601014,26.615241,8.619628,28.783403,
8.447134,19.859050,8.685426,26.253241,8.706293,28.625430,
8.529496,19.918603,8.768229,26.316478,8.786502,28.535339,
8.600436,19.894866,8.829335,26.384566,8.850136,28.390626,
8.623449,19.378789,8.859778,25.225874,8.882116,27.211263,
8.649708,19.465441,8.887283,25.192878,8.911119,27.058243,
8.674861,19.381491,8.909039,24.797378,8.933574,26.626647,
8.675338,19.437270,8.905327,24.790991,8.927399,26.440326,
8.682465,19.473475,8.907627,24.900684,8.930731,26.647954,
8.650335,19.441111,8.884540,24.979545,8.904454,26.601143,
8.622036,19.404846,8.856993,24.868199,8.878413,26.676448,
8.605491,19.511492,8.819052,25.101847,8.839507,26.926607,
8.540510,19.362702,8.757534,24.783855,8.781309,26.593889,
8.505914,19.337160,8.718204,24.854385,8.741341,26.610676,
8.432288,19.319535,8.642391,24.879572,8.665803,26.677991,
8.372546,19.431297,8.578584,25.057527,8.597555,26.698092,
8.298738,19.514459,8.499688,24.799187,8.521717,26.555987,
8.254485,19.413488,8.455323,24.861293,8.475240,26.584340,
8.212103,19.408085,8.405058,24.711488,8.426948,26.389097,
8.178199,19.325171,8.378577,24.797932,8.398637,26.421771,
8.149635,19.277022,8.349209,24.648992,8.369758,26.398666,
8.120592,19.349372,8.319039,24.720510,8.340001,26.453358,
8.096069,19.230930,8.295123,24.607785,8.315637,26.405938,
8.069959,19.237351,8.267542,24.585587,8.286862,26.162546,
8.072723,19.391862,8.258271,24.616034,8.279013,26.191108,
8.077336,19.437903,8.266872,24.525939,8.285275,26.133571,
8.076852,19.364954,8.276308,24.621309,8.295195,26.199938,
8.076468,19.315123,8.266331,24.417854,8.286762,25.910235,
8.076768,19.277304,8.271452,24.496359,8.292445,25.930904,
8.084548,19.337479,8.274824,24.669063,8.295026,26.284585,
8.069432,19.410900,8.263273,24.701670,8.281540,26.256838,
8.070576,19.391325,8.267945,24.716939,8.285741,26.156440,
8.070625,19.335707,8.266670,24.565540,8.288665,26.213925,
8.080965,19.414381,8.270554,24.738547,8.288361,26.273269,
8.089712,19.415076,8.278909,24.652573,8.296113,26.145883,
8.096421,19.397850,8.285262,24.500421,8.304358,26.329726,
8.099570,19.319207,8.290433,24.599757,8.311575,26.221957,
8.114824,19.448683,8.310425,24.762531,8.327326,26.294464,
8.104811,19.262873,8.304058,24.619000,8.324404,26.192578,
8.127035,19.484918,8.317821,24.700465,8.334431,26.308970,
8.132948,19.572280,8.328983,24.878826,8.347740,26.436448,
8.128570,19.208781,8.324208,24.368520,8.343563,26.104560,
8.137214,19.385347,8.331674,24.581046,8.350406,26.296430,
8.133473,19.308821,8.324482,24.693848,8.342824,26.494379,
8.122647,19.184995,8.318849,24.594521,8.341441,26.271331,
8.130017,19.269636,8.329526,24.569849,8.347943,26.309185,
8.136783,19.372335,8.332956,24.676540,8.351569,26.221434,
8.156749,19.493029,8.344839,24.836938,8.363073,26.333286,
8.162074,19.433843,8.351306,24.860120,8.368510,26.510249,
8.156763,19.375046,8.343706,24.518806,8.363313,26.074826,
8.145688,19.266662,8.338822,24.541553,8.361427,26.099443,
8.154809,19.381907,8.351052,24.904731,8.372115,26.428337,
8.153376,19.360211,8.355009,24.709074,8.374943,26.406954,
8.162652,19.456021,8.356431,24.803924,8.375011,26.424150,
8.172681,19.168726,8.368782,24.542013,8.386502,26.238385,
8.172337,19.381027,8.366574,24.639168,8.386272,26.196568,
8.180475,19.519658,8.374828,25.102554,8.391653,26.675969,
8.179779,19.471376,8.367384,24.796268,8.385008,26.352066,
8.184815,19.381470,8.380350,24.833688,8.399705,26.444497,
8.196070,19.594706,8.389939,24.810192,8.410103,26.388189,
8.185623,19.326504,8.387686,24.910756,8.409339,26.403287,
8.203993,19.347449,8.406899,24.597166,8.424950,26.346944,
8.211681,19.221140,8.408483,24.644227,8.428402,26.124788,
8.222669,19.476892,8.418353,24.848381,8.438068,26.398993,
8.219249,19.392088,8.419461,24.800573,8.436695,26.336325,
8.219667,19.441676,8.417094,24.939733,8.436237,26.456868,
8.221533,19.375628,8.415883,24.691813,8.434327,26.373018,
8.208401,19.282842,8.403736,24.652728,8.423718,26.043982,
8.189538,19.330651,8.396630,24.795470,8.415192,26.343885,
8.186288,19.347832,8.386659,24.512401,8.407774,26.167251,
8.189744,19.469772,8.386050,24.779584,8.406413,26.401317,
8.180617,19.412083,8.385972,24.992435,8.405248,26.499467,
8.172744,19.261204,8.378185,24.340748,8.397180,25.849680,
8.173691,19.404654,8.375490,24.775834,8.393662,26.412224,
8.173286,19.253965,8.374080,24.577325,8.391551,26.174243,
====  Warning! Error open PSNR file ====
6.045055,24.183662,6.127949,34.232662,6.129835,35.661457,
6.063576,24.545387,6.144165,33.732701,6.146568,35.608516,
6.067360,24.451383,6.149659,33.678066,6.151881,35.797901,
6.061442,24.352372,6.140862,33.758436,6.143155,35.239071,
6.044169,24.182536,6.125403,34.014827,6.127410,35.792467,
6.043042,24.374368,6.124870,34.098961,6.126885,36.000672,
6.033260,24.609573,6.109468,34.087098,6.111375,35.893692,
6.002114,24.338380,6.082464,34.150919,6.084641,36.378221,
5.968511,24.189912,6.052363,34.417841,6.054057,36.043897,
5.944918,24.108590,6.026968,33.427312,6.028858,35.639988,
5.934935,24.353985,6.012011,34.163390,6.014009,36.181708,
5.910106,24.267476,5.990131,33.853098,5.991720,35.581443,
5.897277,24.265351,5.976163,33.020010,5.978324,35.115094,
5.913622,24.537103,5.989990,33.558917,5.991849,35.219638,
5.916043,24.364105,5.997011,33.953654,5.999055,35.628144,
5.908004,23.999197,5.987093,33.384367,5.988961,35.168048,
5.887674,24.168758,5.966863,33.182790,5.969387,35.494519,
5.872210,24.506340,5.946978,33.399754,5.948389,35.247098,
5.852217,24.153999,5.933118,33.292853,5.934804,35.141322,
5.843149,24.239170,5.918425,32.955440,5.920459,34.873587,
5.834125,24.336343,5.908123,33.211836,5.910306,34.839554,
5.834179,24.069769,5.913197,32.821313,5.915172,34.610965,
5.869570,24.267008,5.942867,33.275957,5.944592,34.588435,
5.885035,23.974435,5.963941,32.845341,5.966348,34.850424,
5.905422,24.112756,5.982451,32.485566,5.984540,34.143225,
5.914651,23.933212,5.993749,32.679039,5.995221,33.779376,
5.910012,24.028552,5.986694,32.650949,5.989612,34.340843,
5.889421,24.219032,5.963603,32.724235,5.966589,34.357338,
5.868372,23.831657,5.939484,32.871283,5.941485,34.502492,
5.859377,24.257257,5.933224,32.835733,5.935719,34.594005,
5.858428,24.142981,5.930228,32.589492,5.932426,34.124995,
5.869944,24.080089,5.948091,33.432534,5.949834,34.645940,
5.886880,24.048430,5.960787,32.648069,5.963447,34.177561,
5.903083,23.862707,5.979080,33.028998,5.981498,34.875971,
5.917470,24.255546,5.994386,32.940778,5.996207,34.589476,
5.939241,24.090814,6.018325,32.758756,6.020317,34.202782,
5.971107,24.356504,6.044330,33.313533,6.045839,34.924959,
5.991364,24.251756,6.070347,33.332298,6.072093,34.909017,
6.015586,23.992543,6.097401,33.304325,6.100008,35.104680,
6.041486,23.963882,6.124784,32.863973,6.127286,34.944082,
6.051786,24.243682,6.134777,33.143644,6.137106,34.841773,
6.080237,23.932657,6.161902,33.061519,6.164438,34.388644,
6.087316,24.031821,6.171966,32.611980,6.174471,34.237702,
6.091334,24.177315,6.175839,32.949212,6.178220,34.697489,
6.088113,24.522064,6.165267,33.956808,6.167245,35.413243,
6.104906,23.932797,6.183795,33.212244,6.185579,34.966153,
6.140111,24.173516,6.222525,33.169320,6.225007,35.385708,
6.184268,24.451454,6.266160,33.166389,6.267957,34.619253,
6.184477,24.125637,6.269911,33.112294,6.272457,34.887639,
6.193139,23.977979,6.276861,33.064478,6.279889,35.207866,
6.199377,24.291258,6.287384,32.724605,6.289715,34.590247,
6.213501,24.043135,6.297760,32.843996,6.300342,34.859850,
6.184076,24.049075,6.272575,33.368345,6.274618,34.966012,
6.144454,24.230884,6.225764,33.147411,6.228056,34.704507,
6.094211,23.938191,6.173205,32.806228,6.175821,34.609832,
6.034518,23.993122,6.112117,32.981780,6.114651,35.104223,
5.983029,23.989876,6.061254,33.336607,6.063462,34.990066,
5.949250,23.892406,6.031523,32.159896,6.033847,33.622283,
5.938083,24.144308,6.013585,32.968548,6.015927,34.503102,
5.943153,24.384615,6.017803,33.234844,6.019423,35.005738,
5.957415,24.107711,6.037040,32.879995,6.039002,34.444983,
5.975318,23.785306,6.056587,32.891380,6.058966,34.956137,
6.004688,23.694653,6.084080,32.899800,6.086614,34.926710,
6.036091,23.959382,6.111772,33.177275,6.113930,34.775001,
6.059565,23.962421,6.142076,33.078186,6.144001,34.928536,
6.092321,24.205724,6.171241,33.108456,6.174158,35.428797,
6.138079,24.449375,6.214139,33.234314,6.216619,34.802923,
6.165342,24.044823,6.251488,33.310094,6.252984,35.140229,
6.192973,24.087007,6.279195,33.140037,6.281002,35.225403,
6.223198,24.028213,6.304158,33.372426,6.306093,35.478219,
6.242771,24.367787,6.321225,33.678530,6.322872,35.076514,
6.269746,24.447473,6.354829,33.898833,6.356661,35.158084,
6.298371,24.205307,6.385997,34.113317,6.388433,36.637293,
6.322241,24.278106,6.414417,33.451712,6.417023,35.694738,
6.342408,24.088815,6.432599,33.578405,6.435770,35.269915,
6.353871,24.280624,6.445009,33.958647,6.446858,35.741454,
6.353294,24.240167,6.438903,33.986084,6.441032,35.894309,
6.332674,24.316206,6.418713,33.463199,6.421114,36.013503,
6.309864,24.137689,6.395652,33.447689,6.397889,35.432703,
6.289847,24.193332,6.377411,33.162920,6.379483,35.085314,
6.263325,24.216627,6.346334,33.091744,6.348774,35.456463,
6.221935,23.957537,6.302061,32.818137,6.304386,35.003554,
6.185272,24.278148,6.266357,33.521608,6.267717,35.313275,
6.131607,24.400778,6.208451,33.204545,6.210734,35.170179,
6.080976,24.178923,6.156450,32.648106,6.158736,34.477433,
6.027336,24.082060,6.104733,32.987002,6.107262,34.727666,
5.998546,23.933044,6.077693,32.638582,6.080347,34.287207,
6.003831,24.463697,6.072030,33.340742,6.073452,34.968368,
6.029838,24.205627,6.102565,32.873521,6.104379,34.651979,
6.081477,24.269421,6.160467,33.211860,6.162595,34.688076,
6.156321,24.035059,6.237677,33.506906,6.240278,35.552462,
6.194928,24.315241,6.274680,32.853735,6.276715,34.669741,
6.227218,24.393574,6.307844,33.263287,6.309731,35.393639,
6.268196,24.084612,6.353088,33.431895,6.354788,35.012659,
6.284904,24.236519,6.367967,33.420033,6.369643,34.943728,
6.278597,24.169577,6.366453,33.116575,6.368480,34.710372,
6.281138,24.033253,6.366576,33.404747,6.368374,35.165512,
6.282612,24.231215,6.368469,33.069340,6.370867,35.010837,
6.290398,24.324715,6.378403,33.356452,6.380815,34.809373,
6.308615,24.103211,6.396416,33.607989,6.398098,35.357702,
6.309692,24.208676,6.396071,33.304496,6.398592,34.971806,
6.312031,24.125961,6.397920,33.141649,6.399998,35.082169,
6.305661,24.181642,6.393277,32.880789,6.395950,34.623066,
6.315690,24.260700,6.401326,33.303289,6.402991,35.225092,
6.306068,24.105484,6.392513,33.597304,6.395095,36.306805,
6.302381,24.410976,6.390013,33.025827,6.392108,35.008591,
6.300299,24.291372,6.384018,33.177430,6.385900,35.371026,
6.304376,23.851039,6.391042,33.332267,6.393154,34.971757,
6.308600,24.193477,6.394390,33.321529,6.396192,35.623557,
6.315145,24.105250,6.402364,33.414947,6.405347,35.817609,
6.329944,24.142240,6.416915,33.552242,6.419657,35.364797,
6.339189,24.158995,6.427539,33.197979,6.429938,35.144511,
6.351759,24.460617,6.437011,33.322376,6.438616,34.865169,
6.352563,23.801010,6.441397,33.381769,6.444278,35.842763,
6.353873,24.084937,6.442463,32.789515,6.444949,34.510645,
6.356086,24.184634,6.444825,33.316500,6.447124,34.949758,
6.363237,23.974906,6.455642,33.302136,6.457456,35.487006,
6.372029,24.109589,6.462790,33.497922,6.464685,35.337049,
6.383822,24.504924,6.467933,33.721476,6.470096,35.395443,
6.386976,24.353572,6.471547,33.708998,6.473230,35.629338,
6.384398,24.354259,6.474321,33.918871,6.475819,35.922649,
6.392195,24.250928,6.481155,33.639709,6.483250,35.505557,
6.391536,24.257086,6.477915,33.087018,6.480106,34.647918,
6.390099,24.193522,6.477029,33.316726,6.479381,34.886356,
6.371197,24.176652,6.456460,33.080554,6.459030,35.097137,
6.342222,23.767763,6.431254,33.485249,6.434619,35.501192,
6.323859,24.318805,6.409452,33.321944,6.411083,34.860201,
6.298698,23.996692,6.383997,33.438963,6.386261,35.495301,
6.260526,24.158196,6.343066,32.826675,6.345247,34.727840,
6.213836,24.326142,6.291369,32.776274,6.293662,34.471661,
6.176778,24.055675,6.256208,32.721779,6.258365,34.769700,
6.144427,24.285630,6.224372,32.989319,6.225785,34.476831,
6.110185,24.163663,6.192216,32.913948,6.194455,34.357182,
6.076002,24.018244,6.156544,32.867185,6.158606,34.501548,
6.045770,24.058611,6.125222,32.379894,6.127154,33.972376,
6.021329,24.473742,6.100744,32.828572,6.103181,34.340839,
6.021491,23.930475,6.102927,33.012169,6.104592,34.680196,
6.040367,23.956977,6.121766,32.541778,6.123440,34.228465,
6.077518,24.307945,6.158075,33.061747,6.160104,34.848323,
6.118005,23.936445,6.195575,32.463205,6.197962,34.270938,
6.149145,23.787910,6.235757,32.578417,6.238370,34.333937,
6.215834,24.141904,6.298297,33.180683,6.300185,35.112141,
6.191364,24.309751,6.271192,33.246743,6.272738,35.049175,
6.092937,24.133936,6.179330,33.329035,6.181464,35.391468,
6.000509,24.012551,6.082459,33.810895,6.084506,35.799481,
5.942962,24.430239,6.022496,33.664618,6.024500,35.380822,
5.965489,24.326043,6.051035,34.078637,6.052890,35.507521,
6.037984,24.574619,6.119942,33.954975,6.121589,35.531331,
6.132932,24.502931,6.218035,33.657401,6.220947,35.829988,
6.255460,24.547719,6.341376,33.382940,6.344126,35.763772,
6.353540,24.438891,6.446617,34.026608,6.448815,35.930292,
6.427264,24.585741,6.512828,33.943851,6.514264,35.971078,
6.512070,24.423287,6.604452,34.527743,6.606814,36.949243,
6.355841,24.407757,6.445848,34.433974,6.448098,36.445638,
6.396659,24.253954,6.490953,33.963218,6.493500,36.341183,
6.572000,24.023569,6.664018,34.295177,6.666699,36.188854,
6.860308,24.365766,6.961197,33.978654,6.963296,36.544919,
6.863600,24.393017,6.958948,33.130799,6.961538,34.485087,
6.767690,23.981380,6.868253,32.774408,6.870833,34.614536,
6.786451,24.470421,6.880150,33.701836,6.882570,35.336506,
6.784223,24.106779,6.877557,33.057007,6.879346,34.635485,
6.780280,23.834896,6.877080,32.459765,6.880008,34.353454,
6.786356,23.975575,6.882799,32.836983,6.886018,35.001626,
6.786437,24.282832,6.884117,33.341197,6.886336,34.903620,
6.788773,23.960364,6.885625,33.307101,6.888206,34.956205,
6.801138,24.205416,6.899053,33.026266,6.901212,34.614776,
6.814432,24.260654,6.908589,33.359234,6.910752,35.339547,
6.834287,24.253384,6.932197,33.425037,6.934487,35.567709,
6.878008,24.137583,6.973932,33.787481,6.976040,34.768705,
6.905198,24.433214,7.001771,33.696764,7.004171,35.582448,
6.909894,24.028196,7.011687,33.532185,7.013859,35.374745,
6.920413,24.293143,7.021187,34.029288,7.023982,35.921072,
6.949100,24.554976,7.051395,34.549460,7.052671,36.464908,
7.002533,23.985497,7.107755,33.896916,7.110311,35.868973,
7.017343,23.963268,7.118695,33.481847,7.121408,35.523133,
6.971976,24.189225,7.076142,33.184846,7.078270,35.088566,
6.921051,24.395510,7.016639,34.020886,7.019023,36.078143,
6.809538,24.116296,6.908555,33.768096,6.910724,35.876871,
6.674591,24.452672,6.762064,33.211177,6.764671,35.292039,
6.486644,24.776456,6.568413,34.087478,6.570405,36.067978,
6.257320,24.711645,6.337723,34.204913,6.339538,36.267236,
6.018315,24.559793,6.099796,35.089196,6.101664,37.640330,
5.780959,24.978203,5.851904,35.492010,5.852957,37.416080,
5.525914,25.139177,5.591427,35.033268,5.593104,37.281870,
5.240443,24.888118,5.303546,35.590969,5.304810,37.735513,
4.951910,25.174981,5.009406,35.690935,5.010776,38.395650,
4.682872,25.352500,4.737322,36.382312,4.738416,38.245167,
4.438294,25.128280,4.493579,36.634560,4.494820,39.201461,
4.265903,25.470829,4.317916,36.523611,4.318624,38.292303,
4.151195,25.104660,4.204173,36.751464,4.205057,38.738449,
4.050549,25.547443,4.099768,36.166678,4.100762,38.993220,
3.992587,25.241388,4.040330,36.820525,4.041423,38.902521,
3.972507,25.348470,4.021158,36.368423,4.022191,38.552362,
3.958062,25.453054,4.007617,36.011927,4.008398,38.257676,
3.956247,25.101900,4.006425,36.217824,4.007250,38.141583,
3.994928,25.636425,4.043387,35.561517,4.044196,37.682662,
4.038818,25.133136,4.087941,35.234836,4.089148,37.172355,
4.061465,24.861445,4.116500,35.703947,4.117641,37.556131,
4.071492,24.817440,4.125112,35.078684,4.126302,36.914724,
4.090911,25.121870,4.144407,35.738442,4.144905,37.808191,
4.163480,25.123944,4.216570,36.233751,4.217445,38.543783,
4.263818,25.057156,4.319374,35.271057,4.320283,36.766076,
4.446790,24.999502,4.507051,35.573554,4.507963,37.483269,
4.691102,24.746421,4.756016,35.249829,4.757088,37.567265,
4.964514,24.955883,5.030789,35.376323,5.031794,37.252682,
5.200834,24.877354,5.271113,34.537826,5.272484,36.398209,
5.425891,24.716169,5.498382,34.043943,5.500143,36.566853,
5.558909,24.629618,5.637037,34.352583,5.638747,36.241317,
5.680554,24.570213,5.759079,34.413123,5.760340,35.971724,
5.723613,24.694709,5.804076,34.184347,5.805561,35.741044,
5.865005,24.410921,5.944686,33.483922,5.945483,34.634012,
6.083922,24.383844,6.167316,32.999027,6.169154,34.992056,
6.327120,24.348998,6.423691,33.444254,6.425104,34.741778,
6.583817,24.556247,6.678128,33.756017,6.679049,35.126248,
6.834322,24.582697,6.932351,33.589546,6.933633,35.029403,
7.060310,24.357938,7.163275,33.235898,7.165811,34.903770,
7.321560,24.228793,7.429565,32.907730,7.431984,34.387686,
7.549788,24.109695,7.667043,32.792618,7.669303,34.416382,
7.737723,23.960560,7.858728,31.741989,7.861798,33.083601,
7.886011,24.016921,8.006614,31.164905,8.009028,32.444387,
8.016267,23.719462,8.134418,31.089354,8.136863,32.176202,
8.109706,23.478879,8.232153,30.797531,8.235741,32.110865,
8.190516,23.478231,8.319817,30.853838,8.324348,32.395503,
8.289556,23.798190,8.416430,31.005143,8.420778,32.265010,
8.386694,23.850427,8.519587,31.300889,8.522855,32.774121,
8.503326,23.713964,8.627823,32.038705,8.630920,33.114667,
8.574510,23.806069,8.713036,31.872882,8.717628,33.225067,
8.659935,23.642231,8.791806,31.596066,8.796629,33.244172,
8.710984,23.556992,8.851117,30.527915,8.856015,31.721859,
8.769174,23.444505,8.901329,30.997533,8.903583,32.077456,
8.794461,23.422918,8.926877,30.119455,8.930131,31.138290,
8.798345,22.887441,8.933239,29.543603,8.937926,30.477196,
8.808536,23.017345,8.938720,29.458530,8.941829,30.259306,
8.800043,22.880044,8.930703,29.884381,8.935051,30.745150,
8.795218,23.420152,8.916418,30.151461,8.920520,30.855479,
8.759787,23.083771,8.882565,29.874239,8.886411,30.904821,
8.721203,23.060443,8.848688,29.961805,8.853125,31.067515,
8.664545,23.364574,8.797139,30.273866,8.800331,31.218436,
8.624468,23.013220,8.749887,29.848651,8.755193,31.242824,
8.555382,22.910786,8.678606,29.584281,8.683303,30.792403,
8.491376,23.202647,8.611681,29.901859,8.615343,30.939584,
8.408305,22.914189,8.529010,29.635284,8.533536,30.806339,
8.370445,23.099180,8.486018,29.774772,8.490192,30.952996,
8.328713,23.045402,8.444430,29.699056,8.447437,30.611652,
8.293092,23.021762,8.406643,29.873347,8.410532,30.908261,
8.258875,22.791270,8.373130,29.109358,8.376515,29.962711,
8.235119,22.844253,8.350970,29.303130,8.356221,30.359134,
8.206100,22.884920,8.325359,29.387952,8.328484,30.456989,
8.184967,22.970847,8.302624,29.545251,8.306644,30.589735,
8.168864,22.798677,8.285108,29.047606,8.290240,30.054138,
8.185671,22.971607,8.299272,29.681935,8.302892,30.473987,
8.189717,22.943189,8.302871,29.373893,8.306017,30.326848,
8.194480,22.931218,8.305613,29.632083,8.308863,30.432672,
8.194359,22.969062,8.303076,29.651025,8.305905,30.574674,
8.192438,22.966559,8.306589,29.442511,8.310702,30.526126,
8.182891,22.916800,8.297039,29.419762,8.299996,30.157056,
8.184591,23.029329,8.297996,29.524366,8.301441,30.463216,
8.186166,22.943279,8.294342,29.108033,8.298567,30.109678,
8.198927,22.924049,8.308745,29.540041,8.312526,30.447233,
8.202638,22.972884,8.312060,29.234159,8.316003,30.275068,
8.213946,23.097284,8.320347,29.290667,8.324161,30.279531,
8.219278,23.108217,8.328878,29.380868,8.332306,30.349947,
8.231063,23.099939,8.340877,29.252835,8.344764,30.080224,
8.227501,23.049309,8.343914,29.525101,8.346964,30.557771,
8.243362,23.225839,8.352284,29.780572,8.355431,30.663676,
8.241839,23.147762,8.350986,29.184703,8.354734,30.137327,
8.239966,23.121062,8.354530,29.518974,8.359085,30.348016,
8.251574,23.239577,8.361929,29.633528,8.366473,30.582894,
8.233366,22.847572,8.350022,29.257858,8.353991,30.162356,
8.242205,23.094366,8.355859,29.216957,8.361916,30.243973,
8.251772,22.942599,8.360832,29.468376,8.364757,30.377702,
8.251710,23.117377,8.357756,29.456175,8.362135,30.526944,
8.265710,22.890382,8.377961,29.231566,8.382180,30.412427,
8.268904,23.174708,8.380038,29.586737,8.383157,30.427725,
8.269443,23.101007,8.382231,29.680261,8.384690,30.533285,
8.272632,23.208980,8.379383,29.693592,8.383047,30.631771,
8.265946,23.080470,8.378533,29.444592,8.383684,30.577739,
8.276914,22.798793,8.387451,29.885572,8.391276,30.892175,
8.273279,23.103833,8.391082,29.335464,8.395424,30.316214,
8.286736,22.981823,8.397799,29.714432,8.402443,30.725017,
8.296299,23.182427,8.408536,29.597955,8.412851,30.736058,
8.285561,23.052153,8.402656,29.518364,8.405416,30.643773,
8.283345,23.071610,8.399592,29.288333,8.404364,30.403411,
8.296372,23.273686,8.408505,29.648717,8.412237,30.628368,
8.309953,23.102588,8.420823,29.465743,8.424955,30.774954,
8.301731,23.109154,8.424835,29.344480,8.428240,30.260159,
8.324020,23.347927,8.438651,29.767156,8.441895,30.689568,
8.326740,23.149852,8.439782,29.778845,8.443993,30.741061,
8.339024,23.190002,8.450866,29.569449,8.455609,30.612129,
8.333110,23.115785,8.444303,29.471155,8.447189,30.244911,
8.336352,23.129879,8.447038,29.618778,8.451392,30.771961,
8.323625,22.892053,8.441236,29.286135,8.444727,30.193459,
8.316330,23.126149,8.433387,29.650929,8.438085,30.853925,
8.300771,23.149234,8.420444,29.296925,8.424487,30.220575,
8.289608,22.821280,8.414307,29.325822,8.419779,30.604494,
8.309012,23.236516,8.420860,29.689675,8.422978,30.500234,
8.304915,23.051340,8.413799,29.311871,8.418268,30.144412,
8.290304,22.910392,8.407511,29.162319,8.412790,30.310629,
8.292130,22.916017,8.403417,29.267166,8.408217,30.476180,
8.289252,23.027453,8.401500,29.558561,8.404793,30.613547,
====  Warning! Error open PSNR file ====
6.098881,29.657177,6.130960,39.839677,6.130923,40.347671,
6.110006,29.590236,6.142501,39.821233,6.142912,41.414140,
6.115156,28.987982,6.147573,40.013041,6.147690,40.852022,
6.108010,29.801518,6.141770,39.250574,6.141888,39.882511,
6.094377,29.550282,6.129562,39.161281,6.129678,39.985448,
6.090908,29.339403,6.121619,40.470652,6.121916,41.336366,
6.079946,29.334683,6.112412,39.434398,6.112502,40.173587,
6.056499,29.236908,6.087157,39.136844,6.087263,39.862493,
6.023935,29.121548,6.056571,39.325637,6.056600,39.643701,
6.002630,29.161447,6.036831,39.151700,6.036881,39.570745,
5.985784,29.036134,6.017602,39.620879,6.018041,40.574598,
5.962304,29.307463,5.993329,39.830987,5.993465,40.351619,
5.949932,29.291766,5.982355,39.963506,5.982423,40.737033,
5.957164,29.339297,5.986976,39.408598,5.987321,40.239319,
5.966468,29.019466,6.000753,38.739317,6.000960,40.019164,
5.958606,29.435795,5.988967,39.692768,5.989013,40.382174,
5.937784,29.175349,5.970344,39.252615,5.970430,39.913426,
5.917981,29.140531,5.949141,39.161922,5.949310,40.102962,
5.907311,29.379725,5.936643,39.549033,5.936739,40.379211,
5.889861,29.250873,5.921475,38.756269,5.921612,39.578696,
5.882617,29.025048,5.913627,39.169821,5.913623,40.233384,
5.886330,28.725833,5.916354,37.977005,5.916445,38.433558,
5.914056,28.986101,5.942625,38.528630,5.942738,38.991621,
5.936637,29.273616,5.968412,38.657222,5.968769,39.922542,
5.953881,29.382061,5.985168,38.822581,5.985206,39.317263,
5.962909,28.960595,5.996213,37.819689,5.996312,38.059359,
5.963579,29.375584,5.991742,39.309445,5.991925,39.750661,
5.932814,28.875953,5.966097,38.635293,5.966320,39.644028,
5.914559,29.314170,5.943748,38.117091,5.943970,38.869529,
5.897600,29.005203,5.928513,37.886875,5.928366,38.558130,
5.904619,29.004007,5.937085,38.734677,5.937134,39.134042,
5.915480,28.926672,5.945389,38.346746,5.945513,39.010009,
5.932023,29.183240,5.962765,38.386648,5.962850,39.002572,
5.948926,28.918591,5.981103,37.366582,5.981314,37.923209,
5.963880,28.948768,5.996086,38.341292,5.996152,38.739179,
5.987924,28.929108,6.018950,38.801072,6.019204,39.494101,
6.012769,28.876821,6.046257,38.809749,6.046527,39.512776,
6.039862,29.325487,6.071143,38.513038,6.071243,39.782829,
6.069147,29.147943,6.101490,38.582299,6.101685,39.216711,
6.095630,28.824830,6.128044,38.520698,6.128244,39.377205,
6.107450,29.221991,6.139594,39.753848,6.139859,40.534848,
6.129710,29.221696,6.161941,39.040988,6.162162,39.408863,
6.143086,28.910091,6.176777,39.536166,6.177024,40.084161,
6.144194,29.031358,6.178815,38.220759,6.178911,38.891686,
6.135280,28.992442,6.168817,39.113323,6.168967,39.553085,
6.156885,29.169646,6.188575,38.864540,6.188746,40.167968,
6.191025,28.694354,6.224949,38.406446,6.225420,39.799921,
6.234373,29.061985,6.267041,39.256022,6.267274,40.167927,
6.238950,29.312529,6.276358,39.538008,6.276453,39.879799,
6.242340,29.233559,6.276437,39.034648,6.276793,40.188444,
6.256388,29.047309,6.293160,38.583569,6.293437,39.039261,
6.264431,28.803872,6.297574,38.641765,6.297752,39.536557,
6.239030,28.848632,6.275058,38.547116,6.275269,39.464985,
6.194762,29.008389,6.227865,38.541457,6.228324,39.945649,
6.146042,29.570063,6.176251,38.612196,6.176488,38.976844,
6.082900,28.938057,6.114929,38.029454,6.115278,38.690014,
6.034596,28.729272,6.067063,38.199794,6.067481,38.897770,
6.004055,29.577337,6.035563,38.700092,6.035979,39.700989,
5.984449,29.096424,6.015629,38.546309,6.015822,39.331745,
5.991380,29.215087,6.019591,39.073254,6.019789,39.492278,
6.006258,28.725569,6.036925,37.692910,6.037558,39.241680,
6.027507,28.956775,6.059201,38.068623,6.059383,38.849344,
6.054230,28.581014,6.091349,37.922164,6.091546,39.052721,
6.077105,29.207925,6.112567,38.364960,6.112685,39.793408,
6.113472,29.281577,6.144135,38.759654,6.144206,39.202388,
6.144566,29.128280,6.175994,39.495028,6.176211,40.363860,
6.183889,29.098499,6.217767,39.509709,6.217936,40.856802,
6.220158,29.046724,6.251012,38.864941,6.251319,39.767371,
6.251696,29.435222,6.283924,39.373718,6.284054,40.084779,
6.269681,29.030765,6.304772,39.006098,6.304815,39.612706,
6.290614,29.331555,6.324915,39.485133,6.324942,39.844015,
6.325332,29.151311,6.357194,39.043234,6.357487,40.080817,
6.351356,28.852898,6.388392,39.123654,6.388878,40.245770,
6.384214,29.267739,6.420693,39.841925,6.420739,40.815390,
6.408151,29.392541,6.444056,40.199225,6.444155,40.847559,
6.415078,29.473674,6.449418,39.963330,6.449645,41.185593,
6.410906,29.335876,6.442447,39.051201,6.442801,40.410945,
6.393587,29.297490,6.429581,39.121818,6.429880,40.455523,
6.371585,29.208116,6.404503,39.154117,6.404749,39.444531,
6.345449,29.188114,6.379140,39.878178,6.379193,40.574289,
6.316591,29.136409,6.349424,39.753561,6.349677,40.439165,
6.272717,29.015104,6.307431,38.851710,6.307444,39.158050,
6.227493,28.927655,6.263464,38.543637,6.263763,39.746477,
6.174600,29.081087,6.207641,38.628389,6.207875,39.682070,
6.128196,28.731699,6.160841,38.761368,6.161039,39.418239,
6.079586,29.301371,6.109227,38.215806,6.109609,39.059231,
6.047710,29.215671,6.077667,39.372857,6.077772,39.833497,
6.039391,28.835875,6.073713,38.234755,6.073821,38.767936,
6.075618,29.026573,6.107305,38.723358,6.107426,39.255467,
6.127805,29.140727,6.158423,38.583027,6.158885,39.144747,
6.216510,29.411202,6.245393,39.214637,6.245786,39.996723,
6.246255,28.558153,6.279512,39.346632,6.279686,39.835336,
6.277160,29.072961,6.311070,38.894004,6.311272,39.591672,
6.317876,29.138289,6.351084,39.396375,6.351519,40.391623,
6.337312,29.417931,6.373494,39.690902,6.373761,40.476427,
6.326990,29.020535,6.362359,38.867229,6.362499,39.499346,
6.333504,29.465795,6.367360,39.996802,6.367601,40.285847,
6.335495,28.649559,6.371712,38.877626,6.372081,39.699027,
6.346572,28.881899,6.380699,38.843782,6.381295,40.266441,
6.356892,29.433331,6.391119,39.362361,6.391220,40.071350,
6.367176,29.241429,6.402338,38.640551,6.402655,39.345759,
6.364389,29.101652,6.399490,38.252408,6.399833,40.038390,
6.370770,28.964488,6.404806,39.140377,6.404951,39.878902,
6.368850,29.348078,6.403517,40.030176,6.403923,40.699334,
6.365311,29.296140,6.400237,39.010812,6.400537,39.730219,
6.355741,28.562320,6.393820,39.120397,6.393835,39.540265,
6.351392,29.152037,6.386768,38.846307,6.387119,40.100170,
6.362530,29.314676,6.395401,40.626898,6.395577,41.759499,
6.361369,29.250527,6.398683,39.406920,6.398845,41.034333,
6.364696,29.036440,6.402519,39.406069,6.402536,40.257897,
6.387849,29.111475,6.422876,39.202821,6.423087,39.645995,
6.398698,29.434884,6.432823,39.261560,6.433050,40.216095,
6.401007,29.582522,6.435846,38.412590,6.436078,39.180304,
6.402055,29.241913,6.438651,38.740721,6.438925,38.824947,
6.414749,29.206368,6.451235,38.498755,6.451405,38.929325,
6.413183,28.975288,6.450544,39.473760,6.450428,39.773395,
6.427025,29.419868,6.461501,38.501004,6.461810,39.869085,
6.420842,28.646500,6.460563,39.224827,6.460635,39.919824,
6.439404,29.436863,6.476727,39.123842,6.477012,40.221229,
6.442583,29.675254,6.478565,39.828934,6.478729,41.064525,
6.441298,29.185500,6.479142,38.789425,6.479569,40.101519,
6.444828,29.310641,6.483924,38.762740,6.484181,39.576825,
6.450473,29.398599,6.484910,39.508632,6.485247,40.290683,
6.442181,29.296879,6.475761,39.385169,6.476035,40.522213,
6.425616,29.383839,6.459191,38.484162,6.459573,39.790657,
6.407079,29.593473,6.443504,39.705807,6.443686,40.665407,
6.382763,29.148159,6.417176,39.795833,6.417485,41.301910,
6.354449,28.800019,6.387700,38.332048,6.387614,38.605988,
6.321709,29.137716,6.352697,40.017629,6.352714,41.058653,
6.263792,28.937381,6.297395,39.571336,6.297596,40.101876,
6.227069,29.196501,6.258414,38.536242,6.258680,39.129031,
6.193636,29.007449,6.228131,37.963946,6.228630,39.167281,
6.161896,29.096416,6.194004,38.408816,6.194434,39.055291,
6.128106,28.859518,6.162912,37.705434,6.163027,38.848879,
6.098236,28.974408,6.129675,38.502072,6.130126,39.415883,
6.073500,28.900320,6.104756,38.007483,6.104829,38.645115,
6.075415,29.271796,6.108268,38.939949,6.108441,39.481769,
6.092722,28.909131,6.125671,38.194135,6.125901,38.853536,
6.128328,29.007043,6.164338,38.125841,6.164804,39.736824,
6.168496,29.283050,6.204072,38.131283,6.204166,38.425316,
6.210533,29.274041,6.242355,38.774276,6.242481,39.049570,
6.266550,28.602996,6.304945,37.586331,6.305260,38.370099,
6.238897,29.249500,6.272285,39.542636,6.272353,39.858442,
6.149390,29.161532,6.182893,38.548780,6.183160,39.287169,
6.050494,29.034457,6.084349,38.488910,6.084872,39.507909,
5.993244,29.576458,6.025558,39.579922,6.025872,40.587967,
6.020190,29.684973,6.051767,40.004973,6.051945,41.159770,
6.086322,29.373119,6.120203,39.296438,6.120602,40.939684,
6.182110,29.719178,6.216836,40.072288,6.217171,41.263096,
6.313645,29.393134,6.351573,39.259393,6.351785,39.873332,
6.413223,29.356728,6.448987,39.216881,6.449110,39.954559,
6.477684,29.611918,6.515846,40.442198,6.515886,40.689439,
6.568937,29.455455,6.605795,40.139179,6.605829,40.567542,
6.409659,29.592926,6.445282,40.301927,6.445583,41.331896,
6.453724,29.442248,6.490849,39.534633,6.491001,40.412314,
6.621161,29.363089,6.660838,38.969220,6.661050,39.520887,
6.919832,29.517432,6.957970,40.176440,6.957952,40.520698,
6.932597,29.317720,6.967738,39.229878,6.968034,40.044124,
6.832678,29.288840,6.871278,39.022969,6.871352,39.494934,
6.833548,28.875956,6.874793,38.469521,6.874972,39.066797,
6.843863,28.927301,6.882120,38.725711,6.882571,39.299358,
6.850266,29.252825,6.886087,38.679035,6.886333,39.371175,
6.845015,29.057028,6.886031,38.880675,6.886337,40.163526,
6.850097,29.101335,6.891093,38.673361,6.890984,39.017847,
6.852246,29.549125,6.887902,39.724972,6.888120,40.309426,
6.864618,29.023634,6.904585,38.707664,6.904889,39.564757,
6.873474,28.961562,6.914663,38.551913,6.915002,39.721214,
6.900212,28.997819,6.941445,39.097029,6.941563,39.825692,
6.939594,29.310305,6.979043,38.839528,6.979184,39.531893,
6.968519,29.666239,7.006674,39.055508,7.007078,39.300833,
6.969010,29.394412,7.007799,38.404050,7.008280,39.372281,
6.980918,29.495104,7.021062,40.409859,7.021208,41.117009,
7.012730,29.293675,7.053289,39.365786,7.053326,40.247157,
7.065603,29.332558,7.109313,40.014925,7.109646,40.886047,
7.083941,29.467321,7.127949,39.229244,7.128535,40.391255,
7.042854,29.109658,7.082300,39.660600,7.083095,40.924089,
6.979799,29.247247,7.017274,40.591362,7.017422,41.260215,
6.871735,29.392096,6.914252,40.087191,6.914337,40.833759,
6.723803,29.381100,6.761833,39.724057,6.762039,40.073139,
6.537046,29.567988,6.572830,40.160332,6.573240,41.361758,
6.308770,29.866405,6.342341,40.285031,6.342512,41.072024,
6.065237,29.981398,6.099263,39.952721,6.099578,40.840550,
5.821059,30.319028,5.850437,40.029639,5.850539,40.500357,
5.564122,30.106884,5.593031,41.004756,5.593440,42.004257,
5.281161,30.929477,5.306386,41.938503,5.306607,42.919982,
4.985530,30.927077,5.009602,41.916210,5.009845,43.351374,
4.719994,30.460459,4.743901,42.367941,4.743953,43.028412,
4.472291,30.457805,4.494354,42.055077,4.494493,43.202516,
4.299484,30.540658,4.322199,43.392301,4.322346,43.803688,
4.187899,30.509270,4.208333,42.569428,4.208364,43.608492,
4.078169,30.688914,4.099895,42.225295,4.099967,43.422462,
4.022646,30.513598,4.043175,42.777621,4.043238,43.850298,
4.001460,30.344223,4.022277,42.574324,4.022291,43.147554,
3.990889,30.908568,4.011123,41.774819,4.011239,42.821731,
3.988444,30.676406,4.007578,42.475210,4.007682,43.707406,
4.025086,30.207544,4.046410,40.739431,4.046581,42.019124,
4.069785,30.558824,4.091527,41.098474,4.091560,41.955781,
4.101920,30.492589,4.122190,40.605351,4.122317,41.693877,
4.109865,30.574407,4.131190,41.305992,4.131269,42.413859,
4.121532,30.174012,4.142419,40.785099,4.142490,41.697069,
4.195307,30.761147,4.216194,41.213739,4.216234,41.964275,
4.297267,30.257760,4.319502,41.239385,4.319528,42.098204,
4.482261,30.020416,4.505870,41.723354,4.506006,42.232306,
4.733048,30.135824,4.760028,40.883939,4.760139,42.635909,
5.005397,30.701044,5.033183,42.338437,5.033369,42.807875,
5.243926,29.901217,5.273293,39.746651,5.273369,40.947790,
5.467846,30.299241,5.499116,40.262835,5.499473,41.197833,
5.608755,29.606474,5.638327,39.353847,5.638516,39.835596,
5.725421,30.243058,5.754696,40.023547,5.754844,40.515324,
5.781681,30.086849,5.813596,40.671185,5.813660,40.789988,
5.912217,29.233350,5.944798,38.445084,5.945077,39.314730,
6.135104,29.213189,6.168159,39.049195,6.168371,39.724378,
6.388379,29.575578,6.425034,39.274981,6.425077,39.808291,
6.654174,29.260310,6.689751,39.088352,6.689902,40.018099,
6.897399,29.478220,6.935850,38.959280,6.936178,39.504804,
7.121120,29.134018,7.162230,38.665534,7.162789,39.956652,
7.378805,29.114522,7.423199,38.551139,7.423305,39.057926,
7.631133,29.460920,7.674387,37.463334,7.674573,38.441130,
7.820408,29.225468,7.864924,37.382073,7.865004,37.749197,
7.971049,28.544316,8.017666,36.344462,8.017777,36.580257,
8.101719,28.574401,8.146133,36.750189,8.146162,37.267490,
8.181692,27.993483,8.231029,35.993692,8.231309,36.141728,
8.280523,28.096030,8.331834,35.858673,8.332239,36.739562,
8.375761,28.305427,8.429914,36.277051,8.430406,37.273552,
8.476932,28.616827,8.531116,36.675770,8.531596,37.044245,
8.574542,28.963742,8.629197,36.750550,8.629576,36.924263,
8.666939,28.647836,8.719101,37.194633,8.719170,37.893266,
8.747093,28.468852,8.802176,36.990520,8.802645,37.274083,
8.808037,28.149915,8.863538,36.997078,8.863916,36.770214,
8.841340,27.946435,8.897525,35.439793,8.898163,36.186910,
8.874286,27.972712,8.933459,35.435798,8.934181,36.142261,
8.896012,27.594501,8.951329,34.487169,8.951518,34.697471,
8.906213,28.064936,8.959519,35.122640,8.959225,35.339817,
8.893589,27.660791,8.946992,35.513443,8.947579,35.646011,
8.871227,27.426404,8.927519,35.060408,8.928176,35.526464,
8.844301,27.670532,8.896389,35.346525,8.896620,35.610760,
8.808283,27.924862,8.862480,35.180750,8.862727,35.459031,
8.750806,27.575006,8.799551,34.717279,8.800304,35.515474,
8.707604,27.766408,8.760799,34.788493,8.761115,35.264110,
8.636763,27.581323,8.686748,35.198415,8.687004,35.557652,
8.567025,27.718999,8.616670,35.221935,8.617009,35.551554,
8.496332,27.481169,8.546042,34.989218,8.546286,35.386004,
8.439592,27.300980,8.493484,34.896386,8.493789,35.516445,
8.405416,27.886373,8.448905,35.313761,8.449130,35.608269,
8.374265,27.497133,8.420856,35.016800,8.421553,35.358362,
8.340132,27.678596,8.384928,34.626294,8.385346,35.242249,
8.313886,27.428317,8.361908,34.977641,8.362804,35.526039,
8.283802,27.511866,8.333638,34.661778,8.333214,34.862723,
8.258693,27.345204,8.308490,34.368614,8.308740,34.552176,
8.256655,27.569888,8.301890,34.723565,8.302468,35.050374,
8.263112,27.715193,8.306919,34.657765,8.307723,35.135696,
8.270954,27.773384,8.316668,35.123092,8.317175,35.535948,
8.271264,27.634333,8.314988,34.759645,8.315478,35.127876,
8.271557,27.635493,8.319052,34.839006,8.320195,35.601114,
8.275981,27.405384,8.318030,34.071548,8.318592,34.414803,
8.263876,27.857284,8.308578,34.702482,8.308639,35.148163,
8.259747,27.739038,8.304542,34.488419,8.305728,35.216337,
8.264093,27.861751,8.309522,34.876838,8.310160,35.525759,
8.266315,27.059186,8.312706,34.443458,8.313041,34.811198,
8.278992,27.570546,8.326326,34.548275,8.326405,35.021209,
8.281038,27.509629,8.328794,34.544838,8.329107,35.061266,
8.289197,27.612025,8.336233,34.650014,8.336465,35.024135,
8.303411,27.849544,8.350200,34.927229,8.350682,35.262924,
8.301435,27.361804,8.351574,34.601544,8.352257,35.070880,
8.313289,27.598984,8.363199,35.017834,8.363165,35.373008,
8.314993,27.539841,8.359693,34.420061,8.359810,34.739409,
8.321076,27.456840,8.369173,34.438313,8.369756,34.587865,
8.321940,27.644269,8.369241,34.941614,8.369787,35.521803,
8.317353,27.882728,8.360684,35.256313,8.361355,35.783280,
8.313521,27.296453,8.363763,34.658021,8.363720,34.825806,
8.323051,27.557786,8.371572,34.118955,8.372730,34.818025,
8.323699,27.489531,8.370810,34.339160,8.371758,35.061593,
8.340306,27.654367,8.390532,35.165372,8.390444,35.351279,
8.331394,27.555760,8.381802,34.604830,8.382035,34.957197,
8.347480,27.519470,8.392209,34.709088,8.392841,35.008438,
8.341298,27.764469,8.386396,35.229388,8.386919,36.020818,
8.347623,27.736901,8.392333,34.902953,8.393230,35.450779,
8.341079,27.258002,8.394601,34.542963,8.395479,34.929106,
8.350612,27.484218,8.398569,34.247264,8.399035,34.583926,
8.360335,27.532789,8.408623,34.406739,8.408710,34.809307,
8.365595,27.838220,8.411729,34.743496,8.411736,35.169061,
8.367863,27.800277,8.412071,34.275564,8.412739,34.627368,
8.365131,27.690025,8.413757,35.708445,8.413894,36.007642,
8.379360,27.783934,8.424934,34.037184,8.425045,34.273651,
8.384796,27.855046,8.432006,35.112342,8.431912,35.354488,
8.389703,27.528300,8.434880,34.532004,8.435059,34.710060,
8.397848,27.464822,8.445234,35.227460,8.445341,35.418940,
8.408819,27.701170,8.454328,34.344399,8.454485,34.872110,
8.417320,27.732508,8.462033,34.144868,8.462476,34.524424,
8.409868,27.576939,8.458507,35.175300,8.459194,35.493749,
8.405501,27.361903,8.455958,34.479343,8.456219,34.828329,
8.403986,27.653540,8.453080,35.150235,8.453593,35.222488,
8.398610,27.517150,8.447962,34.543870,8.447868,34.633669,
8.383567,27.351171,8.437837,34.497432,8.438451,34.968061,
8.385834,27.472619,8.432259,34.328259,8.432314,34.367733,
8.374942,27.378743,8.422604,34.292663,8.423077,34.969029,
8.376275,27.321460,8.425334,35.017840,8.425540,35.312917,
8.368735,27.409513,8.416413,34.306448,8.417169,34.968961,
8.362495,27.287408,8.413722,34.020635,8.414651,34.470478,
8.369414,27.415201,8.417326,34.778969,8.417586,34.987637,
====  Warning! Error open PSNR file ====
6.125202,35.683431,6.135808,46.145699,6.135837,46.809276,
6.132210,35.059322,6.142687,47.464973,6.142694,47.392231,
6.139279,35.414959,6.149663,46.398057,6.149669,47.090558,
6.134825,34.384371,6.143603,45.287694,6.143617,46.153871,
6.119243,34.786837,6.128673,45.406598,6.128676,45.474852,
6.119309,34.962178,6.126935,45.896819,6.126949,45.592974,
6.102062,35.344127,6.111659,45.026279,6.111794,45.868863,
6.076156,34.539534,6.085801,43.924132,6.085607,43.290683,
6.049202,35.443878,6.057208,45.895769,6.057268,47.401492,
6.022444,34.372485,6.034416,44.680527,6.034403,44.836920,
6.003567,34.985118,6.013821,47.770389,6.013825,48.028182,
5.983133,35.277499,5.992759,47.141666,5.992809,48.209917,
5.973104,35.885850,5.981711,44.998865,5.981711,45.278976,
5.982114,35.346540,5.990690,45.183657,5.990737,46.093692,
5.987221,35.255374,5.998554,45.981442,5.998602,46.894674,
5.976345,34.897529,5.986907,45.551641,5.986907,45.801693,
5.961886,35.422514,5.970413,45.119219,5.970387,44.670801,
5.948910,35.472601,5.956531,45.253679,5.956552,44.651512,
5.927776,34.794959,5.936404,44.424970,5.936405,44.449934,
5.916939,34.810143,5.925937,44.967941,5.926014,45.373074,
5.903758,34.992994,5.912663,44.578356,5.912684,45.106176,
5.909115,34.281341,5.918549,44.832608,5.918549,44.951614,
5.935038,34.523881,5.944776,46.651092,5.944692,46.259299,
5.957569,34.731913,5.966959,46.116343,5.966969,46.238745,
5.978412,34.347953,5.988791,44.682676,5.988794,44.657650,
5.985851,35.065510,5.996064,44.314477,5.996169,44.810933,
5.981566,34.910892,5.991072,45.366653,5.991097,45.720543,
5.956516,34.887972,5.966007,44.754848,5.966078,46.237082,
5.930176,34.495675,5.941026,44.628997,5.941058,44.827500,
5.924548,34.996898,5.933955,44.192484,5.933958,44.269837,
5.926547,35.216681,5.935144,44.818659,5.935133,44.841096,
5.942955,35.498892,5.951646,45.402962,5.951633,45.343389,
5.958718,34.963373,5.967815,44.077225,5.967823,44.591668,
5.976603,34.768491,5.984776,44.617250,5.984782,44.331698,
5.989027,34.853726,5.998051,45.048659,5.998084,45.409436,
6.012875,33.915895,6.023342,43.429219,6.023414,43.668318,
6.034998,35.207121,6.046238,46.340999,6.046264,46.612445,
6.065395,34.828142,6.074567,45.620622,6.074564,45.534195,
6.090578,35.778485,6.100345,44.883806,6.100315,45.038831,
6.116203,34.844612,6.126761,44.163845,6.126944,44.850224,
6.137982,35.337806,6.147745,46.077454,6.147761,46.188657,
6.153471,34.232076,6.164716,44.954891,6.164626,44.725119,
6.167004,34.302027,6.175776,43.895830,6.175920,44.366490,
6.169464,35.118683,6.177684,45.593333,6.177678,45.633451,
6.163505,34.829007,6.172246,46.950039,6.172246,47.400913,
6.181995,35.036740,6.190324,43.992894,6.190398,45.415874,
6.214756,34.545625,6.224699,44.024399,6.224722,44.105025,
6.262871,34.423840,6.273449,47.416549,6.273438,47.611289,
6.266729,35.512458,6.276973,45.832548,6.277019,46.487773,
6.268042,34.710428,6.278221,45.368331,6.278226,45.673822,
6.282486,34.677245,6.292806,44.318019,6.292883,45.873905,
6.287906,34.105505,6.297876,43.036212,6.297831,42.566298,
6.264647,34.846261,6.274227,45.154782,6.274229,44.949760,
6.221271,34.479567,6.231747,45.397365,6.231746,45.432574,
6.165950,33.746510,6.177789,44.374961,6.177880,45.037591,
6.106053,35.360786,6.114982,45.908360,6.115001,46.441942,
6.057501,35.365667,6.066971,44.480253,6.066944,44.190270,
6.020615,34.659362,6.029552,42.458189,6.029566,42.717480,
6.011725,34.663131,6.020868,44.186589,6.020869,44.796615,
6.012562,35.356462,6.021766,45.841946,6.021766,45.809292,
6.031300,35.068206,6.039491,43.425070,6.039459,43.626844,
6.055788,34.733294,6.063937,45.204397,6.064019,45.586269,
6.084126,35.463938,6.092832,46.457943,6.092836,46.859239,
6.105344,34.912448,6.114448,44.319836,6.114499,44.665802,
6.134867,34.122613,6.145429,44.965006,6.145431,45.047795,
6.167360,34.930559,6.176705,43.898093,6.176749,44.287200,
6.212956,35.183038,6.221759,46.568605,6.221725,46.421866,
6.245518,34.680347,6.255814,43.811477,6.255825,43.335454,
6.275759,34.552349,6.285329,43.796749,6.285326,43.556407,
6.297395,35.102763,6.306623,47.691427,6.306626,47.784725,
6.315886,35.008159,6.325403,44.180943,6.325514,44.689343,
6.348033,35.202246,6.357557,46.140522,6.357563,47.171345,
6.381334,34.866484,6.391266,45.973327,6.391344,48.141827,
6.406520,35.317745,6.417706,44.511436,6.417706,44.602567,
6.430227,34.711730,6.442240,45.103508,6.442205,44.608179,
6.438610,35.278079,6.449242,47.366826,6.449235,48.192501,
6.430502,34.434539,6.442135,45.083137,6.442149,45.501545,
6.409457,34.495366,6.422211,45.963224,6.422318,47.037945,
6.393028,34.921885,6.402755,46.476050,6.402788,46.956343,
6.370377,35.415555,6.379832,47.041711,6.379833,46.967144,
6.336898,34.726340,6.348403,44.866983,6.348383,45.356510,
6.297145,34.797267,6.305644,42.994658,6.305759,43.034331,
6.255912,34.910298,6.266205,45.047500,6.266230,45.766803,
6.198872,35.031421,6.209344,44.429242,6.209342,44.317289,
6.149991,34.770264,6.160161,43.899338,6.160159,44.023201,
6.101675,34.279028,6.110962,43.484492,6.111052,43.626950,
6.074319,34.448239,6.084578,43.552748,6.084503,43.599519,
6.064590,34.599600,6.073997,44.751856,6.074029,45.264538,
6.096063,34.993861,6.105629,44.258845,6.105709,44.231948,
6.156502,34.706690,6.165525,43.093467,6.165484,43.100995,
6.234653,35.460624,6.243870,45.463618,6.243883,47.552545,
6.268232,34.434763,6.277096,43.680493,6.277111,43.747927,
6.300979,35.456255,6.310533,46.840229,6.310516,46.955297,
6.348069,35.181908,6.356183,44.922763,6.356185,45.494535,
6.362843,35.106684,6.374256,46.683450,6.374248,46.590154,
6.355960,35.141417,6.366188,46.067027,6.366321,46.749054,
6.359936,34.525642,6.369990,45.599977,6.369982,46.013658,
6.363010,34.576914,6.372184,44.408684,6.372235,44.646650,
6.371498,34.673448,6.381972,43.825857,6.381881,44.004756,
6.386718,35.412931,6.395965,46.373462,6.395953,46.296852,
6.395851,35.686858,6.404372,44.208289,6.404372,44.246794,
6.392461,34.738161,6.401874,44.570555,6.401881,45.153293,
6.388579,34.408621,6.400166,45.490288,6.400181,45.216687,
6.393193,34.715409,6.402981,46.619458,6.403003,46.957520,
6.388766,34.979016,6.399801,43.512447,6.399957,44.333485,
6.379691,33.941966,6.390975,45.191401,6.390930,44.612998,
6.381360,35.032105,6.389910,44.567763,6.389946,44.683973,
6.381443,34.640326,6.392148,46.513940,6.392148,46.902577,
6.390300,35.611441,6.400034,46.403320,6.400054,47.036780,
6.395658,34.640758,6.406760,46.602129,6.406730,46.718526,
6.411334,34.935341,6.422130,44.772191,6.422124,44.772981,
6.424319,34.616683,6.435716,44.759320,6.435743,44.485857,
6.430439,35.121039,6.440645,43.809306,6.440627,43.822059,
6.428708,35.241566,6.438961,44.207369,6.438939,44.094154,
6.439210,35.247023,6.449649,45.443336,6.449613,45.178748,
6.438797,35.368871,6.448861,45.732956,6.448812,45.767425,
6.446506,34.782653,6.455389,42.892926,6.455384,42.794778,
6.454436,34.794937,6.465111,44.421722,6.465099,44.705374,
6.466585,35.245777,6.474692,45.001199,6.474703,45.022591,
6.462276,34.549527,6.473854,45.005995,6.473844,44.859291,
6.468166,34.995896,6.478297,44.870379,6.478308,44.724982,
6.472465,33.974511,6.484511,46.096721,6.484455,45.943271,
6.471812,35.074719,6.482622,45.338589,6.482679,45.441052,
6.472460,34.973862,6.481949,46.655543,6.481956,46.737818,
6.451296,34.771368,6.461735,44.811451,6.461792,45.591589,
6.429431,34.668907,6.440509,43.760249,6.440521,43.774555,
6.406903,34.293960,6.417238,44.421029,6.417226,45.239941,
6.377810,35.427327,6.386108,46.446853,6.386105,46.640410,
6.339640,35.296977,6.348687,44.007325,6.348928,44.569309,
6.289564,34.890346,6.299048,46.983462,6.299051,46.822284,
6.247766,34.836266,6.257778,44.768535,6.257849,46.107139,
6.215727,34.821773,6.227066,45.067323,6.227150,46.156290,
6.188222,34.972088,6.197554,46.803624,6.197551,46.854798,
6.152147,35.498864,6.162724,45.271296,6.162767,46.007716,
6.121327,34.970821,6.131660,44.931982,6.131616,45.331793,
6.095066,34.484323,6.105900,43.455665,6.105959,43.450529,
6.099017,34.955522,6.109908,44.438898,6.109754,43.988253,
6.118843,35.063354,6.128561,45.097900,6.128668,45.347969,
6.151358,35.689043,6.160214,44.822797,6.160245,45.059544,
6.198547,34.841685,6.207688,44.696136,6.207704,44.819078,
6.230019,34.440340,6.240206,43.273541,6.240257,43.306820,
6.290731,34.461285,6.301709,44.516782,6.301661,44.979269,
6.263113,34.514952,6.272206,45.362031,6.272207,45.414155,
6.171739,34.952117,6.181631,43.263571,6.181692,44.076265,
6.078145,36.066031,6.086245,47.871508,6.086244,47.749267,
6.018106,36.541804,6.026881,47.638245,6.026889,47.813540,
6.047586,34.883060,6.057214,47.660524,6.057218,47.724969,
6.111596,35.198827,6.121750,45.456091,6.121759,45.387855,
6.213559,35.510400,6.223209,46.800280,6.223201,46.975049,
6.336725,34.588502,6.346843,45.980684,6.346847,46.223393,
6.441352,35.635334,6.450848,46.663053,6.450851,46.561465,
6.505191,35.393180,6.516379,45.715799,6.516356,45.643877,
6.592851,35.456366,6.603607,46.972817,6.603772,48.735814,
6.436074,34.690159,6.447224,45.812180,6.447210,46.472744,
6.486087,35.597765,6.497733,45.846856,6.497735,45.961898,
6.653547,35.144339,6.664878,46.556603,6.664895,46.754231,
6.947024,34.842496,6.959293,46.770862,6.959285,46.865093,
6.952380,35.318128,6.963394,45.728839,6.963393,45.733968,
6.863980,35.131225,6.875098,44.932803,6.875100,46.289333,
6.865112,34.557665,6.877642,46.214565,6.877666,46.001099,
6.870300,34.728868,6.882832,45.682760,6.882839,46.414819,
6.880323,34.965884,6.889278,44.583502,6.889336,45.242892,
6.875467,35.843909,6.885372,46.716082,6.885371,46.737880,
6.879753,34.202508,6.892747,45.830328,6.892745,45.888860,
6.879473,34.253605,6.892089,46.236999,6.892093,46.171025,
6.887179,34.469519,6.900044,47.050087,6.900046,47.850653,
6.900902,34.649378,6.912397,44.872664,6.912421,44.752309,
6.930468,34.831556,6.940431,43.728870,6.940427,43.418581,
6.965053,35.242342,6.977718,45.028543,6.977662,45.223086,
6.990033,35.324805,7.002555,45.917511,7.002599,45.991037,
7.004315,35.146234,7.015135,44.753411,7.015125,45.045184,
7.009683,34.959970,7.022287,46.556871,7.022294,46.755261,
7.038258,35.312303,7.052277,45.959195,7.052282,46.556335,
7.097987,35.998107,7.108442,45.685833,7.108481,46.164918,
7.112689,35.180463,7.123958,43.705009,7.124087,44.669797,
7.066918,35.404601,7.079343,46.130537,7.079324,46.357343,
7.008414,35.875260,7.019979,47.254993,7.019975,47.516359,
6.902101,35.664462,6.912104,45.708190,6.912111,45.978648,
6.754349,35.168680,6.763999,44.240335,6.764030,44.751758,
6.566248,35.684962,6.575129,46.348609,6.575105,45.734757,
6.333398,35.960040,6.343349,48.092673,6.343352,48.256234,
6.089315,36.139547,6.096956,47.062832,6.096949,46.677989,
5.841843,36.274681,5.850771,46.677192,5.850771,47.139415,
5.585381,37.259186,5.593904,48.288943,5.593919,49.354279,
5.298387,37.194025,5.306559,47.724852,5.306585,47.730631,
4.999378,36.990329,5.006314,48.929150,5.006314,49.686818,
4.732717,37.632348,4.739296,49.565800,4.739296,49.788906,
4.489250,37.162756,4.495595,50.074807,4.495609,50.530640,
4.310990,37.103656,4.317901,46.756696,4.317900,46.740368,
4.199862,36.949412,4.206379,48.624917,4.206399,48.533529,
4.096003,37.580489,4.101946,50.020653,4.101948,51.067784,
4.037499,36.192414,4.044342,48.914296,4.044354,49.199724,
4.015032,36.626793,4.021667,47.769049,4.021668,47.838180,
4.004178,37.380371,4.010506,48.403968,4.010496,48.311036,
4.001454,35.663918,4.007418,48.691866,4.007428,48.815879,
4.041387,36.555354,4.046903,47.170040,4.046903,47.251423,
4.085624,36.204021,4.091539,47.069940,4.091531,47.292305,
4.118349,37.239718,4.123316,46.142446,4.123325,48.419919,
4.124793,36.527897,4.130832,47.766133,4.130832,47.969172,
4.137454,37.168419,4.143066,48.821300,4.143088,49.454973,
4.209644,37.581648,4.215636,48.511728,4.215637,48.631595,
4.314428,35.911573,4.321717,47.796688,4.321717,48.368031,
4.498183,37.187873,4.503854,45.116928,4.503859,44.737771,
4.753572,35.374061,4.759934,47.091873,4.759928,47.251807,
5.025588,36.349030,5.033275,46.786363,5.033277,46.184413,
5.262441,35.753751,5.271398,45.273315,5.271498,45.442805,
5.490273,35.606050,5.497939,45.224271,5.497938,44.727310,
5.626985,36.195615,5.637218,46.870089,5.637207,46.741892,
5.749350,35.371700,5.759460,46.670607,5.759449,47.272677,
5.801873,35.543195,5.810722,45.973301,5.810764,46.619216,
5.931865,34.905845,5.943694,43.979581,5.943692,44.271634,
6.159705,35.210756,6.169518,46.380099,6.169514,46.155176,
6.416957,34.818359,6.428259,44.775414,6.428263,44.632576,
6.669993,35.298843,6.682467,46.382762,6.682466,46.499939,
6.927773,35.119585,6.939508,44.050790,6.939477,43.874395,
7.151356,35.596352,7.163924,47.659294,7.163889,46.717907,
7.418256,35.772176,7.429858,44.300959,7.429931,44.151386,
7.655007,34.739670,7.669348,42.947207,7.669362,43.041305,
7.848557,34.424152,7.861946,43.349379,7.861943,43.542578,
8.001808,33.822469,8.015551,42.373286,8.015599,42.872033,
8.128749,33.752461,8.143703,40.830479,8.143760,41.091776,
8.230807,33.740403,8.243679,41.167668,8.243871,41.005362,
8.316980,33.924831,8.333025,41.740405,8.333015,41.803975,
8.416187,34.171699,8.429174,43.030424,8.429182,43.089547,
8.510704,33.683445,8.527927,43.357592,8.528005,43.368797,
8.616376,34.709719,8.634277,44.338223,8.634283,44.366958,
8.706940,34.591933,8.723576,43.590052,8.723558,43.684800,
8.784959,34.056774,8.800542,43.590383,8.800543,43.794618,
8.845601,33.738938,8.865588,42.718318,8.865547,42.436706,
8.893103,33.879695,8.908611,41.651135,8.908520,41.077188,
8.922470,33.783927,8.937978,40.502457,8.937928,40.441556,
8.942780,33.163226,8.958145,40.006926,8.958028,39.816070,
8.946502,33.028732,8.962018,39.476136,8.962048,39.662459,
8.935853,33.205365,8.952275,40.969396,8.952174,40.888456,
8.919120,33.200513,8.935585,40.413799,8.935496,40.345694,
8.881416,33.172384,8.898545,40.697988,8.898518,41.444556,
8.850810,33.354907,8.866781,40.676602,8.866670,40.752150,
8.794572,33.862950,8.809557,40.543291,8.809500,40.361160,
8.750316,33.314534,8.764997,40.203863,8.765238,40.568766,
8.673819,33.462253,8.687782,41.113772,8.687804,41.126050,
8.608914,32.984384,8.624595,41.395059,8.624660,41.824895,
8.534193,33.346601,8.546716,40.370728,8.546500,40.181796,
8.485290,33.496691,8.501220,40.119116,8.500901,39.761948,
8.441892,33.747133,8.456366,41.769152,8.456371,41.801630,
8.404523,32.665088,8.420059,40.705306,8.420055,40.604677,
8.365965,33.240283,8.380080,40.387767,8.380142,40.427132,
8.345436,33.264212,8.359125,40.877500,8.359158,40.875436,
8.315684,33.029358,8.330761,40.350141,8.330809,40.300606,
8.298313,33.122480,8.311848,39.793326,8.311679,39.817542,
8.284406,32.854685,8.301426,40.382598,8.301505,40.556916,
8.296701,32.573087,8.312301,39.414156,8.312329,39.488101,
8.299675,32.939874,8.315773,38.740066,8.315833,39.045867,
8.305848,33.141429,8.318457,40.386773,8.318581,40.458341,
8.306387,32.824620,8.321406,39.396174,8.321675,39.847481,
8.302153,33.557467,8.317184,41.002208,8.317317,41.447562,
8.301255,33.044296,8.314999,40.127616,8.315029,40.341209,
8.301564,33.356956,8.314637,40.726702,8.314645,40.952275,
8.298189,33.246256,8.312656,39.805556,8.312711,39.890238,
8.304044,32.878319,8.321904,41.092301,8.321946,41.172335,
8.309221,32.989681,8.322880,40.861853,8.322646,40.736698,
8.317026,33.329587,8.332060,41.871093,8.332070,41.920022,
8.324489,32.842534,8.340342,39.984883,8.340288,39.813412,
8.334394,32.765596,8.350027,40.463469,8.350032,40.341352,
8.347830,33.646444,8.359901,40.335163,8.359873,40.327085,
8.346286,32.818838,8.359526,40.377514,8.359741,40.576922,
8.351847,32.925218,8.364546,41.266595,8.364794,41.943839,
8.361413,32.951522,8.373325,40.149040,8.373095,40.321825,
8.361928,33.250444,8.376791,41.533782,8.376788,42.127159,
8.360986,33.099207,8.374200,39.903228,8.374449,40.314679,
8.354659,33.350189,8.368175,40.530871,8.368181,40.667358,
8.363700,33.697388,8.377160,40.430157,8.377148,40.595781,
8.363196,33.353896,8.375035,40.040152,8.375026,40.211147,
8.376321,32.926229,8.389480,40.536167,8.389551,40.967255,
8.374935,33.126198,8.388084,40.739126,8.388149,40.844493,
8.376811,33.206992,8.388617,40.458275,8.388486,40.331862,
8.379511,32.903478,8.393969,39.796097,8.393947,39.759641,
8.388118,33.458343,8.399836,40.005283,8.399918,39.969966,
8.384757,33.004970,8.398528,40.584792,8.398226,40.191631,
8.388851,32.832668,8.405492,40.456650,8.405533,40.530938,
8.398246,33.083855,8.413378,40.370865,8.413389,40.445321,
8.401999,32.887304,8.415962,40.448790,8.416011,41.025990,
8.398891,33.100944,8.414042,40.327171,8.413954,39.697571,
8.402907,33.641937,8.414453,40.177978,8.414260,40.165805,
8.408145,32.861580,8.426632,40.606752,8.426631,40.934984,
8.413908,32.759113,8.431354,40.603784,8.431338,40.506520,
8.419001,33.284642,8.432696,40.232453,8.432622,40.068658,
8.440830,34.058861,8.454022,40.425061,8.453869,40.414031,
8.435622,32.954654,8.451729,39.822877,8.451671,39.767746,
8.449535,32.727675,8.467352,40.080730,8.467307,39.971294,
8.441378,33.102754,8.459302,40.069000,8.459284,40.033163,
8.448891,32.618656,8.463906,39.474519,8.463721,39.465562,
8.447113,33.683773,8.460432,40.921075,8.460399,40.857942,
8.424003,32.618404,8.442688,40.114588,8.442704,40.180127,
8.422212,33.327348,8.435769,41.227360,8.435790,41.201220,
8.418911,33.567288,8.432251,40.517015,8.432507,40.671477,
8.418877,33.005707,8.433283,39.228935,8.433344,39.498360,
8.414782,32.455123,8.428950,40.370298,8.428980,40.265951,
8.400364,32.346292,8.415239,40.020402,8.415249,39.966715,
8.403974,33.374802,8.418227,39.527347,8.418487,39.623706,
8.398152,32.987648,8.412729,40.119455,8.412628,40.235074,
====  Warning! Error open PSNR file ====
6.127888,42.910906,6.129784,52.331263,6.129784,52.338482,
6.138732,41.059948,6.140393,50.288289,6.140393,50.306350,
6.147860,41.615973,6.150121,51.816159,6.150121,51.816159,
6.138998,42.946441,6.140443,55.081948,6.140443,55.081948,
6.129158,42.894286,6.131829,54.430777,6.131829,54.384244,
6.123017,41.816949,6.124757,54.989939,6.124758,55.180289,
6.108634,41.723883,6.111293,55.820250,6.111301,56.368863,
6.085069,41.391944,6.088237,50.841997,6.088237,50.681216,
6.055539,41.469990,6.057674,48.948190,6.057674,49.393921,
6.032047,42.504219,6.034670,54.963828,6.034668,54.965481,
6.013678,41.353697,6.015367,56.279280,6.015367,56.279280,
5.992248,41.913957,5.994753,52.752578,5.994753,52.758542,
5.981371,41.114028,5.983583,54.369444,5.983583,54.369444,
5.990182,40.343533,5.991939,49.464921,5.991939,49.427803,
6.000575,43.268672,6.001956,55.514214,6.001956,55.395767,
5.985380,41.711994,5.986602,54.394200,5.986602,54.382617,
5.968121,43.739253,5.970152,50.699907,5.970152,49.587254,
5.948943,42.710280,5.951024,51.887402,5.951089,52.812845,
5.934578,41.636341,5.936403,54.426393,5.936403,54.449824,
5.926639,42.317874,5.929026,52.804166,5.929026,52.804166,
5.910294,40.836913,5.913006,50.333725,5.913006,50.406038,
5.922514,41.152986,5.924612,51.731022,5.924612,51.756221,
5.944006,42.122452,5.945625,49.022563,5.945615,49.257754,
5.968938,42.110289,5.970578,53.983997,5.970578,53.983997,
5.986383,41.766717,5.988055,52.056918,5.988038,51.743505,
5.996433,41.824805,5.997781,50.862118,5.997781,49.973513,
5.985778,41.175287,5.988523,52.607751,5.988523,52.607751,
5.960749,41.382387,5.962769,53.703092,5.962769,53.703092,
5.943750,40.490713,5.946574,50.253369,5.946574,50.253369,
5.931442,40.330447,5.933435,51.703336,5.933435,51.703336,
5.934429,39.991789,5.936704,51.241384,5.936704,51.241384,
5.950608,44.792462,5.951942,53.218508,5.951942,53.218508,
5.965829,40.220078,5.967986,49.074904,5.967986,49.074904,
5.985569,41.658464,5.987322,52.775361,5.987322,52.775361,
6.000416,41.469546,6.002143,53.013974,6.002143,53.013974,
6.021715,41.815388,6.023739,50.350119,6.023739,50.352405,
6.044710,41.580666,6.046391,54.052465,6.046393,54.433153,
6.070809,41.237738,6.073440,53.099744,6.073443,53.239710,
6.101993,41.586719,6.103867,51.465297,6.103867,51.465297,
6.120979,42.576577,6.122914,53.451054,6.122920,53.451054,
6.137856,42.250641,6.140282,50.876766,6.140282,50.876766,
6.158516,41.907114,6.161061,51.723472,6.161062,53.807739,
6.171994,40.793142,6.174361,54.071266,6.174361,54.070593,
6.180846,41.624401,6.183210,56.023219,6.183210,56.023219,
6.171254,41.287831,6.173863,52.950481,6.173863,52.950481,
6.187457,41.781824,6.190001,53.164109,6.190001,53.164109,
6.223861,41.920073,6.225896,55.033180,6.225896,55.033180,
6.271175,41.859128,6.273459,54.653108,6.273459,54.653108,
6.272404,42.680318,6.274888,54.919632,6.274886,54.816162,
6.278063,40.721541,6.281155,53.738474,6.281138,52.152218,
6.293725,42.784020,6.295382,54.659460,6.295382,54.647149,
6.297831,41.370610,6.299698,48.143975,6.299698,48.511073,
6.277211,40.525945,6.279198,52.281625,6.279198,52.281180,
6.224033,40.329466,6.226292,50.051011,6.226292,50.063829,
6.176471,41.294927,6.178543,52.098802,6.178541,52.112496,
6.116554,41.530970,6.118748,53.481348,6.118748,53.481348,
6.066852,41.577292,6.068727,50.516889,6.068727,50.516889,
6.031209,41.126503,6.033562,49.073733,6.033605,50.047213,
6.018825,40.969437,6.020963,52.616286,6.020963,52.616286,
6.022692,41.300674,6.024329,48.419599,6.024329,48.419599,
6.038333,41.125726,6.040093,52.815364,6.040093,52.815364,
6.058516,41.272464,6.060853,49.244890,6.060853,49.244890,
6.089235,41.110419,6.090798,51.588333,6.090795,51.658802,
6.111689,40.413495,6.114087,48.152707,6.114087,48.138951,
6.142523,41.821737,6.144803,47.397004,6.144892,48.034336,
6.177646,42.803526,6.179226,54.484839,6.179226,54.484839,
6.215902,41.884809,6.218921,56.237249,6.218921,56.232819,
6.250914,40.408498,6.253370,51.095420,6.253385,51.094064,
6.280603,41.196036,6.282264,50.338495,6.282264,50.338495,
6.301615,42.445930,6.303864,49.153993,6.303864,49.153993,
6.326589,44.226889,6.327783,53.629381,6.327783,53.629381,
6.356982,41.998439,6.359158,53.719040,6.359158,53.560638,
6.390098,41.737377,6.392202,55.093853,6.392202,55.093853,
6.415403,42.512107,6.417430,55.832346,6.417431,57.169250,
6.439138,41.286652,6.441112,51.977873,6.441112,51.898813,
6.446067,41.278341,6.448603,55.211456,6.448603,55.211456,
6.438504,41.187056,6.441286,58.947879,6.441286,58.947879,
6.420642,40.715462,6.423000,52.190997,6.423000,52.204986,
6.403973,41.746045,6.405538,51.281464,6.405550,52.074621,
6.378255,41.049575,6.381186,54.041758,6.381186,54.041758,
6.346114,41.555191,6.348135,52.129890,6.348135,53.706339,
6.304852,42.234653,6.306680,51.414268,6.306680,51.414268,
6.266660,41.547412,6.268758,52.201594,6.268758,52.201703,
6.210027,42.322718,6.211887,52.773240,6.211885,52.797261,
6.159586,41.691357,6.162221,53.372577,6.162221,53.372577,
6.109650,41.102081,6.111480,52.738198,6.111480,52.738198,
6.078450,41.921652,6.079935,51.326564,6.079935,51.326564,
6.073167,43.111313,6.074720,47.763140,6.074720,47.763140,
6.106440,43.854009,6.108627,52.742036,6.108630,52.870770,
6.163749,41.665284,6.165216,48.970327,6.165219,48.997020,
6.243938,42.911898,6.245915,52.350464,6.245880,51.909946,
6.278068,41.800254,6.279788,54.411631,6.279788,54.411631,
6.311050,43.797033,6.312959,53.829006,6.312959,53.221827,
6.355497,42.540584,6.358296,53.680124,6.358289,53.650706,
6.368749,43.314939,6.371299,50.090789,6.371346,51.350684,
6.371016,40.553914,6.373231,51.245946,6.373231,51.245946,
6.369885,41.061479,6.371575,52.323382,6.371575,52.330587,
6.369614,42.347782,6.371627,51.355632,6.371627,51.355632,
6.377389,41.334001,6.379278,53.181207,6.379278,53.181207,
6.394961,41.227832,6.398071,54.681669,6.398071,54.681669,
6.398619,41.109049,6.400456,46.228614,6.400456,46.221543,
6.398745,42.014595,6.400563,53.655901,6.400563,53.655901,
6.396966,42.628699,6.399697,53.350290,6.399689,53.242211,
6.407460,41.145484,6.410195,55.302522,6.410195,55.302522,
6.400845,41.872979,6.402302,57.497175,6.402298,56.797033,
6.391998,42.178816,6.393357,49.744452,6.393357,49.762378,
6.388141,41.483578,6.389938,52.507551,6.389938,52.507551,
6.389755,41.594606,6.392381,53.946240,6.392381,53.961959,
6.397586,41.893491,6.399264,55.112628,6.399264,55.112628,
6.400447,41.849233,6.403515,52.128384,6.403515,52.073665,
6.416266,41.427949,6.418882,52.762025,6.418882,52.762025,
6.433168,41.929740,6.435440,53.522517,6.435440,53.599096,
6.437256,42.343338,6.439301,55.137717,6.439301,55.137717,
6.436787,41.053041,6.439748,55.728125,6.439748,55.728125,
6.445917,41.955481,6.448264,53.046006,6.448264,53.046006,
6.453423,40.742681,6.455706,51.310765,6.455706,51.310765,
6.457088,44.292914,6.458561,53.914158,6.458561,53.751113,
6.461343,41.547196,6.463624,47.695959,6.463624,47.725828,
6.470998,42.118630,6.473571,56.022165,6.473571,56.022165,
6.475011,43.107013,6.477678,52.487529,6.477678,52.487529,
6.476977,41.837902,6.479430,55.815975,6.479430,55.815975,
6.479671,42.423724,6.482217,52.383300,6.482217,52.232658,
6.477969,40.028611,6.480958,52.022670,6.480958,52.475396,
6.478590,41.665139,6.479878,54.067230,6.479878,54.083395,
6.458725,39.222050,6.461324,52.676021,6.461324,52.644900,
6.437042,41.884249,6.438544,52.070162,6.438544,51.858097,
6.413240,41.653226,6.416059,52.248772,6.416059,54.593128,
6.384625,41.232957,6.387229,51.689898,6.387229,51.689898,
6.343540,41.180627,6.346451,53.792409,6.346438,53.752207,
6.299269,41.158351,6.301526,51.576193,6.301549,51.982550,
6.256335,42.370533,6.258087,51.770756,6.258090,51.670498,
6.228151,41.495610,6.230686,52.680049,6.230692,52.766881,
6.191216,41.343703,6.193347,53.024537,6.193347,52.957374,
6.161111,40.802587,6.162855,48.745575,6.162855,48.745575,
6.126395,41.504526,6.128249,52.842915,6.128249,52.842915,
6.102005,42.417651,6.103851,56.210186,6.103851,56.192603,
6.105815,40.564090,6.108002,54.396375,6.108002,54.384787,
6.122772,41.558179,6.125341,51.811457,6.125341,51.811457,
6.164038,42.035568,6.165613,52.610153,6.165613,52.610153,
6.198617,42.023625,6.200116,54.330341,6.200122,54.529102,
6.241642,40.552462,6.244115,52.429277,6.244115,52.458885,
6.300620,44.130326,6.302427,53.969183,6.302427,53.969183,
6.276769,41.457531,6.278560,52.002773,6.278555,52.029603,
6.184063,41.501266,6.186550,51.355092,6.186550,51.353652,
6.081994,42.291463,6.084572,55.549773,6.084572,55.549773,
6.020038,42.422412,6.021745,53.439403,6.021745,54.077494,
6.054533,41.579661,6.056475,53.171760,6.056475,51.341971,
6.122898,43.154713,6.124959,54.911459,6.124959,54.911459,
6.218754,43.301589,6.220274,49.010429,6.220274,49.010429,
6.341253,42.752503,6.343299,52.330249,6.343299,52.330249,
6.444419,41.326733,6.446171,54.620150,6.446171,54.595785,
6.510459,41.452557,6.513181,49.732541,6.513181,49.732541,
6.606212,41.685623,6.608016,56.393776,6.608016,56.467922,
6.445645,43.829595,6.447363,53.873141,6.447363,53.868001,
6.489670,42.072519,6.491103,51.604509,6.491103,51.604509,
6.665687,42.567274,6.667751,54.158435,6.667751,54.158435,
6.958311,42.658367,6.960299,54.475782,6.960299,54.472829,
6.958518,40.696271,6.961645,57.817086,6.961645,57.817086,
6.872442,41.073221,6.874895,52.983486,6.874895,52.966756,
6.871153,40.606396,6.873116,48.252267,6.873117,48.260381,
6.877202,42.679634,6.880503,53.098937,6.880503,53.098937,
6.882694,42.141924,6.884711,54.058331,6.884711,53.983833,
6.889855,41.930346,6.891771,51.827283,6.891772,51.853047,
6.889789,40.508067,6.892006,54.152089,6.892013,54.174082,
6.885788,41.162060,6.887918,51.993797,6.887918,51.993797,
6.903717,41.593417,6.906370,56.265317,6.906370,56.265317,
6.910505,40.919421,6.912922,52.044241,6.912922,54.247915,
6.939428,42.873808,6.941247,56.591176,6.941247,56.629815,
6.975602,41.311647,6.977573,50.907916,6.977573,50.907916,
7.002664,41.058897,7.005112,52.868474,7.005112,52.740302,
7.007513,42.080223,7.009419,52.688116,7.009419,52.751212,
7.023062,41.735019,7.025164,48.273598,7.025163,48.250990,
7.052851,42.436175,7.055685,54.836178,7.055684,54.810573,
7.111952,41.543406,7.115801,52.136458,7.115801,50.655091,
7.122008,41.075221,7.125056,53.022422,7.125056,53.022422,
7.081197,42.390582,7.083804,56.461792,7.083804,56.537118,
7.014789,41.902558,7.018000,50.043219,7.018000,50.111897,
6.911115,41.149637,6.913389,51.161974,6.913389,51.161974,
6.758385,42.686074,6.760430,51.248404,6.760482,53.132823,
6.571628,42.699607,6.574272,55.463618,6.574272,55.448808,
6.341265,42.010323,6.343848,56.230605,6.343848,56.230605,
6.097492,44.572424,6.099282,56.092861,6.099282,56.092861,
5.851713,43.628287,5.853483,57.778993,5.853483,57.753782,
5.591656,43.517153,5.593154,56.152214,5.593154,56.152214,
5.302599,43.338437,5.304230,58.672410,5.304230,58.672410,
5.008259,45.963224,5.009633,56.484018,5.009633,56.484018,
4.740517,44.088037,4.741853,53.864791,4.741857,54.203638,
4.492409,44.648206,4.493801,58.357050,4.493801,58.357050,
4.317913,45.277533,4.319436,58.018569,4.319436,58.018569,
4.206635,44.630643,4.207868,57.514611,4.207868,57.514611,
4.098353,43.767098,4.099985,55.319307,4.099992,56.351196,
4.041798,42.861669,4.043469,51.568623,4.043469,51.574678,
4.023067,45.561707,4.023846,53.558544,4.023848,53.558544,
4.008685,45.130647,4.010179,57.897941,4.010179,57.897941,
4.007346,44.940996,4.008441,51.611855,4.008442,51.563238,
4.045663,43.912779,4.046810,55.050429,4.046810,55.159707,
4.087986,42.122044,4.089557,51.430265,4.089557,52.728802,
4.115367,44.144315,4.117240,54.130036,4.117240,54.130036,
4.128116,44.269221,4.129270,57.312341,4.129270,57.312341,
4.143915,44.490190,4.144912,54.144383,4.144912,54.133448,
4.212548,44.711062,4.213792,55.983584,4.213792,55.966893,
4.317636,42.966261,4.319165,54.292826,4.319165,54.292826,
4.501236,41.387988,4.502604,50.254067,4.502642,54.245989,
4.756561,43.350590,4.758185,55.711404,4.758185,55.782666,
5.027902,42.791155,5.029428,52.377487,5.029428,49.560140,
5.271788,41.641443,5.273579,53.157970,5.273579,53.140556,
5.492580,42.039138,5.494843,51.878560,5.494843,51.878560,
5.638533,44.038635,5.640815,57.917883,5.640815,57.917883,
5.754030,41.974705,5.756356,51.776306,5.756356,51.776306,
5.807683,41.229633,5.810480,52.078341,5.810480,52.078341,
5.941323,43.847101,5.942518,53.322168,5.942518,53.322168,
6.166962,41.080254,6.169834,49.240739,6.169834,49.240739,
6.427552,41.365410,6.429520,56.069345,6.429520,56.073611,
6.681913,42.553731,6.685149,54.168229,6.685149,54.168229,
6.940962,42.132032,6.943904,53.048797,6.943904,53.048797,
7.155180,43.233255,7.158327,51.783254,7.158327,51.783254,
7.425093,41.821166,7.427423,51.133998,7.427438,52.337466,
7.674812,41.595738,7.676981,50.460048,7.676981,50.404157,
7.860821,41.389757,7.863219,51.416824,7.863219,51.416824,
8.007178,40.607457,8.012498,50.251972,8.012498,50.251972,
8.141163,40.529367,8.144287,51.114539,8.144287,51.114539,
8.240024,40.770953,8.242965,50.683066,8.242965,50.643767,
8.327511,40.039547,8.330054,49.598172,8.330054,49.603941,
8.429720,40.046760,8.433301,50.454777,8.433301,50.454777,
8.521344,40.467026,8.524816,52.850402,8.524816,52.850402,
8.630335,42.557718,8.633795,50.736284,8.633795,50.736284,
8.713765,39.651069,8.717121,51.082383,8.717121,51.076977,
8.798177,38.937045,8.803227,52.174552,8.803227,52.174552,
8.865290,42.038180,8.869684,50.546750,8.869684,50.546750,
8.907605,39.544178,8.912553,49.157844,8.912553,49.157844,
8.939531,39.171117,8.943215,47.443929,8.943215,47.443929,
8.951292,39.807692,8.954780,47.290433,8.954777,47.272396,
8.956583,40.583028,8.959865,47.277109,8.959865,47.277109,
8.951033,39.887528,8.953983,48.109948,8.953980,48.101770,
8.928697,39.534360,8.931970,46.722644,8.931970,46.722644,
8.895404,40.096397,8.899014,49.805064,8.899014,49.805064,
8.865598,39.922373,8.869777,49.080658,8.869777,49.080658,
8.804300,40.020250,8.808038,48.515097,8.808038,48.515097,
8.759614,39.714120,8.763214,45.160745,8.763214,45.160745,
8.684163,39.480711,8.688019,47.341391,8.688019,47.341391,
8.623023,41.177256,8.625517,50.209038,8.625516,50.204615,
8.544020,40.559838,8.547169,48.751897,8.547169,48.751897,
8.499098,39.029444,8.501990,47.576045,8.501990,47.576045,
8.451172,40.578397,8.454656,46.616797,8.454656,46.616797,
8.413036,40.110545,8.415266,49.041120,8.415267,49.054666,
8.388922,40.732149,8.390751,47.386127,8.390696,47.853907,
8.365815,40.151537,8.368173,45.152343,8.368098,44.812469,
8.329072,39.868171,8.332813,48.123014,8.332813,48.123014,
8.307578,39.759572,8.310428,47.846117,8.310428,47.846117,
8.299039,39.808234,8.303423,47.488594,8.303423,47.488594,
8.301403,38.252100,8.305930,47.805941,8.305930,47.805941,
8.316554,39.586446,8.320013,48.669645,8.320050,49.100000,
8.321869,38.436697,8.325087,48.394444,8.325087,50.221846,
8.318802,39.054332,8.321216,46.001782,8.321215,46.215172,
8.316226,39.424790,8.318237,44.706250,8.318238,44.716230,
8.314734,39.119262,8.317453,47.822669,8.317454,47.843149,
8.312780,39.493263,8.315358,46.346989,8.315358,46.839338,
8.311854,39.927113,8.314331,47.288598,8.314330,47.279573,
8.316077,39.165818,8.319738,47.795062,8.319774,48.132689,
8.323265,38.885142,8.326184,45.871358,8.326184,45.872988,
8.332286,40.393967,8.335102,47.226513,8.335102,47.251073,
8.336878,39.953868,8.339468,48.581786,8.339468,48.581786,
8.347275,39.216018,8.350187,45.293441,8.350187,45.293441,
8.359825,39.445876,8.361092,45.001199,8.361093,45.001866,
8.361218,39.752572,8.363780,46.519582,8.363785,46.580550,
8.361710,40.431205,8.364853,45.105728,8.364853,45.470369,
8.363751,39.614436,8.366190,47.097171,8.366190,46.952651,
8.374183,41.850535,8.376509,48.553693,8.376509,48.505606,
8.361349,40.667089,8.364998,50.660150,8.364998,50.679829,
8.366471,39.370064,8.369668,47.290080,8.369651,47.254082,
8.374363,39.735937,8.377282,48.021075,8.377282,47.853264,
8.379492,40.048412,8.381687,48.984644,8.381687,48.991324,
8.394165,39.870575,8.397071,45.163080,8.397071,45.075371,
8.385301,40.567444,8.388702,46.817722,8.388702,46.817722,
8.389702,38.669538,8.392148,46.251677,8.392223,47.273767,
8.394092,39.521601,8.396109,47.655299,8.396109,47.655299,
8.394145,39.105922,8.397144,44.864862,8.397219,45.859864,
8.391462,40.388077,8.393310,48.185120,8.393366,48.962070,
8.406232,39.932079,8.408881,47.655222,8.408881,47.655222,
8.413166,40.391039,8.415991,48.702261,8.415991,48.702261,
8.414773,39.053134,8.418058,49.519666,8.418058,49.519666,
8.411374,39.008777,8.415156,47.755078,8.415156,47.908633,
8.416396,39.279243,8.419809,47.342820,8.419809,47.342820,
8.424242,39.318485,8.426989,45.848831,8.426970,45.821358,
8.432890,40.489201,8.434833,47.786189,8.434833,47.776070,
8.435547,38.991611,8.438732,47.038945,8.438731,47.030424,
8.447079,38.783551,8.450345,45.016187,8.450349,45.396383,
8.453799,39.997013,8.455496,49.702908,8.455401,49.578696,
8.462478,41.167418,8.464659,50.078294,8.464659,50.078294,
8.454673,40.824055,8.456715,48.092757,8.456715,48.136462,
8.452315,39.450454,8.455855,46.023615,8.455855,46.023615,
8.455576,40.736362,8.457918,48.446144,8.457918,48.639053,
8.445336,39.622262,8.448690,44.409230,8.448690,44.409230,
8.435591,39.794369,8.438232,47.084393,8.438232,47.084393,
8.435918,40.399843,8.438167,47.323817,8.438174,47.388040,
8.427489,39.065527,8.430404,46.706443,8.430423,46.966915,
8.422101,39.702853,8.426075,45.795484,8.426077,45.795484,
8.422083,40.620335,8.425145,47.456235,8.425145,47.456235,
8.415062,40.184902,8.418579,48.336564,8.418579,48.339440,
8.419459,39.239567,8.422750,45.370758,8.422745,45.324535,
====  Warning! Error open PSNR file ====
