28.918991,31.387038,32.532101,32.556169,32.597649,32.600334,
29.311319,31.330129,32.592178,32.607753,32.661174,32.661525,
28.918579,31.286948,32.523699,32.560571,32.607162,32.606701,
29.210659,31.410889,32.527335,32.560396,32.624215,32.626164,
29.384603,31.363132,32.614275,32.644537,32.684604,32.689320,
29.476202,31.505699,32.618336,32.643605,32.667931,32.673429,
29.184774,31.550601,32.627576,32.657728,32.700979,32.702393,
29.093696,31.444982,32.590316,32.624518,32.659458,32.660625,
29.216237,31.367355,32.544111,32.581482,32.630385,32.636648,
29.296445,31.484158,32.579499,32.619989,32.650971,32.655515,
29.161466,31.442528,32.609225,32.662877,32.725012,32.723631,
29.230700,31.394153,32.579932,32.621834,32.670299,32.674044,
29.199102,31.399400,32.548169,32.568650,32.608942,32.610788,
28.958333,31.250598,32.464047,32.495055,32.537503,32.539810,
29.277908,31.285884,32.467805,32.481465,32.520162,32.522310,
29.201091,31.233431,32.282099,32.293041,32.324054,32.326394,
29.292368,31.305789,32.289680,32.313731,32.335732,32.339741,
29.244003,31.258726,32.343640,32.362214,32.388187,32.386215,
28.997612,31.118998,32.293753,32.317826,32.351716,32.355195,
29.147454,31.172041,32.273817,32.307865,32.353531,32.354619,
29.129190,30.987436,32.316565,32.328568,32.360435,32.362141,
28.932901,31.059575,32.298443,32.320572,32.357438,32.354211,
29.308521,31.049213,32.231466,32.252893,32.286723,32.288330,
28.992833,31.134605,32.262431,32.290510,32.349750,32.353192,
29.317821,31.260156,32.370999,32.390362,32.421178,32.422025,
29.151481,31.195122,32.260424,32.291740,32.375446,32.376430,
29.289808,31.110849,32.257992,32.292442,32.342336,32.341215,
29.217122,31.058968,32.211967,32.253194,32.298554,32.304822,
29.250139,31.184148,32.192869,32.213509,32.264842,32.266832,
29.097944,31.049861,32.226645,32.250946,32.283477,32.284262,
29.229045,31.086244,32.213165,32.232862,32.273915,32.274929,
28.989952,31.087315,32.232142,32.262490,32.315810,32.317248,
28.896959,31.160449,32.365434,32.392195,32.419011,32.417061,
29.187928,31.007702,32.245698,32.262295,32.296503,32.291641,
29.099339,31.023744,32.219180,32.240529,32.276559,32.275811,
29.019245,30.962424,32.283431,32.316800,32.346481,32.351260,
29.158915,31.258265,32.295059,32.316924,32.358819,32.362123,
29.257212,31.209636,32.457432,32.485187,32.537510,32.537396,
29.331793,31.182844,32.396495,32.426064,32.483423,32.480996,
29.119818,31.381272,32.404546,32.439491,32.479269,32.481807,
29.332041,31.377656,32.372688,32.420732,32.461137,32.458203,
29.278615,31.394757,32.445990,32.468840,32.480954,32.480768,
29.072866,31.101100,32.504040,32.530066,32.561380,32.558263,
29.366451,31.194721,32.471095,32.492865,32.530720,32.533704,
29.353012,31.325243,32.385311,32.409018,32.456378,32.457640,
29.353604,31.464900,32.617290,32.636901,32.652968,32.655065,
29.206625,31.427728,32.562168,32.582581,32.621654,32.624701,
29.090124,31.335644,32.560869,32.580073,32.605274,32.606234,
29.374776,31.431050,32.549870,32.568055,32.600047,32.600124,
29.071519,31.382341,32.399081,32.421667,32.451038,32.450037,
29.053719,31.172545,32.470688,32.499427,32.523672,32.526727,
29.114557,31.202021,32.443541,32.457014,32.473769,32.476714,
29.251831,31.157620,32.340776,32.367076,32.403956,32.402672,
29.062608,31.100284,32.313787,32.335111,32.371683,32.369955,
29.032737,31.038908,32.216255,32.249659,32.298774,32.300958,
29.292952,31.012331,32.230971,32.252077,32.289454,32.290382,
29.421627,31.113969,32.186446,32.202730,32.238447,32.238994,
29.134190,31.103373,32.117186,32.126619,32.178008,32.178443,
28.935447,30.963114,32.216665,32.240137,32.266543,32.268800,
29.117402,30.961564,32.110028,32.148167,32.206081,32.207990,
29.205384,31.095853,32.232389,32.250332,32.286730,32.289872,
29.259160,31.261704,32.311310,32.336637,32.372238,32.372530,
29.423283,31.151106,32.266714,32.293014,32.311750,32.314389,
28.961336,31.195071,32.314902,32.336349,32.376355,32.378469,
29.356693,31.238441,32.360116,32.382132,32.423909,32.422656,
29.276079,31.261968,32.406344,32.417954,32.448930,32.448559,
29.258958,31.339903,32.325699,32.352882,32.392456,32.393334,
29.212761,31.298951,32.448037,32.473506,32.513542,32.517003,
29.137617,31.205839,32.407306,32.441552,32.480006,32.482955,
29.112945,31.235321,32.456161,32.486160,32.520904,32.521808,
29.167713,31.328109,32.470422,32.482345,32.527836,32.528062,
29.416924,31.419997,32.574423,32.609076,32.645093,32.646527,
29.464051,31.592365,32.639258,32.668454,32.726955,32.731460,
29.376653,31.432903,32.640803,32.662018,32.686565,32.687465,
29.227613,31.506281,32.620871,32.638833,32.682678,32.681466,
29.235646,31.493271,32.615876,32.649970,32.691811,32.691498,
29.197735,31.552349,32.545334,32.576033,32.604089,32.604166,
29.247128,31.416188,32.534416,32.567093,32.610081,32.612274,
29.082668,31.338377,32.540535,32.563480,32.608411,32.610065,
29.309172,31.422067,32.406060,32.435496,32.463957,32.462619,
29.116132,31.220059,32.384508,32.416440,32.452816,32.454411,
29.275997,31.210463,32.386897,32.420018,32.470402,32.473755,
29.156263,31.228026,32.297371,32.320295,32.356017,32.357613,
28.905403,31.096999,32.307095,32.329945,32.369637,32.370947,
29.102811,31.111436,32.129275,32.153213,32.187197,32.189047,
29.122988,31.117633,32.183919,32.219832,32.241891,32.241820,
29.117762,30.976261,32.163467,32.193181,32.223187,32.223961,
29.231547,31.012389,32.160744,32.208035,32.247385,32.248127,
29.114875,31.200135,32.178484,32.205602,32.220517,32.219989,
29.391470,31.146057,32.158732,32.183356,32.215049,32.212066,
29.330093,31.179221,32.162115,32.182304,32.246120,32.243716,
28.890198,31.011300,32.197945,32.231895,32.276712,32.278314,
29.254902,31.190450,32.258455,32.271809,32.316071,32.314741,
29.237275,31.165825,32.256943,32.289234,32.339126,32.345833,
29.133145,31.235703,32.463745,32.479686,32.513100,32.514303,
29.258113,31.296012,32.423882,32.456812,32.492294,32.492069,
29.216572,31.357481,32.298636,32.315167,32.354978,32.354615,
28.980544,31.211289,32.425864,32.459496,32.497997,32.499233,
29.468285,31.256786,32.471779,32.498437,32.531845,32.538591,
29.288290,31.400850,32.503182,32.520173,32.576335,32.575114,
29.153047,31.433317,32.523612,32.543939,32.582665,32.582627,
29.131715,31.281887,32.481886,32.529316,32.538346,32.540389,
29.027342,31.210623,32.452545,32.483135,32.519549,32.524787,
29.230369,31.247522,32.576573,32.593089,32.627428,32.629282,
29.163801,31.370231,32.516440,32.547029,32.604214,32.601680,
29.330095,31.373594,32.535044,32.555691,32.591572,32.593066,
29.155255,31.400249,32.484357,32.504088,32.552882,32.553185,
29.257504,31.368224,32.523485,32.541994,32.582918,32.589744,
29.439717,31.549768,32.606695,32.642073,32.666273,32.666857,
29.395573,31.383375,32.571032,32.590559,32.613357,32.614050,
29.197778,31.216620,32.645642,32.668595,32.701124,32.704423,
28.980312,31.243710,32.533358,32.556066,32.612178,32.614563,
28.910717,31.351673,32.499638,32.529826,32.567168,32.567359,
29.244933,31.275231,32.477065,32.518084,32.556920,32.561519,
29.242255,31.115270,32.443953,32.471948,32.493644,32.493026,
29.035229,31.256976,32.528972,32.561625,32.604885,32.608074,
29.366600,31.440340,32.514868,32.542303,32.587091,32.591224,
29.120542,31.249848,32.520267,32.545539,32.581775,32.584412,
29.329188,31.338767,32.461765,32.477420,32.516006,32.516119,
29.143730,31.322281,32.509406,32.525761,32.586908,32.591309,
29.172019,31.308027,32.570090,32.598616,32.625044,32.628711,
29.247403,31.274282,32.453891,32.485088,32.516999,32.517188,
29.404039,31.457356,32.510837,32.540403,32.580472,32.580434,
29.324544,31.269489,32.507489,32.538583,32.578062,32.581116,
29.200171,31.361905,32.527185,32.560899,32.593260,32.596095,
29.221758,31.285077,32.471877,32.494813,32.524232,32.527777,
29.359339,31.306740,32.496697,32.528883,32.575020,32.576164,
29.359170,31.323246,32.476977,32.504249,32.542185,32.547071,
29.216005,31.354412,32.394894,32.423292,32.447059,32.447170,
29.143363,31.160085,32.427518,32.449289,32.490653,32.491888,
28.900115,30.948327,32.194328,32.237592,32.292750,32.290141,
29.466073,31.199279,32.292667,32.313465,32.359608,32.359281,
28.864512,30.976545,32.285425,32.316096,32.345410,32.346514,
29.128973,31.124730,32.182227,32.191567,32.246546,32.250013,
28.996246,31.027928,32.205590,32.228862,32.268205,32.270872,
29.191504,30.973683,32.176503,32.202786,32.250522,32.250699,
29.304091,30.819735,32.004580,32.030042,32.044769,32.045023,
28.696722,30.786128,32.074015,32.098717,32.132035,32.131811,
29.107040,31.082446,32.059608,32.074521,32.091516,32.094008,
29.169533,31.052735,32.046360,32.087690,32.147735,32.148979,
29.457019,31.143186,32.237431,32.252456,32.292569,32.293391,
28.995075,31.032493,32.137466,32.160548,32.207976,32.210974,
29.142087,31.147690,32.162466,32.193674,32.232382,32.230514,
28.913382,31.047751,32.423067,32.443927,32.483261,32.481357,
29.140420,31.319393,32.566981,32.598851,32.613180,32.611334,
29.418944,31.498611,32.498649,32.529604,32.567478,32.566259,
28.944884,31.386421,32.483603,32.516068,32.556652,32.556880,
29.019124,31.298324,32.456787,32.493299,32.527270,32.523951,
29.323391,31.353241,32.423235,32.456216,32.494201,32.499820,
29.064317,31.269022,32.417555,32.449306,32.480321,32.483830,
29.512381,31.414572,32.433259,32.464512,32.494063,32.504934,
29.465188,31.519401,32.502547,32.534569,32.564926,32.566753,
29.330593,31.463399,32.559698,32.595689,32.644986,32.644657,
29.271803,31.462914,32.557297,32.593977,32.630911,32.635628,
29.322748,31.392631,32.484272,32.520168,32.562102,32.564442,
29.366949,31.513758,32.557376,32.583381,32.632577,32.632886,
29.424737,31.447183,32.542001,32.563043,32.601978,32.600865,
28.953494,31.224426,32.420003,32.464169,32.502036,32.504475,
29.251141,31.251866,32.458650,32.476474,32.500591,32.504230,
28.875876,31.118469,32.385022,32.413153,32.457254,32.454396,
29.170349,31.375985,32.410746,32.435941,32.485203,32.486511,
29.278776,31.251751,32.368418,32.393504,32.424011,32.424232,
29.268159,31.231768,32.401171,32.433236,32.470014,32.472658,
29.134988,31.229024,32.371440,32.408881,32.444380,32.450380,
29.262827,31.244509,32.392665,32.418767,32.446452,32.447822,
29.439248,31.211707,32.425487,32.444675,32.475507,32.476625,
29.111713,31.154041,32.385181,32.410503,32.453686,32.459402,
29.396645,31.222512,32.443535,32.467098,32.506605,32.505704,
29.284175,31.334517,32.462985,32.487412,32.533448,32.537378,
29.057261,31.173682,32.340759,32.372953,32.419625,32.422607,
29.019106,31.297071,32.507087,32.520401,32.557605,32.561653,
29.364896,31.302537,32.421377,32.442321,32.494052,32.497310,
28.963170,31.378246,32.481845,32.490029,32.527860,32.525634,
29.285913,31.347633,32.452519,32.469796,32.522573,32.523666,
29.420056,31.356695,32.519588,32.545740,32.585131,32.591597,
29.113419,31.284576,32.472690,32.505336,32.554922,32.559271,
29.112205,31.264436,32.400593,32.422929,32.465288,32.468153,
29.019722,31.269562,32.410443,32.441754,32.477150,32.477635,
29.019142,31.240076,32.424051,32.449842,32.489080,32.491717,
29.193242,31.377807,32.356053,32.372840,32.407053,32.406943,
28.916678,31.262648,32.349336,32.367416,32.397612,32.396367,
29.255099,31.317480,32.343571,32.367869,32.388136,32.389342,
29.022623,31.354823,32.386226,32.412197,32.448463,32.448500,
29.006410,31.359502,32.421074,32.432982,32.481987,32.480755,
29.158442,31.413577,32.444049,32.465977,32.500260,32.501572,
28.929199,31.470704,32.482001,32.496024,32.542227,32.540865,
29.139352,31.400580,32.520916,32.540189,32.572129,32.573768,
29.064849,31.519268,32.490365,32.532729,32.566973,32.563795,
29.308844,31.529895,32.441374,32.472407,32.513241,32.517568,
29.095913,31.563464,32.457906,32.479102,32.505974,32.506124,
29.144172,31.481043,32.379603,32.411297,32.459908,32.463661,
29.074215,31.459326,32.330263,32.379301,32.437186,32.438665,
28.865702,31.402778,32.348135,32.377740,32.408301,32.408778,
29.285504,31.468765,32.455538,32.471059,32.527849,32.529132,
28.986368,31.339016,32.377476,32.409384,32.466484,32.467414,
29.459590,31.351795,32.397257,32.416902,32.448389,32.452986,
29.383141,31.490299,32.438984,32.471619,32.529397,32.534534,
29.342850,31.454720,32.439433,32.472071,32.533142,32.534426,
29.349543,31.268263,32.421047,32.451363,32.498178,32.501852,
28.780232,31.471821,32.485320,32.517629,32.553348,32.561515,
29.018525,31.506988,32.561998,32.579088,32.631556,32.633141,
29.070397,31.395029,32.511233,32.559005,32.582708,32.588214,
29.100227,31.331022,32.472624,32.504182,32.545886,32.548008,
29.305256,31.422852,32.474389,32.500162,32.543910,32.544326,
29.077787,31.443168,32.499987,32.537148,32.574287,32.570856,
29.200171,31.491353,32.455129,32.480042,32.519931,32.522079,
29.414783,31.380028,32.443044,32.486024,32.517378,32.522915,
28.893505,31.267503,32.342094,32.393205,32.433815,32.437989,
28.821765,31.147938,32.360839,32.406756,32.434586,32.437689,
29.184689,31.156475,32.178908,32.202719,32.254598,32.256706,
29.129281,31.093298,32.073882,32.091301,32.120523,32.124097,
29.044594,30.825995,31.949228,31.968375,32.025924,32.028395,
28.818554,30.962709,31.964697,31.994695,32.024667,32.026852,
29.017157,30.963646,31.994045,32.032672,32.043273,32.044927,
29.425646,31.178531,32.063354,32.079148,32.100946,32.105018,
28.959990,31.024716,32.094437,32.112436,32.159184,32.160778,
28.999695,30.924175,32.122560,32.145096,32.188219,32.188603,
28.937209,31.024580,32.051146,32.077309,32.113239,32.114439,
29.117678,30.845753,31.949272,31.970095,31.989151,31.987751,
29.266122,30.723977,31.875541,31.883389,31.920204,31.919515,
29.334516,30.761833,31.806728,31.829350,31.837035,31.835587,
29.170834,30.779367,31.734945,31.747391,31.759671,31.759987,
29.116288,30.762053,31.868488,31.878548,31.890587,31.890913,
29.109281,30.646741,31.759953,31.783603,31.799495,31.803421,
29.167686,30.854936,31.892539,31.894088,31.912223,31.910816,
29.214262,30.998875,32.007469,32.025194,32.035356,32.037108,
29.143377,30.953432,31.954736,31.958823,31.957532,31.957995,
29.241808,31.015734,32.057819,32.061783,32.069110,32.067718,
29.076056,30.761210,31.885421,31.914334,31.972179,31.974305,
29.501656,30.788496,31.729236,31.743150,31.769275,31.768134,
28.885781,30.711220,31.656073,31.649226,31.681646,31.681833,
29.519196,30.630808,31.606665,31.615755,31.647032,31.647926,
29.434569,30.667201,31.754383,31.761825,31.763534,31.763439,
29.143420,30.470279,31.646565,31.657915,31.679090,31.678718,
29.338899,30.686142,31.667022,31.688227,31.714616,31.716650,
29.163860,30.760523,31.686578,31.694222,31.715732,31.713667,
29.235445,30.538509,31.706439,31.704581,31.711110,31.713925,
28.934786,30.470767,31.705181,31.706957,31.699857,31.701542,
29.165287,30.619590,31.709916,31.731775,31.748014,31.749307,
29.216661,30.551312,31.682991,31.694297,31.696197,31.697256,
29.190739,30.676747,31.682914,31.692499,31.712248,31.711154,
29.230324,30.688329,31.625798,31.624258,31.626281,31.627814,
29.407479,30.727459,31.687775,31.709362,31.725078,31.723165,
29.205594,30.644059,31.765679,31.786258,31.818456,31.818584,
29.382840,30.608878,31.636130,31.634164,31.656489,31.656520,
29.311058,30.629561,31.751408,31.750351,31.760268,31.758782,
29.268177,30.692022,31.616965,31.625463,31.639801,31.638509,
29.069281,30.504836,31.464281,31.472944,31.475193,31.475075,
29.210684,30.699702,31.638470,31.649588,31.672953,31.674906,
29.136766,30.498689,31.565904,31.576692,31.578495,31.575858,
29.330931,30.757555,31.616553,31.625096,31.637250,31.634331,
29.406764,30.583475,31.596797,31.620323,31.641715,31.641038,
29.151343,30.659271,31.622741,31.613286,31.626971,31.627185,
29.196831,30.453893,31.469590,31.474190,31.467180,31.467860,
29.248220,30.690447,31.707185,31.717144,31.725448,31.726013,
28.989108,30.538617,31.636962,31.646962,31.664804,31.665515,
29.267955,30.592126,31.615638,31.625168,31.630074,31.630535,
28.858467,30.485708,31.637044,31.657885,31.672300,31.675741,
29.337516,30.714568,31.691307,31.702338,31.734248,31.735096,
29.295390,30.631518,31.591436,31.609142,31.622630,31.621099,
29.419977,30.591975,31.667300,31.672146,31.690092,31.686951,
29.270691,30.706292,31.715718,31.739064,31.765797,31.766525,
29.112980,30.633686,31.572277,31.579201,31.585529,31.586562,
29.287911,30.603576,31.634250,31.637036,31.648176,31.647221,
29.268842,30.579408,31.635781,31.648412,31.659767,31.657882,
29.089078,30.514677,31.494694,31.498175,31.490205,31.492196,
29.099567,30.573276,31.649199,31.651095,31.661189,31.658655,
29.269689,30.680154,31.628462,31.637735,31.664824,31.664020,
29.062366,30.452516,31.612993,31.653766,31.661208,31.660343,
29.048607,30.405856,31.537638,31.546117,31.564485,31.563518,
28.874209,30.530760,31.591903,31.617636,31.634006,31.632931,
29.187127,30.550685,31.552852,31.564473,31.587778,31.587961,
29.084927,30.577951,31.620898,31.630784,31.639970,31.643339,
28.989673,30.565644,31.556549,31.567273,31.578629,31.580631,
29.505541,30.587259,31.615490,31.638261,31.655850,31.656869,
29.182188,30.494709,31.627339,31.644896,31.663223,31.662698,
29.192977,30.494780,31.670423,31.680314,31.682892,31.683761,
28.732315,30.552703,31.714935,31.719239,31.724944,31.721025,
28.745057,30.344344,31.572744,31.575890,31.597095,31.598130,
29.487310,30.653963,31.536545,31.550995,31.564031,31.562943,
29.136660,30.528252,31.670602,31.679516,31.693660,31.689677,
29.195150,30.734845,31.716603,31.718357,31.743639,31.742536,
29.255553,30.604148,31.566498,31.572550,31.576336,31.577488,
29.251582,30.750881,31.634113,31.656253,31.677699,31.676396,
29.095830,30.533163,31.513285,31.527602,31.547156,31.545500,
28.979603,30.681231,31.653657,31.652308,31.666116,31.666240,
29.292424,30.702102,31.640926,31.647083,31.657631,31.657940,
29.038586,30.575298,31.702151,31.712417,31.736658,31.737350,
29.222014,30.570862,31.621281,31.639524,31.661861,31.664861,
29.193252,30.642882,31.690627,31.692759,31.706712,31.710243,
29.186598,30.707400,31.744942,31.759966,31.766199,31.763508,
29.045441,30.592897,31.565026,31.565948,31.563469,31.561324,
29.432451,30.601766,31.648009,31.658622,31.675054,31.674651,
29.307213,30.505726,31.724093,31.730227,31.749519,31.748352,
28.910213,30.547383,31.703268,31.716489,31.724196,31.725921,
29.080900,30.597357,31.613233,31.626121,31.646956,31.648897,
29.225721,30.553415,31.617402,31.623234,31.638088,31.638026,
29.349863,30.518789,31.623934,31.620381,31.627183,31.627797,
29.072665,30.557864,31.619841,31.621480,31.619428,31.620561,
29.334668,30.639115,31.621767,31.627022,31.635432,31.638352,
====  Warning! Error open PSNR file ====
33.096898,35.085049,36.616180,36.639286,36.681400,36.687344,
33.313405,35.358134,36.685848,36.713704,36.760098,36.762048,
32.900912,35.214399,36.648390,36.673212,36.702516,36.704884,
32.559763,35.005127,36.631932,36.667706,36.699239,36.698894,
32.741760,34.881259,36.541923,36.567577,36.618036,36.623580,
32.984852,35.136820,36.630686,36.640392,36.691710,36.693285,
32.990037,35.213784,36.738340,36.773852,36.807128,36.811274,
32.801554,35.126124,36.676769,36.688604,36.731848,36.734431,
32.476780,35.078385,36.723496,36.747730,36.772626,36.777944,
32.893441,35.179681,36.597624,36.625815,36.650020,36.654506,
33.092004,35.145103,36.674875,36.702587,36.749559,36.747465,
33.013079,35.055250,36.664367,36.685225,36.716144,36.716020,
33.239389,35.211513,36.578635,36.616289,36.666391,36.666293,
32.490981,34.939122,36.450270,36.467504,36.495165,36.501849,
33.062844,35.065462,36.338268,36.365869,36.405862,36.405724,
33.019386,34.939952,36.496832,36.539957,36.578908,36.580682,
32.710431,34.932505,36.453305,36.480548,36.499339,36.498821,
32.828783,34.931152,36.413030,36.444063,36.451646,36.449505,
32.954996,35.101273,36.418237,36.451797,36.487614,36.490620,
32.695207,34.941388,36.436751,36.468702,36.491810,36.491575,
32.570758,34.848711,36.504892,36.532289,36.576008,36.578932,
33.036789,34.977722,36.456433,36.470873,36.502747,36.505764,
32.719121,34.965322,36.415223,36.434706,36.486171,36.488894,
32.832118,34.972982,36.456713,36.470815,36.498168,36.499015,
32.932531,35.005513,36.371054,36.419626,36.452988,36.459747,
32.480822,34.758569,36.331485,36.348458,36.395916,36.396283,
32.731218,34.800400,36.300648,36.333989,36.370991,36.367107,
32.903118,34.913834,36.246052,36.267852,36.303527,36.304698,
32.639003,34.795086,36.368409,36.380440,36.410778,36.411285,
32.801685,34.634090,36.344501,36.368669,36.398511,36.400029,
32.900901,34.900841,36.287544,36.328268,36.351367,36.355373,
32.720775,34.953631,36.405194,36.431997,36.448763,36.450066,
33.122113,34.926008,36.502844,36.541585,36.589337,36.590779,
32.825487,34.919183,36.443185,36.467887,36.507562,36.510015,
32.763993,34.800921,36.448600,36.473145,36.491622,36.493549,
32.634274,34.892779,36.386995,36.407735,36.445699,36.447327,
32.475421,34.842468,36.422325,36.442120,36.489631,36.488269,
32.745899,34.929766,36.591648,36.619364,36.662800,36.667446,
32.767286,34.733829,36.476457,36.505967,36.538101,36.538908,
32.803913,34.950137,36.421377,36.453914,36.499012,36.498071,
32.677847,35.010468,36.578683,36.596724,36.639982,36.639641,
32.555516,34.708901,36.502311,36.559526,36.628815,36.633716,
33.025999,34.818275,36.502842,36.540224,36.590269,36.590942,
33.106241,35.066733,36.588577,36.626127,36.673941,36.674676,
32.762542,34.958129,36.554320,36.574226,36.584440,36.589869,
33.002048,34.846394,36.559144,36.580772,36.630222,36.632454,
33.037534,35.013919,36.576598,36.604362,36.625200,36.627139,
33.096822,35.179766,36.529215,36.560281,36.606407,36.608579,
32.369257,34.933146,36.544631,36.575304,36.622027,36.625612,
32.958968,35.123038,36.479643,36.519260,36.567388,36.568871,
32.979303,34.996810,36.530685,36.562382,36.606889,36.607613,
32.811084,34.909604,36.530045,36.551171,36.577311,36.581243,
33.022454,34.926288,36.383965,36.413290,36.431559,36.428501,
32.924195,34.982374,36.417668,36.456838,36.503475,36.506822,
33.000612,34.965018,36.248276,36.266890,36.309221,36.306969,
32.769634,34.840463,36.243355,36.291781,36.341478,36.345339,
33.304514,34.879680,36.132437,36.156994,36.178323,36.177536,
33.145501,34.987653,36.213612,36.236462,36.259388,36.258497,
32.806328,34.856150,36.185765,36.220483,36.263700,36.265217,
32.984514,34.967017,36.225925,36.256001,36.270626,36.279433,
32.915754,34.992153,36.324346,36.374191,36.422302,36.424245,
33.056609,34.960457,36.346217,36.381307,36.421213,36.426441,
32.692444,35.036103,36.384917,36.406911,36.462010,36.462944,
32.958018,34.840289,36.456905,36.461406,36.495609,36.500410,
32.705879,34.725311,36.401200,36.439928,36.433060,36.434173,
32.781206,34.752878,36.458278,36.486452,36.532556,36.540200,
32.855608,34.843553,36.339964,36.389576,36.459870,36.462436,
32.954692,35.026425,36.494892,36.560230,36.603316,36.606452,
33.069322,35.060716,36.570677,36.612732,36.652637,36.651272,
33.004666,35.051940,36.652375,36.678495,36.729523,36.732403,
32.841677,35.072919,36.609653,36.639526,36.679728,36.682723,
32.823933,35.143800,36.688976,36.713982,36.733117,36.740377,
33.369923,35.232479,36.707510,36.733344,36.784321,36.787237,
33.265179,35.338353,36.723648,36.772103,36.813760,36.817152,
32.591488,35.097427,36.720095,36.758904,36.790807,36.794988,
32.484191,34.788071,36.622508,36.631162,36.684580,36.686841,
33.028771,35.248097,36.578587,36.598985,36.630507,36.629342,
33.039801,35.184137,36.616709,36.672741,36.709199,36.713500,
32.815803,35.089664,36.514734,36.567209,36.609254,36.609834,
32.659295,34.779305,36.437421,36.455792,36.478738,36.480378,
32.680781,35.002762,36.583453,36.611721,36.651129,36.655568,
32.934642,34.802270,36.357069,36.390664,36.420195,36.418947,
33.189976,35.037561,36.309925,36.328534,36.374629,36.377695,
32.815038,34.936357,36.248804,36.273047,36.305927,36.307774,
32.617155,34.619066,36.095557,36.110770,36.139709,36.139666,
32.977935,34.566328,36.230874,36.241730,36.275938,36.273569,
32.537978,34.656491,36.105446,36.129461,36.161443,36.163534,
32.381907,34.751286,36.244440,36.260273,36.276880,36.282341,
32.941158,34.810775,36.301773,36.305598,36.326359,36.329029,
32.668255,34.667629,36.170454,36.187838,36.215048,36.217209,
33.153944,35.011389,36.309982,36.341056,36.379950,36.381737,
32.604383,34.855287,36.337239,36.370337,36.415864,36.416464,
32.943837,35.031589,36.414865,36.453451,36.506176,36.505516,
32.452268,34.907436,36.453902,36.499730,36.561373,36.567586,
32.946674,34.921613,36.456579,36.489428,36.534471,36.533997,
32.534057,35.059056,36.561086,36.598013,36.645176,36.646491,
32.750456,34.952669,36.485039,36.517017,36.540765,36.543094,
32.962439,35.108339,36.606871,36.650498,36.698534,36.701591,
32.516503,35.111517,36.573242,36.610610,36.664899,36.666905,
32.931198,35.150307,36.659797,36.694180,36.725857,36.722486,
32.576937,34.933242,36.525357,36.557730,36.596168,36.599828,
33.170274,35.172351,36.624509,36.664279,36.695885,36.697216,
32.968995,35.030143,36.483306,36.541861,36.611253,36.613379,
32.516458,35.101454,36.517428,36.525330,36.570366,36.573239,
32.884854,35.086356,36.543956,36.566059,36.616113,36.621727,
32.748549,34.883402,36.598789,36.617758,36.666850,36.671060,
32.636041,35.112812,36.718904,36.746126,36.788187,36.789596,
32.653379,34.938156,36.612041,36.632138,36.668354,36.669285,
33.286356,35.010282,36.606349,36.634718,36.688377,36.689803,
33.107221,35.130993,36.555652,36.583930,36.622650,36.628127,
32.715920,34.949008,36.582443,36.626090,36.650882,36.655809,
33.004168,35.115573,36.620090,36.641052,36.667495,36.672293,
33.046492,35.007069,36.537715,36.566235,36.606630,36.604845,
33.015170,34.935360,36.404975,36.450776,36.509080,36.508089,
32.612031,34.910067,36.582332,36.607405,36.644631,36.651062,
32.831007,35.012291,36.552243,36.563194,36.593734,36.592339,
32.809133,35.030634,36.512184,36.544744,36.579372,36.583306,
32.705236,35.145125,36.562988,36.588718,36.624524,36.625300,
32.938940,35.258583,36.596363,36.624158,36.665538,36.669257,
32.625624,34.764012,36.588280,36.619022,36.685833,36.684850,
32.524675,35.002249,36.617153,36.638830,36.703925,36.705751,
33.261887,35.136227,36.624757,36.663918,36.695374,36.702127,
33.066678,35.059466,36.513220,36.532227,36.593518,36.598043,
33.055469,35.085867,36.513500,36.550641,36.587526,36.590458,
32.867469,35.192734,36.674502,36.701076,36.743448,36.746337,
32.643331,34.981177,36.613207,36.633989,36.689361,36.686804,
32.913405,35.148222,36.608518,36.632433,36.672373,36.671589,
32.813923,35.067931,36.504199,36.534801,36.565333,36.567962,
32.750095,34.958577,36.411908,36.439031,36.465763,36.466745,
32.797478,34.834060,36.390170,36.425712,36.463414,36.466730,
32.896610,34.939046,36.463084,36.423858,36.406542,36.409631,
32.259599,34.818359,36.339065,36.361696,36.372839,36.377735,
32.951403,34.999692,36.375398,36.388802,36.396749,36.398266,
32.608411,34.662848,36.205635,36.238495,36.266159,36.268882,
33.367944,34.960389,36.213819,36.232085,36.258639,36.259886,
32.622177,34.650278,36.129121,36.150530,36.189282,36.189194,
32.980329,34.877853,36.179433,36.206216,36.235401,36.234117,
32.531662,34.579133,36.124462,36.137546,36.143050,36.141316,
32.379068,34.704755,36.225652,36.244124,36.276920,36.281753,
32.575243,34.626349,36.144596,36.148111,36.157457,36.161462,
33.165663,35.033453,36.215139,36.236844,36.287169,36.287034,
32.930836,34.872698,36.208873,36.238188,36.252530,36.253642,
32.853475,34.795774,36.307765,36.345839,36.386060,36.387345,
32.679508,34.834357,36.550102,36.564395,36.596965,36.599903,
33.013691,35.402676,36.717032,36.756113,36.817782,36.823054,
32.705770,35.074560,36.566035,36.604016,36.646859,36.647882,
33.093858,35.249909,36.725978,36.751698,36.804255,36.807286,
32.547727,35.125107,36.551186,36.581018,36.633674,36.635082,
32.808653,35.056999,36.615065,36.632384,36.702411,36.710311,
32.925177,35.207565,36.631550,36.676996,36.709042,36.714876,
32.909340,35.156859,36.733711,36.774347,36.819267,36.821549,
32.518696,35.156212,36.566859,36.582476,36.643414,36.643512,
32.462448,35.263840,36.863275,36.917908,36.999755,37.009592,
32.924858,35.227286,36.898169,36.946117,36.997821,37.001149,
32.671886,35.061289,36.741768,36.789168,36.839840,36.840248,
32.641374,35.211113,36.813523,36.859185,36.925669,36.922087,
32.503265,35.073258,36.748496,36.802781,36.851213,36.857702,
33.037757,35.028925,36.587559,36.636989,36.671923,36.672266,
33.102358,34.870241,36.439690,36.474254,36.500404,36.500922,
32.505451,34.787422,36.478711,36.515461,36.547570,36.549998,
32.925054,34.956568,36.251607,36.282982,36.308903,36.310435,
33.285297,35.156021,36.436156,36.450075,36.484376,36.486394,
33.015491,34.851986,36.346367,36.370202,36.402863,36.402264,
32.784327,34.940003,36.534142,36.552261,36.578168,36.582820,
32.992823,35.047728,36.475292,36.490394,36.531651,36.534356,
33.101378,35.078631,36.414989,36.450223,36.491287,36.492321,
32.662387,35.177697,36.554707,36.576074,36.594273,36.594802,
33.254458,35.140642,36.499692,36.529740,36.543510,36.547650,
32.800668,34.843051,36.257918,36.289585,36.347660,36.347751,
32.824823,35.010088,36.522087,36.564293,36.600716,36.604959,
32.666205,35.059704,36.534646,36.560188,36.592342,36.600623,
32.484633,34.937694,36.492286,36.541160,36.588667,36.589869,
32.814950,34.947728,36.584440,36.634005,36.725529,36.727166,
32.700734,35.110499,36.582239,36.614992,36.676441,36.680759,
33.175435,35.158450,36.638927,36.678952,36.734555,36.737837,
32.860360,35.015868,36.524353,36.555503,36.601626,36.601722,
32.791238,35.192248,36.584302,36.612503,36.685302,36.687956,
32.820912,35.207954,36.683951,36.712437,36.733453,36.741808,
32.595087,34.928696,36.622190,36.670671,36.740526,36.743563,
32.917912,35.120251,36.526570,36.557029,36.602831,36.612195,
32.563101,35.117470,36.525377,36.565823,36.610462,36.616793,
33.114137,35.219702,36.519237,36.572173,36.650187,36.659263,
33.135547,35.249110,36.737271,36.764283,36.833894,36.832470,
32.947373,35.271385,36.675494,36.728521,36.787030,36.788841,
32.919691,35.243282,36.535827,36.577736,36.603458,36.606159,
32.738391,35.294493,36.710222,36.740299,36.764002,36.768808,
32.815435,35.260003,36.751127,36.791978,36.845996,36.850129,
32.788555,35.513644,36.932523,36.971344,37.051326,37.056783,
32.470628,35.437516,36.877081,36.936286,37.014294,37.022517,
32.621364,35.609101,37.037606,37.107658,37.188284,37.197563,
32.524298,35.568540,37.103379,37.195265,37.276817,37.282057,
32.580917,35.524022,37.090784,37.171561,37.251377,37.253785,
32.858698,35.494379,36.861065,36.926487,37.001515,37.012310,
32.776149,35.281712,36.887876,36.943688,36.962608,36.973831,
32.835954,35.179215,36.849714,36.910200,36.958753,36.964933,
32.914400,35.143553,36.745272,36.777577,36.854651,36.853476,
32.558939,34.838701,36.686930,36.734378,36.757099,36.766652,
33.054883,35.281138,36.658616,36.673904,36.718486,36.717842,
32.876563,35.169501,36.615328,36.647407,36.697083,36.703197,
32.897234,35.041472,36.684083,36.746275,36.810838,36.815949,
32.880636,35.172947,36.684826,36.718860,36.786483,36.790961,
32.776761,35.236050,36.726071,36.775723,36.844142,36.843429,
32.759578,35.026218,36.628205,36.698460,36.749724,36.750423,
32.821843,35.287062,36.583948,36.620804,36.672820,36.676987,
33.040654,35.316326,36.686146,36.713410,36.736966,36.741295,
32.908586,35.033766,36.607915,36.655626,36.705396,36.714143,
32.975256,35.202120,36.496644,36.519831,36.605240,36.610018,
32.549558,34.994202,36.515342,36.529055,36.560836,36.565231,
32.814770,34.962640,36.459461,36.485132,36.527098,36.532123,
32.701915,34.922458,36.306431,36.340588,36.369323,36.370922,
32.396621,34.758967,36.133846,36.155863,36.196883,36.192976,
32.549909,34.622216,36.053124,36.074075,36.113138,36.114732,
32.344476,34.483021,35.893268,35.932466,35.962338,35.964585,
32.522471,34.600198,35.866029,35.883929,35.932288,35.934271,
32.872462,34.955520,36.088809,36.093180,36.125715,36.125845,
33.077886,34.879895,36.149772,36.143652,36.169974,36.170673,
32.679136,34.801478,35.833979,35.857145,35.896345,35.897451,
32.596123,34.510421,35.800578,35.807779,35.816500,35.818552,
32.905624,34.623788,35.858541,35.857505,35.862666,35.864862,
32.694477,34.395943,35.602638,35.607409,35.614200,35.617887,
32.559805,34.165866,35.418764,35.435535,35.470425,35.473918,
32.993353,34.354615,35.536542,35.548770,35.559298,35.558237,
33.175166,34.446228,35.527208,35.533121,35.541042,35.545462,
32.789438,34.234700,35.558118,35.582713,35.603883,35.603959,
32.800721,34.482728,35.553423,35.572396,35.581724,35.581991,
32.829881,34.446498,35.698130,35.721426,35.741783,35.740596,
32.910481,34.545840,35.581100,35.599889,35.611270,35.612652,
33.006040,34.411986,35.730584,35.742514,35.763765,35.761579,
32.716082,34.308848,35.699606,35.712214,35.711900,35.711311,
33.197866,34.337368,35.376333,35.392747,35.404000,35.406049,
33.028427,34.321780,35.405971,35.423244,35.430784,35.431667,
32.693623,34.160785,35.328279,35.342972,35.335259,35.339006,
32.756972,34.155822,35.258519,35.263758,35.254665,35.254170,
32.995435,34.167380,35.374245,35.376135,35.365933,35.365316,
32.429044,34.118215,35.316523,35.316954,35.311435,35.313011,
33.034682,34.357072,35.357125,35.372025,35.377585,35.377657,
32.600842,34.256853,35.510473,35.507381,35.507231,35.507756,
32.537844,34.006072,35.195261,35.190173,35.186240,35.186414,
33.101840,34.337091,35.453356,35.448697,35.464471,35.461690,
33.067596,34.230435,35.393812,35.382585,35.390857,35.389617,
33.151393,34.304916,35.459003,35.474889,35.493448,35.492551,
32.823259,34.264401,35.374184,35.376892,35.390692,35.390911,
32.925828,34.304360,35.361549,35.379374,35.351562,35.350730,
32.759213,34.198614,35.222593,35.217583,35.233805,35.234508,
32.753956,34.208671,35.344278,35.350706,35.349911,35.347274,
32.891842,34.112894,35.147394,35.155091,35.179792,35.179618,
32.699245,33.906912,35.249300,35.255199,35.262594,35.261390,
32.819910,34.238223,35.345473,35.339161,35.377316,35.378844,
33.274154,34.381168,35.323835,35.328830,35.335919,35.335163,
32.447911,34.101668,35.334908,35.345164,35.349461,35.349353,
32.597928,34.017015,35.336320,35.338229,35.343818,35.343782,
33.258962,34.325834,35.185589,35.179922,35.173985,35.172043,
33.262333,34.322931,35.286004,35.310461,35.299805,35.300734,
32.905229,34.313600,35.349375,35.350351,35.358525,35.358416,
33.048572,34.296490,35.484189,35.491742,35.482456,35.481972,
32.712919,33.797852,35.254232,35.256919,35.255681,35.256211,
32.834415,34.105088,35.380165,35.379583,35.392626,35.392881,
32.848648,34.190393,35.301573,35.307365,35.314706,35.314205,
32.954424,34.117431,35.283473,35.291522,35.296944,35.297372,
32.562148,34.120673,35.404574,35.409846,35.429342,35.428128,
33.062820,34.262134,35.357708,35.368290,35.381846,35.381846,
32.974615,34.135573,35.012926,35.019173,35.005801,35.005166,
32.507011,34.135445,35.383782,35.384437,35.362097,35.361952,
33.007764,34.141652,35.215857,35.223852,35.232670,35.231651,
32.723817,34.171002,35.299162,35.314043,35.368565,35.368637,
32.814716,34.123461,35.214200,35.211749,35.225561,35.225772,
33.092497,34.308809,35.244109,35.260235,35.262112,35.264910,
32.697582,34.013861,35.207412,35.213386,35.233635,35.233284,
32.928408,34.124944,35.264947,35.255380,35.248669,35.250540,
32.919433,34.265495,35.309546,35.285913,35.308759,35.308902,
33.210444,34.276597,35.362720,35.373641,35.403168,35.404704,
33.079937,34.318167,35.344061,35.350850,35.377203,35.376003,
32.688522,34.344085,35.479757,35.485978,35.503461,35.504733,
32.674716,34.212267,35.346022,35.349454,35.362915,35.362733,
32.537250,34.267425,35.373628,35.373337,35.387527,35.389605,
33.206093,34.428322,35.330722,35.329535,35.338571,35.338283,
32.681593,34.277492,35.363433,35.362237,35.365500,35.363143,
32.940423,34.163281,35.334407,35.337360,35.355700,35.356026,
32.228495,33.782785,35.027442,35.013576,35.013810,35.015483,
32.879725,34.266807,35.406413,35.390264,35.396760,35.399427,
32.931681,34.272684,35.407374,35.412044,35.399528,35.401026,
33.219897,34.172250,35.379258,35.371952,35.379112,35.378930,
32.531994,34.128210,35.288733,35.289446,35.284923,35.285742,
32.592609,34.058670,35.272696,35.288484,35.298577,35.299363,
32.220333,34.098631,35.334978,35.341608,35.316331,35.320312,
32.470418,34.112123,35.452242,35.455165,35.464504,35.462946,
33.151027,34.260897,35.297662,35.309853,35.331997,35.331817,
32.802913,34.150970,35.201910,35.203657,35.218389,35.218354,
32.973516,34.317006,35.303811,35.313618,35.331390,35.330167,
32.989084,34.312053,35.236536,35.250816,35.272660,35.272235,
32.866587,34.270369,35.377716,35.387473,35.372883,35.374009,
33.050919,34.201325,35.306496,35.312187,35.317312,35.317599,
32.892116,33.950311,35.202956,35.214112,35.227826,35.227229,
32.985742,34.227527,35.237713,35.277861,35.240742,35.239791,
32.939539,34.212953,35.264655,35.267393,35.273779,35.274631,
33.080829,34.156784,35.146661,35.153079,35.150076,35.150801,
32.785947,34.096907,35.347105,35.351607,35.352727,35.353451,
33.338393,34.092291,35.109713,35.111596,35.106537,35.107835,
32.788091,34.179743,35.347572,35.351437,35.377430,35.376921,
33.090591,34.315509,35.231275,35.206979,35.181254,35.181532,
====  Warning! Error open PSNR file ====
37.456161,39.002970,40.163670,40.171942,40.180449,40.181054,
36.963197,38.945605,40.099382,40.115535,40.121548,40.121277,
36.964189,38.921562,40.234184,40.252133,40.251183,40.250960,
37.313902,38.923464,40.263416,40.272161,40.264648,40.265825,
37.652412,38.946825,40.032837,40.050111,40.082220,40.082113,
37.156672,38.997596,40.142956,40.146607,40.139199,40.138655,
37.010946,38.807205,40.249634,40.261709,40.268487,40.267871,
36.983942,38.991647,40.324181,40.323613,40.332139,40.331399,
37.167894,39.057327,40.222317,40.225813,40.230202,40.229590,
36.961047,38.858229,40.130297,40.149184,40.157811,40.157155,
36.627599,38.822224,40.106445,40.126693,40.150745,40.152546,
37.507272,38.928553,40.206038,40.215222,40.222983,40.223482,
37.226044,38.612210,39.995670,40.007593,40.012294,40.012876,
36.640046,38.820712,40.287691,40.288535,40.286959,40.287409,
36.940222,38.881266,40.026827,40.026774,40.059031,40.060100,
37.334431,38.834040,40.082442,40.074894,40.077308,40.075216,
36.774569,38.879743,40.151236,40.164463,40.162657,40.162165,
37.319329,39.160417,40.094491,40.095622,40.101229,40.100743,
36.990227,38.938375,40.064016,40.073011,40.071993,40.070439,
37.302060,38.853885,40.130229,40.142466,40.159656,40.159492,
36.973618,38.958083,40.064751,40.075786,40.082495,40.081475,
37.247237,38.927621,39.886983,39.890065,39.900252,39.898552,
37.316913,38.986005,39.927469,39.929336,39.937796,39.938680,
36.936693,38.704197,40.099854,40.101445,40.127582,40.127528,
37.156319,38.706412,40.051078,40.055293,40.067855,40.067320,
37.512181,38.868148,39.973933,39.974928,39.965820,39.965558,
36.980529,38.551791,39.984436,39.991585,40.015110,40.014263,
37.674177,38.872409,39.974771,39.976710,39.977706,39.975190,
36.617271,38.869595,39.959007,39.968991,39.996815,39.997289,
37.325528,38.888130,40.132599,40.146062,40.150370,40.148952,
37.223036,38.791978,39.967075,39.977392,39.993887,39.993097,
37.148074,38.417832,39.919216,39.923202,39.947243,39.944641,
36.955693,38.552952,39.953529,39.965800,39.991920,39.992183,
36.876869,38.996063,40.030780,40.044922,40.046733,40.047266,
37.378641,38.900654,40.041163,40.039407,40.038291,40.036962,
36.981150,38.779724,39.936452,39.958009,39.980303,39.981825,
37.372694,38.777993,39.950056,39.954956,39.960855,39.959706,
37.221385,38.658209,40.227695,40.234532,40.248852,40.249745,
37.163445,38.978646,40.117870,40.131050,40.142037,40.141982,
37.155019,39.067515,40.119631,40.118927,40.119468,40.118981,
36.851599,38.975647,40.198329,40.214302,40.225113,40.225557,
37.668423,38.767693,39.805644,39.817656,39.844066,39.843914,
37.428650,38.818272,40.171243,40.165326,40.174533,40.175411,
37.774941,39.124144,40.136336,40.148100,40.155523,40.156724,
36.452301,38.621630,40.078046,40.081247,40.088912,40.088590,
36.896582,38.906765,40.179296,40.181603,40.196081,40.196412,
37.037636,39.013110,40.105486,40.102247,40.098148,40.100683,
36.993549,38.928393,40.185184,40.187990,40.197301,40.197301,
37.224955,38.987299,40.068893,40.073929,40.084235,40.084127,
36.638727,38.604335,40.131845,40.137988,40.150302,40.151775,
37.046144,38.802587,40.168900,40.172847,40.167037,40.167365,
37.151342,38.885810,40.104008,40.106384,40.132225,40.136193,
37.218849,38.760323,40.035341,40.040285,40.062579,40.061242,
36.762689,38.833919,40.088751,40.078542,40.068464,40.068625,
37.233786,38.741865,39.900580,39.892654,39.884230,39.884846,
37.292813,39.044513,39.997915,39.994650,40.014488,40.014224,
37.499541,38.732255,39.845560,39.858754,39.857479,39.856867,
36.831641,38.774857,39.854522,39.857326,39.864728,39.863910,
37.229019,38.993920,39.842522,39.844886,39.857721,39.858435,
36.900957,38.750316,39.849447,39.848989,39.838464,39.838566,
36.953190,38.539136,39.756108,39.771032,39.783349,39.784452,
37.044079,38.858006,39.816657,39.845961,39.876693,39.877000,
36.993058,38.844630,40.040711,40.041509,40.057929,40.055419,
37.349761,38.943745,40.020481,40.030820,40.043578,40.046294,
36.826428,38.822249,40.106161,40.115190,40.121040,40.120823,
36.742228,38.828030,39.985585,39.984693,40.017907,40.016002,
37.105848,38.797829,40.148856,40.163362,40.191142,40.192519,
36.674434,38.780645,40.181184,40.183692,40.192498,40.192388,
36.901199,39.047469,40.129421,40.146614,40.163492,40.164641,
36.668198,38.307304,40.090506,40.102092,40.127419,40.127148,
36.637083,38.971777,40.335212,40.341537,40.350898,40.352555,
36.528054,38.948795,40.300310,40.304774,40.309186,40.309639,
37.301235,39.023826,40.352577,40.372853,40.402531,40.403051,
37.348466,39.053267,40.186697,40.200750,40.214682,40.216012,
37.431774,39.145191,40.233113,40.230778,40.243302,40.242020,
37.505962,39.019224,40.243832,40.251700,40.261653,40.263724,
37.315028,39.000049,40.237335,40.239729,40.253341,40.256023,
36.779485,38.970306,40.279266,40.295370,40.302598,40.301806,
37.020891,38.825108,40.207531,40.213450,40.219544,40.219323,
36.618184,38.780515,40.041376,40.045315,40.050218,40.048778,
37.047806,38.905869,40.147834,40.146089,40.151107,40.150015,
36.615606,38.869529,40.063441,40.073802,40.078951,40.078951,
37.163524,38.791774,40.053365,40.056888,40.064370,40.063461,
37.138604,38.630249,39.976632,39.973383,39.976841,39.977051,
37.358391,38.857343,39.721980,39.729649,39.743538,39.745178,
37.001938,38.750340,39.941604,39.927171,39.945350,39.944985,
37.656908,38.790826,40.046021,40.043145,40.024501,40.024183,
37.206577,38.806845,39.851808,39.857976,39.859609,39.858384,
37.420727,38.686336,39.758108,39.765442,39.766691,39.765592,
36.883206,38.748602,39.770651,39.770601,39.780711,39.781513,
36.969465,38.765332,39.960424,39.965212,39.978722,39.979299,
37.100080,38.930396,40.056774,40.059572,40.071343,40.071236,
36.859568,38.545357,40.103327,40.103975,40.109809,40.110295,
37.673684,39.194522,40.139532,40.144434,40.145197,40.144761,
37.451982,38.857171,39.943541,39.948382,39.952864,39.954533,
37.605785,38.650578,40.006405,40.016869,40.026721,40.026244,
36.674321,38.870895,40.003773,40.003984,40.018622,40.018992,
37.058670,38.932503,40.100548,40.106182,40.121873,40.123987,
37.064547,38.826435,40.222241,40.231682,40.247611,40.254200,
37.204234,38.848808,40.126693,40.134331,40.149688,40.150616,
37.355136,39.060992,40.312696,40.327902,40.343105,40.342193,
37.443614,38.912895,40.156561,40.164354,40.155277,40.156042,
37.302017,39.108534,40.176681,40.189270,40.198087,40.198363,
36.980920,38.782710,40.222900,40.235846,40.246822,40.248441,
36.761720,39.025105,40.264382,40.267576,40.287916,40.287465,
37.095818,38.794708,40.168091,40.173025,40.187364,40.187969,
37.437193,38.858487,40.319193,40.328904,40.343483,40.343483,
36.474848,38.947021,40.253578,40.252461,40.269363,40.268915,
37.623202,39.073674,40.151155,40.159184,40.156342,40.155850,
37.602552,39.033519,40.297310,40.279680,40.293643,40.293079,
37.275779,38.695391,40.174904,40.176825,40.212987,40.214869,
36.648476,39.073983,40.252035,40.241268,40.259358,40.258239,
36.192324,38.454965,40.084611,40.087406,40.087406,40.087514,
37.421563,38.917242,40.081448,40.090910,40.103145,40.103522,
37.441994,39.074057,40.155249,40.158801,40.167174,40.167119,
37.880893,39.105519,40.186030,40.195226,40.221159,40.220383,
36.386978,38.784034,40.234135,40.235860,40.260582,40.261030,
37.163774,39.035703,40.287149,40.289148,40.300994,40.305290,
36.637809,38.721694,40.159177,40.170948,40.185335,40.186160,
37.266613,38.992447,40.229785,40.236236,40.250506,40.252070,
37.347146,38.984268,40.160476,40.169948,40.170934,40.169509,
36.290777,38.725618,40.206556,40.212585,40.213028,40.213693,
37.186253,38.855723,40.237189,40.241143,40.251965,40.252244,
37.498890,39.041009,40.207344,40.216143,40.229125,40.226792,
36.675638,38.631027,40.165373,40.167235,40.180896,40.181610,
37.321871,39.077423,40.155686,40.172380,40.190901,40.191452,
36.701418,38.728036,40.059265,40.056007,40.060921,40.062097,
36.477648,38.864509,40.213194,40.212198,40.239903,40.240739,
37.436434,38.849991,40.192299,40.201619,40.200239,40.203331,
36.661630,38.841849,39.946117,39.942963,39.961312,39.960580,
36.102365,38.454065,40.014594,40.024547,40.019038,40.025608,
37.664735,39.022700,39.900864,39.907308,39.924315,39.923901,
37.694824,39.005055,39.989277,39.985283,39.980506,39.979562,
37.307022,38.791594,39.925863,39.933772,39.941097,39.942397,
36.930001,38.584282,39.945167,39.948760,39.987687,39.987740,
36.654717,38.464665,39.645030,39.644836,39.645613,39.644496,
36.405425,38.572319,39.707346,39.722332,39.736644,39.736198,
36.798489,38.450209,39.808814,39.805638,39.807553,39.806696,
36.409697,38.737676,39.791310,39.794677,39.804794,39.806104,
37.116926,38.703600,39.786685,39.781820,39.781169,39.781068,
37.108752,38.377529,39.899299,39.909301,39.917051,39.915500,
37.733546,38.890849,39.996756,39.991177,40.011898,40.012902,
37.095598,39.017043,40.123323,40.132279,40.139131,40.138369,
37.531043,39.018657,40.200149,40.197336,40.201916,40.204401,
36.855625,38.845878,40.166742,40.158043,40.159956,40.159136,
37.509444,39.136552,40.338559,40.340724,40.340724,40.340211,
37.392719,39.357937,40.468919,40.488869,40.508319,40.508082,
36.691734,39.045317,40.162158,40.176351,40.180415,40.180690,
37.426420,38.854720,40.159745,40.170969,40.197363,40.199018,
37.300623,38.766850,40.323762,40.324330,40.339805,40.339748,
37.273415,38.737026,40.252391,40.262345,40.276084,40.277882,
36.905116,38.918618,40.276435,40.290331,40.312930,40.310835,
36.922988,39.276024,40.428892,40.443110,40.464291,40.465640,
37.153079,38.943373,40.346065,40.354921,40.370334,40.374698,
37.440390,39.081927,40.379182,40.376767,40.380850,40.380102,
37.349782,39.150502,40.462846,40.488604,40.532114,40.531995,
36.476112,39.109800,40.138594,40.147813,40.171106,40.171599,
37.158586,39.056028,40.242912,40.267002,40.268684,40.268628,
37.030511,38.628524,39.822232,39.823598,39.834137,39.834746,
37.173502,38.927374,39.991775,40.002098,40.026741,40.026688,
37.387676,38.714328,40.070412,40.093400,40.098950,40.100460,
36.982393,38.781177,40.061623,40.068418,40.077315,40.076242,
36.658222,38.862881,40.167537,40.184139,40.185184,40.187715,
36.183721,38.714955,40.018198,40.024766,40.028796,40.030017,
37.320922,38.864778,39.969142,39.968429,39.984784,39.985782,
37.432259,38.780092,40.040119,40.024137,40.028326,40.028856,
37.493700,38.684078,40.259050,40.264873,40.273733,40.273901,
36.844550,38.931375,40.177202,40.189187,40.183905,40.183355,
36.857820,38.699365,40.136785,40.128579,40.138036,40.136513,
37.640682,39.174046,40.172819,40.179406,40.203034,40.203642,
36.917076,38.873690,40.177909,40.178623,40.194193,40.193366,
37.138048,38.961681,40.308507,40.321314,40.326766,40.328073,
37.064246,38.871225,40.146907,40.152744,40.141513,40.142929,
36.892567,38.927487,40.279504,40.274168,40.307757,40.308493,
37.099914,39.039250,40.265300,40.281803,40.297014,40.295265,
36.367384,38.808186,40.102733,40.116841,40.121121,40.120091,
36.971390,38.871530,40.267948,40.287050,40.300415,40.300472,
37.254243,38.746163,40.116814,40.122557,40.136894,40.139777,
37.284358,39.208802,40.320073,40.321037,40.323705,40.323081,
37.095146,38.731906,40.053732,40.069234,40.082589,40.083019,
37.149117,39.057178,40.159505,40.164758,40.173580,40.173745,
37.827844,39.140913,40.273403,40.293262,40.297155,40.298679,
37.623858,38.990619,40.257428,40.267618,40.273228,40.271712,
36.978465,38.967007,40.160168,40.162137,40.179515,40.179076,
36.278071,39.154361,40.247297,40.273375,40.284728,40.284165,
37.353155,39.304856,40.305756,40.311521,40.325530,40.328315,
37.073424,39.262322,40.528005,40.544225,40.543448,40.544464,
36.853824,39.231677,40.528035,40.537121,40.565845,40.565545,
37.293545,39.260771,40.605056,40.639177,40.653061,40.655512,
37.360805,39.363197,40.788447,40.817171,40.803768,40.806242,
36.942743,39.599145,40.758116,40.776354,40.816495,40.815096,
36.670141,39.330847,40.687332,40.717381,40.721984,40.723354,
37.054736,39.469986,40.644035,40.653949,40.675509,40.676248,
37.312824,39.418838,40.577313,40.597164,40.614555,40.614009,
37.203815,39.352525,40.513232,40.541440,40.569893,40.568931,
37.000706,39.176787,40.481274,40.504832,40.522094,40.521381,
37.227794,39.123734,40.413437,40.432027,40.452101,40.461586,
36.698531,39.303823,40.398001,40.426224,40.452993,40.458144,
36.515886,39.092242,40.428666,40.433061,40.445657,40.444489,
36.501829,38.842323,40.299258,40.325090,40.370255,40.373298,
36.455169,38.846418,40.286452,40.303064,40.334487,40.336024,
37.220371,39.026037,40.358583,40.368153,40.378952,40.378607,
36.244188,38.986360,40.294778,40.311450,40.328471,40.331257,
36.913640,39.161873,40.374978,40.385275,40.397214,40.399814,
36.334714,38.985629,40.173546,40.180024,40.191355,40.191576,
36.542354,38.981224,40.133760,40.139308,40.135500,40.134848,
37.755216,39.140383,40.152608,40.151134,40.173183,40.170167,
37.421429,39.096344,40.167831,40.167283,40.176989,40.176880,
37.243261,38.858913,40.141084,40.148113,40.148168,40.148386,
37.302414,38.791031,39.935816,39.949366,39.942234,39.941298,
37.132081,38.656995,39.927320,39.930120,39.946540,39.946749,
36.650909,38.697656,39.775903,39.780862,39.777505,39.778257,
37.462584,38.669184,39.814037,39.823845,39.824250,39.826021,
37.277704,38.648888,39.591330,39.608586,39.623446,39.622576,
36.926399,38.522948,39.615660,39.628342,39.654256,39.655035,
36.746970,38.950621,39.765648,39.774421,39.794985,39.795437,
37.127070,38.777720,39.623567,39.621224,39.646609,39.648893,
37.533742,38.807300,39.587134,39.577273,39.576412,39.576173,
36.537258,38.397039,39.393308,39.398720,39.395692,39.395509,
37.519886,38.679375,39.368087,39.379357,39.383151,39.381688,
37.576663,38.521377,39.264841,39.263039,39.281180,39.281671,
36.711729,38.583360,39.190206,39.192306,39.184043,39.183868,
36.946091,38.371421,39.277457,39.282905,39.281297,39.279377,
37.526217,38.539677,39.443708,39.443430,39.444357,39.444775,
37.222789,38.458068,39.309669,39.311648,39.318265,39.317680,
36.381190,38.392018,39.378415,39.388750,39.389346,39.389803,
36.867946,38.691997,39.626776,39.630986,39.634570,39.633843,
37.158223,38.376695,39.467677,39.466366,39.468138,39.467392,
37.104512,38.414428,39.276888,39.278908,39.275160,39.274312,
37.373867,38.408227,39.334626,39.330649,39.319910,39.319549,
36.783604,38.258011,39.380871,39.377353,39.385901,39.385352,
37.741239,38.259922,39.342264,39.332174,39.332038,39.332761,
37.305523,38.337233,39.155365,39.151244,39.155582,39.155929,
36.580002,38.026040,39.141313,39.144601,39.155218,39.155175,
37.122044,38.253443,38.755937,38.757006,38.753365,38.752337,
37.610088,38.307054,39.141086,39.140956,39.206096,39.206623,
36.539467,38.109560,39.004594,39.009500,39.023958,39.024295,
36.975226,38.013675,39.200003,39.205443,39.215330,39.215682,
36.594083,38.351701,39.241956,39.242709,39.246075,39.246075,
37.158884,38.283757,38.947497,38.949938,38.954161,38.953706,
36.693232,37.982727,39.016707,39.021585,39.035534,39.035323,
36.843024,38.353698,39.236709,39.237549,39.231142,39.232378,
37.297213,38.363974,39.194385,39.194910,39.201045,39.200256,
36.641301,37.909871,38.915784,38.919070,38.920673,38.921043,
36.647334,37.931242,39.137195,39.143654,39.142399,39.141707,
36.666241,37.870773,38.921069,38.930123,38.931277,38.931112,
37.920910,38.563470,39.271660,39.265959,39.269254,39.269254,
36.677738,37.866236,39.047316,39.048586,39.050788,39.050873,
35.619783,37.540827,39.194637,39.208187,39.217200,39.216760,
36.454368,37.701812,38.737385,38.737582,38.734549,38.734234,
36.965745,38.018448,39.088326,39.078552,39.083031,39.082732,
37.370701,38.498835,39.125431,39.126040,39.124618,39.124359,
37.671829,38.442616,39.207062,39.211939,39.220343,39.220872,
37.584068,38.394212,39.095039,39.092900,39.094739,39.094782,
36.798278,38.170076,39.127850,39.118504,39.122335,39.123024,
36.978682,38.101157,38.681446,38.681913,38.677518,38.677169,
36.417209,38.052441,39.022658,39.031616,39.032797,39.032754,
36.452281,38.284542,39.119827,39.122582,39.124305,39.124176,
37.595282,38.291721,39.048051,39.049279,39.048348,39.048814,
36.832727,37.963736,39.172146,39.172266,39.175272,39.175272,
37.007309,38.336879,39.291336,39.293083,39.299223,39.298685,
37.523132,38.211095,39.058090,39.065012,39.068711,39.068881,
36.890927,38.051679,38.920730,38.909727,38.939103,38.940424,
37.085777,38.141355,39.115504,39.117955,39.116106,39.115031,
36.219032,37.671629,38.895848,38.894418,38.890701,38.890660,
36.454001,38.110779,39.167270,39.166487,39.168706,39.168793,
37.012194,38.003570,39.204730,39.204774,39.214571,39.216287,
37.042755,38.364585,39.260910,39.271593,39.283375,39.280649,
36.517094,38.050397,38.966555,38.970171,38.968134,38.967386,
37.041341,38.109389,38.859967,38.852332,38.860271,38.860311,
36.748596,38.239822,39.141329,39.137913,39.140896,39.141675,
36.979723,38.323248,39.200519,39.198283,39.200387,39.199949,
37.354846,38.440426,39.374106,39.372966,39.380225,39.380408,
36.873372,38.426513,39.217233,39.222518,39.229045,39.228604,
36.815073,38.122779,39.023326,39.019624,39.016303,39.016051,
36.485388,38.196005,39.095954,39.095055,39.094884,39.094541,
36.701095,38.028864,38.866732,38.872094,38.880884,38.882187,
36.787637,37.984392,38.990697,38.999102,39.007565,39.006517,
37.718786,38.321941,39.182994,39.190074,39.214505,39.214154,
36.572350,37.986567,39.201664,39.209016,39.215435,39.216491,
37.010247,38.243522,39.223201,39.230921,39.236444,39.236444,
37.165149,38.023661,39.167265,39.160048,39.158050,39.157833,
37.767772,38.266105,39.079512,39.092280,39.113457,39.113027,
36.795259,38.030789,39.221934,39.222728,39.228284,39.228284,
36.938206,37.767149,39.108405,39.107461,39.099272,39.099700,
35.975194,37.487098,38.949653,38.952137,38.971351,38.971767,
37.238755,38.135278,38.999437,39.001531,39.006769,39.006769,
37.391222,38.191519,38.959094,38.965444,38.965402,38.965319,
36.834275,38.216567,39.070609,39.071971,39.077764,39.065548,
37.163870,38.246288,39.254102,39.258143,39.268240,39.268953,
36.633968,38.047193,39.032517,39.036526,39.031463,39.032222,
36.819014,38.112451,39.219402,39.223102,39.236211,39.236344,
37.012615,38.096109,39.193290,39.193334,39.196312,39.195655,
37.622837,38.423213,39.164606,39.161085,39.152404,39.152795,
37.059734,38.375729,39.008415,39.009086,39.018115,39.017821,
36.213554,38.295617,39.248452,39.259460,39.266398,39.265864,
36.972364,37.824018,39.323116,39.325011,39.324154,39.324154,
37.148857,37.938121,38.928264,38.930180,38.939831,38.940120,
37.404924,38.481301,38.800402,38.801442,38.806684,38.806484,
36.912640,37.977406,39.054056,39.051386,39.063477,39.061099,
====  Warning! Error open PSNR file ====
42.313573,43.859309,44.655975,44.653127,44.661136,44.661136,
42.356739,43.873109,44.746547,44.749535,44.752998,44.751738,
42.005281,43.687849,44.754336,44.742932,44.733830,44.733125,
42.451418,43.674793,44.478793,44.487153,44.489968,44.489968,
42.264124,43.403120,44.576466,44.572235,44.580928,44.580777,
41.072268,43.581297,44.636330,44.637863,44.630662,44.630509,
41.946200,43.779869,44.696525,44.694816,44.695593,44.694971,
42.004037,43.225411,44.702766,44.710009,44.699187,44.700743,
42.236009,43.441745,44.650897,44.659133,44.668542,44.668465,
41.867385,43.383232,44.699148,44.700859,44.698371,44.698682,
42.002919,43.574090,44.624772,44.615667,44.607741,44.607741,
42.713712,43.690175,44.475911,44.480086,44.492080,44.492377,
41.284137,43.215827,44.645556,44.646477,44.646324,44.644480,
42.568262,43.036716,44.601597,44.599697,44.596582,44.597114,
41.266595,43.274829,44.386270,44.392062,44.405849,44.404468,
43.137733,43.843492,44.392949,44.394036,44.403469,44.403469,
42.295854,43.648218,44.405649,44.407830,44.415617,44.415253,
41.124283,43.412086,44.495807,44.500039,44.497217,44.497217,
41.980835,43.599534,44.576787,44.578980,44.585641,44.584429,
42.506999,43.786040,44.621487,44.632710,44.645594,44.645517,
41.443188,42.988636,44.588559,44.593033,44.597437,44.597588,
42.805159,43.341507,44.458460,44.457430,44.454930,44.454930,
42.379025,43.433225,44.480826,44.478165,44.483785,44.483785,
41.720279,43.679002,44.506189,44.507602,44.506115,44.506338,
41.915882,43.494718,44.615934,44.603593,44.606561,44.606104,
42.555700,43.172390,44.276287,44.274876,44.286033,44.285962,
41.145758,43.092500,44.464957,44.458625,44.460097,44.460097,
41.471062,43.094676,44.028195,44.028195,44.034796,44.035063,
42.066800,43.263571,44.413251,44.412523,44.410048,44.410048,
41.840307,43.529461,44.270189,44.261393,44.265261,44.265261,
41.355119,43.363048,44.259723,44.260496,44.266756,44.266827,
42.696554,43.430104,44.389672,44.389092,44.392641,44.392641,
41.530417,43.409948,44.399966,44.393076,44.393801,44.392569,
42.536648,43.610867,44.673139,44.679094,44.677934,44.677856,
41.645665,43.291878,44.394145,44.399041,44.408266,44.408194,
42.453307,43.417437,44.477204,44.476244,44.463852,44.464588,
42.028026,42.939927,44.577279,44.582044,44.590682,44.590682,
40.955746,43.678510,44.439100,44.438441,44.448117,44.448264,
42.103654,43.880573,44.364348,44.363628,44.365356,44.366508,
42.131408,43.387742,44.497792,44.504181,44.509686,44.509240,
42.905385,43.654938,44.706620,44.708957,44.720507,44.720975,
41.622132,43.663644,44.688295,44.688916,44.677760,44.691089,
41.668853,43.479924,44.562297,44.568253,44.575049,44.574520,
41.297981,43.325794,44.744425,44.744346,44.740498,44.740498,
41.263757,43.479983,44.269080,44.273237,44.280363,44.279092,
41.436708,43.399458,44.597095,44.594456,44.589525,44.589980,
42.438785,43.732619,44.648667,44.649359,44.648590,44.647207,
41.852644,43.303027,44.599868,44.604506,44.613951,44.613646,
41.564749,43.246424,44.732870,44.737496,44.715586,44.715586,
41.227806,43.168931,44.586171,44.580115,44.579585,44.579207,
40.262310,42.619139,44.398134,44.400093,44.408230,44.408521,
41.460444,43.614031,44.344506,44.352253,44.350889,44.351176,
41.671098,43.231549,44.422707,44.426430,44.416801,44.417603,
42.324428,43.849850,44.574633,44.576220,44.578488,44.576976,
41.627285,43.184168,44.207699,44.205963,44.211936,44.211936,
41.223482,43.579900,44.219223,44.224274,44.222183,44.222880,
42.923132,43.838738,44.392533,44.382039,44.363574,44.363574,
42.113772,43.144250,44.267971,44.276216,44.275864,44.275864,
42.629194,43.546124,44.359653,44.362746,44.389599,44.389599,
42.138592,43.411768,44.122250,44.120583,44.119494,44.119358,
41.680905,43.506519,44.517435,44.521463,44.516689,44.516838,
42.065442,43.328501,44.504739,44.513522,44.511436,44.511436,
41.571243,43.012458,44.397916,44.402562,44.406703,44.406994,
42.007132,43.597603,44.392949,44.389545,44.387446,44.387952,
40.358197,43.098869,44.384118,44.390197,44.326789,44.327645,
42.399434,43.661929,44.538271,44.534863,44.538534,44.538534,
41.139682,43.761173,44.538965,44.536473,44.543145,44.542845,
42.312215,43.640381,44.652781,44.613951,44.589999,44.590757,
41.193807,43.066153,44.629284,44.626225,44.630509,44.629897,
41.746173,43.367323,44.590682,44.588786,44.590151,44.590757,
40.988521,43.167687,44.388911,44.389056,44.396810,44.396737,
41.688333,43.829165,44.647534,44.659229,44.694039,44.693573,
42.377442,43.639985,44.812509,44.820817,44.824417,44.824017,
42.271521,43.855657,44.749692,44.753628,44.749692,44.750007,
41.261369,43.118386,44.720018,44.725882,44.749102,44.749260,
41.549727,43.550822,44.628309,44.628921,44.638419,44.635966,
42.247390,43.255003,44.544289,44.553528,44.571763,44.571310,
41.576421,43.438283,44.529158,44.527887,44.517808,44.517808,
41.987389,43.292946,44.669971,44.668813,44.663796,44.664259,
41.421711,43.359020,44.490357,44.485616,44.482360,44.482065,
41.649459,43.488491,44.483655,44.486468,44.493952,44.494249,
41.022161,43.306411,44.424988,44.404450,44.369138,44.368561,
42.253430,43.423549,44.499073,44.495288,44.482102,44.482102,
42.022691,43.076095,44.348503,44.351876,44.348934,44.348934,
42.046277,43.663705,44.437434,44.436263,44.424933,44.424933,
41.712894,43.110194,44.374204,44.375069,44.376730,44.377452,
41.857572,43.278402,44.212162,44.212858,44.215361,44.215361,
41.598602,42.719118,44.199045,44.201332,44.204107,44.204523,
41.985109,42.996982,44.308823,44.310352,44.307224,44.307509,
41.964057,43.409774,44.264417,44.239793,44.277945,44.277522,
40.483704,42.021400,44.498813,44.497551,44.497922,44.497625,
42.271032,43.605801,44.515869,44.512441,44.524002,44.524077,
41.976211,43.438530,44.458496,44.457172,44.468513,44.467997,
42.015769,43.252885,44.492414,44.498572,44.498126,44.497087,
41.764264,43.336462,44.582007,44.582915,44.584656,44.584429,
41.526220,43.496280,44.409212,44.415763,44.407612,44.408048,
41.891301,43.753724,44.731108,44.736281,44.736751,44.736830,
42.800135,43.844977,44.682250,44.687675,44.678688,44.679153,
41.484478,43.475492,44.606942,44.619978,44.633514,44.633820,
42.415662,43.509460,44.485913,44.490950,44.483618,44.483914,
42.184477,43.584815,44.501970,44.496327,44.486394,44.486986,
42.303584,43.836155,44.630107,44.633629,44.638994,44.639300,
42.270576,43.792566,44.643214,44.641986,44.648360,44.648360,
41.777983,43.237835,44.532001,44.545640,44.543388,44.544139,
41.307844,43.283366,44.622002,44.591554,44.545602,44.545152,
41.496224,43.431120,44.463612,44.458901,44.442159,44.442452,
41.879575,43.720064,44.664626,44.662158,44.661464,44.661541,
42.388709,43.564363,44.440748,44.442507,44.438624,44.439356,
42.611199,43.389726,44.654205,44.653050,44.650743,44.650358,
41.902466,43.722485,44.634031,44.637786,44.661695,44.662158,
41.824594,43.729166,44.398079,44.435019,44.481880,44.480844,
41.332433,43.086823,44.678185,44.679965,44.680894,44.681204,
42.421964,43.712282,44.497069,44.495807,44.490690,44.490616,
42.348336,43.597256,44.758670,44.756621,44.760168,44.758906,
41.631321,43.410323,44.634893,44.631600,44.640873,44.641487,
42.068284,43.577857,44.527551,44.528971,44.527028,44.527551,
41.191526,43.204238,44.584524,44.583539,44.575521,44.575219,
41.561784,43.666984,44.607779,44.615934,44.617612,44.618604,
42.376610,43.688665,44.532805,44.533853,44.541570,44.540970,
41.973688,43.582559,44.630892,44.636253,44.643310,44.642849,
42.991915,43.782796,44.642062,44.650282,44.614141,44.613074,
42.366737,43.549077,44.588161,44.592331,44.596126,44.596278,
42.271421,43.629016,44.633227,44.634682,44.643501,44.643655,
42.073931,43.561760,44.676773,44.684826,44.687927,44.688082,
42.205205,43.385731,44.691341,44.679404,44.679094,44.678862,
41.992869,43.354596,44.522975,44.516055,44.503326,44.503103,
42.038306,43.392301,44.495881,44.492914,44.493211,44.493730,
41.719799,43.629214,44.520307,44.520754,44.522770,44.523069,
41.873252,43.344310,44.157834,44.139408,44.120719,44.121536,
41.791387,43.440072,44.434909,44.434689,44.430302,44.430302,
41.573855,43.211119,44.108264,44.097216,44.102229,44.102229,
41.872776,43.350333,44.581552,44.584505,44.604164,44.603403,
42.550529,43.575545,44.488153,44.491487,44.494156,44.494156,
42.888440,43.619045,44.242855,44.245446,44.254772,44.254772,
42.072327,43.269399,44.331627,44.332270,44.334343,44.334343,
41.673945,43.414341,44.401999,44.394018,44.403814,44.408466,
41.814968,43.375457,44.293410,44.288455,44.289941,44.289941,
42.326567,43.283787,44.457742,44.461366,44.462397,44.462839,
40.789419,43.160561,44.329966,44.327253,44.332252,44.332252,
41.836112,42.937646,44.337686,44.338187,44.332109,44.332109,
41.019195,43.395410,44.231966,44.231407,44.242172,44.242312,
42.916679,43.704653,44.473751,44.457246,44.475745,44.475819,
41.780454,43.660490,44.691748,44.689963,44.683760,44.683140,
42.257915,43.179562,44.670801,44.673177,44.664915,44.665532,
42.263836,43.698257,44.589734,44.587763,44.601578,44.600818,
41.742462,43.517138,44.555446,44.557195,44.559905,44.560959,
41.526024,43.565861,44.611092,44.610407,44.615819,44.614599,
41.837560,43.588230,44.721581,44.719940,44.728543,44.727917,
41.945663,43.471695,44.729952,44.734340,44.757133,44.755951,
42.002397,43.485051,44.659075,44.660404,44.643022,44.643175,
41.362839,43.155912,44.742245,44.741931,44.761055,44.760818,
42.151321,43.308471,44.747471,44.763067,44.766303,44.766461,
42.178870,43.632938,44.787063,44.791826,44.799777,44.799299,
42.166570,43.350447,44.650666,44.656437,44.660520,44.660751,
41.979722,43.517464,44.720096,44.723848,44.746429,44.743757,
42.243556,43.701624,44.764053,44.763185,44.759399,44.759793,
42.403213,43.678218,44.757606,44.756975,44.762416,44.762574,
41.323658,42.878931,44.740400,44.748414,44.751640,44.750774,
41.316417,43.486712,44.469527,44.468863,44.474323,44.475727,
41.206792,43.309445,44.502899,44.508477,44.523386,44.522789,
42.033000,43.365679,44.467260,44.472201,44.460630,44.461146,
42.690160,43.321531,44.582007,44.590416,44.602491,44.602491,
42.195910,43.684077,44.616506,44.614828,44.615819,44.615514,
41.480224,43.304197,44.536024,44.530486,44.524506,44.524581,
42.400853,43.684847,44.663565,44.670434,44.681882,44.681727,
42.504313,43.567823,44.474785,44.479144,44.471463,44.471611,
41.804803,43.119034,44.634395,44.634625,44.636617,44.636924,
42.651410,43.781568,44.738791,44.740910,44.748454,44.749240,
41.963136,43.761330,44.616944,44.613360,44.617860,44.617936,
42.425072,43.437570,44.699168,44.692952,44.694117,44.698079,
41.892604,43.131346,44.360211,44.371372,44.377867,44.377289,
40.844789,43.118399,44.609816,44.610654,44.624161,44.625078,
42.338459,43.882119,44.761272,44.765534,44.766639,44.766402,
42.682333,43.688588,44.688528,44.695515,44.709678,44.709600,
41.616508,43.625371,44.651723,44.653223,44.666014,44.665937,
41.095208,43.508662,44.585622,44.588957,44.592293,44.593280,
41.287122,43.463395,44.562071,44.567574,44.567574,44.567876,
41.657161,43.451039,44.346137,44.344847,44.351589,44.351732,
42.810794,43.754334,44.621659,44.630069,44.634280,44.632442,
42.792346,43.493260,44.668291,44.672153,44.669990,44.669990,
41.384606,43.479322,44.696098,44.714786,44.741401,44.742186,
42.670145,43.668471,44.633552,44.633476,44.637000,44.638380,
41.982124,43.803545,44.769206,44.777116,44.787182,44.788055,
42.362717,43.697007,44.646036,44.653878,44.648110,44.648494,
42.330024,43.539898,44.685582,44.687908,44.684496,44.684961,
42.243181,43.823743,44.949039,44.948051,44.967445,44.967859,
42.068740,43.694106,44.900287,44.911704,44.921842,44.921842,
42.523129,43.821423,44.944306,44.954025,44.948175,44.946857,
42.524519,43.611382,44.914012,44.909765,44.903485,44.903159,
42.324248,44.059220,45.221201,45.232703,45.234374,45.235078,
42.567334,43.986405,45.214695,45.222582,45.236992,45.238400,
41.380340,44.061486,45.189747,45.202563,45.230594,45.230769,
41.590604,43.543978,44.900532,44.912113,44.917915,44.918733,
41.781199,43.799956,45.086855,45.090002,45.083286,45.084475,
40.948183,44.034563,45.112137,45.103764,45.111452,45.113591,
42.402434,43.779538,44.895159,44.901916,44.908766,44.907868,
42.652623,43.849946,44.966039,44.970838,44.969679,44.969265,
42.791995,43.705581,44.696778,44.703311,44.709931,44.710087,
42.095727,43.038864,44.935778,44.944902,44.930198,44.930034,
41.386999,43.706617,44.953118,44.956665,44.964841,44.964345,
42.193038,43.854665,44.990542,45.002199,45.005202,45.005118,
42.081372,43.977193,44.929809,44.934075,44.948133,44.948133,
41.425185,43.742621,44.562730,44.646957,44.584032,44.581836,
42.125578,43.653853,44.808859,44.818039,44.846905,44.846100,
42.116281,43.930430,44.931941,44.935388,44.932926,44.933090,
41.643924,43.454293,44.485413,44.497495,44.495566,44.495640,
42.059119,43.751723,44.680101,44.681417,44.682037,44.682114,
42.422907,43.571705,44.624944,44.629227,44.630451,44.630451,
42.018065,43.926783,44.647207,44.642983,44.641602,44.641065,
41.592134,43.404678,44.456363,44.465288,44.485080,44.485598,
42.139897,43.424476,44.492692,44.494620,44.495288,44.495065,
42.118115,43.671339,44.237136,44.236716,44.240073,44.241333,
41.728854,43.148248,44.287270,44.289393,44.294986,44.294207,
41.432665,43.424012,44.347159,44.342411,44.335755,44.334897,
40.958202,43.057659,44.500373,44.503419,44.494064,44.494509,
41.150135,43.363477,44.049518,44.047962,44.050439,44.050506,
41.944055,43.374109,44.120787,44.122353,44.127053,44.127053,
41.600964,42.883869,44.271634,44.269502,44.262465,44.261621,
42.302812,42.923532,44.184741,44.187643,44.189855,44.189855,
41.967227,43.316127,44.021837,44.020241,44.021371,44.020839,
42.503551,43.126823,43.881249,43.876807,43.868322,43.867295,
41.965549,43.088782,43.571630,43.568812,43.563301,43.563301,
42.381692,43.230551,43.980783,43.982036,43.981706,43.981970,
41.927542,42.901592,43.902379,43.897915,43.891067,43.891067,
41.959586,43.089251,43.934014,43.916576,43.890163,43.890163,
41.468631,43.165734,43.913607,43.912520,43.902929,43.902929,
41.840357,43.147948,44.071737,44.072410,44.081708,44.081169,
41.609612,43.177125,44.021787,44.021587,44.025914,44.025914,
42.509089,43.169464,44.092818,44.092277,44.092548,44.092480,
42.397568,43.090647,44.035664,44.034996,44.034996,44.035530,
41.752856,42.693282,43.868579,43.871663,43.883375,43.883375,
41.341486,42.461683,43.679064,43.677588,43.677711,43.677281,
41.408196,42.812015,43.752395,43.752739,43.748614,43.748614,
41.222355,42.415053,43.535122,43.539942,43.553897,43.553778,
42.218427,43.168603,44.136248,44.130855,44.129013,44.129013,
42.302789,42.986316,43.865850,43.868531,43.870008,43.870136,
42.398014,43.141248,43.823346,43.822456,43.821185,43.821058,
41.694665,43.191306,43.950377,43.952586,43.952848,43.953110,
42.428816,43.129951,43.771916,43.772293,43.773549,43.773172,
42.178848,42.583200,43.713661,43.713351,43.715458,43.715458,
41.699748,42.686722,43.901521,43.908904,43.908645,43.908775,
42.272243,43.225827,43.709464,43.705998,43.706308,43.706060,
42.200041,43.511500,43.934829,43.934748,43.933183,43.933183,
41.898435,42.966404,43.978675,43.981113,43.979136,43.979202,
42.265767,43.039846,44.076450,44.074025,44.071400,44.071400,
42.151104,43.043482,43.672690,43.672813,43.669683,43.669683,
41.104688,42.423586,43.720421,43.719614,43.720235,43.720235,
42.590455,43.218176,43.917356,43.919045,43.911709,43.911709,
42.123977,43.043522,43.656375,43.657048,43.650080,43.650080,
41.781824,42.680733,43.715226,43.715722,43.718947,43.718947,
42.471216,42.958936,43.777289,43.776786,43.765608,43.765546,
41.544986,42.486489,43.855577,43.837749,43.822408,43.822345,
42.000903,42.890285,43.639665,43.645701,43.656085,43.656085,
42.074228,42.822248,43.423186,43.424694,43.424578,43.424578,
42.280478,42.799143,43.790453,43.792093,43.790453,43.790831,
42.915970,43.246021,43.830279,43.832762,43.835948,43.835821,
41.389267,43.146697,43.650737,43.644816,43.638721,43.638721,
41.236740,42.615155,43.708567,43.708381,43.697501,43.697624,
42.162645,42.926879,43.782087,43.781835,43.781395,43.781395,
41.633835,42.629290,43.596275,43.593321,43.469308,43.469308,
41.109339,42.744613,43.707669,43.710021,43.711756,43.711756,
42.118297,43.306340,43.780073,43.780435,43.782197,43.782323,
42.346436,42.898663,43.749067,43.748005,43.750129,43.750129,
41.437166,42.975231,43.709789,43.701068,43.705148,43.705272,
42.527430,43.351773,44.075440,44.075776,44.072006,44.072006,
42.435979,43.308739,43.947253,43.949739,43.947057,43.947057,
41.695434,43.176002,43.981953,43.978659,43.979844,43.979844,
41.485925,42.330137,43.693397,43.698211,43.704452,43.704267,
42.468738,42.640118,43.671539,43.668226,43.663813,43.663813,
42.126116,43.132498,43.659939,43.660980,43.661286,43.661041,
41.180618,42.721152,43.655336,43.654052,43.655642,43.655642,
41.497154,42.458259,43.570760,43.574180,43.581267,43.581267,
42.196030,42.891683,44.068289,44.069365,44.069769,44.069769,
40.841893,42.465575,43.519864,43.526700,43.518871,43.518871,
41.192229,42.315526,42.945636,42.930241,42.909593,42.909593,
42.464331,43.083593,43.847357,43.846590,43.846846,43.846846,
42.422976,42.708043,43.662128,43.665712,43.668778,43.668778,
42.111436,43.378826,43.923221,43.928167,43.931684,43.931749,
41.058788,43.012168,43.869285,43.867423,43.880669,43.880669,
41.766549,42.944221,43.701979,43.701176,43.705442,43.705194,
41.367422,42.825050,43.926214,43.925433,43.926800,43.925823,
42.852828,43.195443,43.709913,43.706323,43.707808,43.707808,
42.049318,43.299011,43.593667,43.592763,43.593245,43.593245,
42.357748,42.788150,43.151745,43.150220,43.152616,43.152616,
41.899517,42.876886,43.669269,43.663277,43.656849,43.656482,
42.362308,42.835518,43.517242,43.517183,43.525483,43.525483,
42.194774,43.154918,43.528362,43.533591,43.534602,43.534661,
42.152434,42.752888,43.826207,43.825698,43.820487,43.821185,
41.540691,42.543589,43.629305,43.612380,43.581372,43.581011,
40.774259,42.934512,43.708149,43.707576,43.708443,43.708381,
42.787236,43.174319,43.992679,43.992035,43.990713,43.992035,
41.719858,43.173935,43.896331,43.890970,43.895362,43.895362,
41.937957,43.065953,43.817756,43.816360,43.802043,43.802043,
41.911675,42.831735,43.767851,43.770252,43.770252,43.770252,
42.559238,42.978735,43.751723,43.751973,43.755225,43.759231,
41.740582,42.617177,43.610459,43.610095,43.602599,43.601995,
41.578638,42.835657,43.518767,43.520071,43.524044,43.524044,
42.164000,43.188820,43.875665,43.874443,43.871486,43.871486,
41.760724,42.811524,43.553390,43.553151,43.555301,43.555540,
40.778608,43.036849,43.487271,43.487344,43.493348,43.493348,
====  Warning! Error open PSNR file ====
47.952570,49.483132,50.471342,50.468772,50.457338,50.457412,
48.489756,49.760695,50.587740,50.589853,50.595290,50.595290,
48.274262,49.214929,50.332018,50.333725,50.347692,50.347692,
48.351728,49.509827,50.359198,50.384102,50.434560,50.434560,
48.024000,49.496254,50.619689,50.609291,50.606260,50.606184,
49.342994,49.650498,50.378635,50.375761,50.362921,50.362921,
45.897587,49.719367,50.237683,50.231563,50.211804,50.211804,
47.605401,48.631739,50.382663,50.383238,50.393902,50.393902,
47.517549,49.304317,50.313142,50.313992,50.311443,50.311443,
47.776465,49.345770,50.336501,50.340988,50.333868,50.334152,
48.676683,49.288293,50.426921,50.432449,50.448783,50.448783,
47.334110,48.892340,50.428375,50.434633,50.449952,50.449952,
48.052348,49.193482,50.251763,50.255814,50.281606,50.281325,
48.164305,49.548309,50.539806,50.540179,50.540478,50.540478,
48.680279,49.355415,49.976527,49.978624,49.975216,49.975216,
47.663985,48.747007,49.206963,49.212400,49.213994,49.213994,
48.436664,49.229911,50.122659,50.125845,50.126388,50.126388,
48.262500,49.135435,50.244159,50.244996,50.245275,50.245275,
49.080018,49.694119,50.071256,50.072127,50.075880,50.075880,
47.398668,48.662328,50.007830,50.008622,50.008358,50.008622,
48.124083,49.222028,50.365214,50.362850,50.361632,50.361632,
46.674342,48.796111,50.071323,50.071055,50.067842,50.067842,
48.422438,49.271771,50.112573,50.103185,50.073266,50.073266,
48.177449,49.419841,50.509993,50.514738,50.512958,50.512958,
48.573856,49.254146,50.565395,50.567197,50.568098,50.568098,
48.126393,49.199121,50.398449,50.397871,50.407412,50.407412,
48.033205,49.283542,50.140451,50.139975,50.141880,50.141812,
46.144154,48.626742,50.345765,50.349191,50.344838,50.344267,
46.958011,49.567648,50.291317,50.296887,50.308188,50.308188,
48.035426,49.209763,50.057282,50.060487,50.064497,50.064497,
47.423605,48.691963,50.232814,50.233092,50.234553,50.234483,
48.286056,49.217404,50.261757,50.267359,50.277460,50.277460,
48.334229,48.819592,50.064631,50.063026,50.062759,50.062759,
48.599980,49.551219,50.195027,50.201992,50.202820,50.202820,
48.457260,49.724496,50.288993,50.281606,50.292727,50.292727,
48.570157,49.639448,50.437401,50.435871,50.434706,50.434706,
46.941886,48.441585,50.166660,50.164333,50.153263,50.158726,
47.090895,48.869834,50.497194,50.497490,50.505772,50.505772,
48.373781,49.288125,50.347264,50.342414,50.341273,50.341273,
47.050722,49.056256,50.413567,50.411901,50.406399,50.406399,
48.512289,49.476761,50.478912,50.403868,50.254905,50.253578,
47.721771,49.303419,50.563369,50.565245,50.565020,50.565020,
47.911035,48.912295,50.300133,50.295053,50.288289,50.288289,
48.077581,49.440875,50.280762,50.280060,50.280060,50.280130,
46.961773,48.897499,50.085746,50.067574,50.038497,50.038430,
48.352044,49.693198,50.826589,50.828103,50.831293,50.831293,
48.172472,49.271660,50.447906,50.449659,50.449586,50.449586,
49.293553,49.692461,50.390657,50.390585,50.397799,50.397799,
47.323390,48.451721,50.186284,50.187384,50.184359,50.184359,
47.229367,48.830097,50.170564,50.175226,50.184840,50.184840,
48.104920,49.358937,50.450609,50.455363,50.471783,50.471709,
46.247399,49.222083,50.429684,50.430848,50.430557,50.430557,
48.464147,49.307967,50.197370,50.195716,50.197094,50.197094,
47.540973,49.372544,50.418280,50.417120,50.418861,50.418861,
47.907290,48.603179,50.295124,50.293925,50.295688,50.295688,
47.549583,49.152800,49.986892,49.978755,49.974627,49.974889,
47.827580,49.802105,50.420820,50.421618,50.421618,50.421618,
48.488314,49.235046,50.203994,50.204408,50.204408,50.203027,
47.716004,49.077727,50.086553,50.158795,50.219697,50.218588,
45.734313,47.653571,50.370664,50.369372,50.366074,50.366074,
47.035914,49.050905,50.111694,50.117782,50.114534,50.114534,
48.604994,49.557759,50.447760,50.445861,50.444037,50.443745,
48.730499,49.572362,50.471709,50.469947,50.472003,50.472003,
45.929778,48.417035,50.288782,50.290190,50.293573,50.293643,
48.963990,49.421456,50.539508,50.540552,50.539657,50.539359,
44.870722,48.853056,50.274371,50.275494,50.276337,50.276337,
48.589016,49.580789,50.414872,50.413567,50.412118,50.412191,
47.572804,49.604422,50.503108,50.500224,50.500224,50.500224,
48.524796,49.695715,50.714251,50.712620,50.711999,50.711999,
48.451306,49.367529,50.379354,50.379642,50.375905,50.376048,
48.057442,49.361439,50.469800,50.468919,50.465104,50.465104,
47.912053,49.625041,50.788503,50.788108,50.791585,50.791585,
48.723373,49.824256,50.680985,50.684685,50.686306,50.686306,
48.621366,49.473900,50.471415,50.471195,50.467965,50.468259,
45.881019,48.774594,50.725370,50.724047,50.720390,50.720468,
48.275325,49.311901,50.573282,50.573432,50.573658,50.573733,
47.180904,48.951863,50.506364,50.513477,50.508067,50.508067,
48.104579,48.870951,50.307057,50.311089,50.319449,50.319449,
47.829818,48.555441,50.392243,50.392459,50.399099,50.399099,
45.841137,48.856598,50.543612,50.536749,50.531384,50.531086,
48.841082,49.736818,50.487749,50.485317,50.488265,50.488265,
48.105133,49.099197,50.338495,50.341131,50.341772,50.341843,
46.085873,48.151200,50.157975,50.159820,50.164744,50.164744,
48.448586,49.436359,50.422853,50.422127,50.425831,50.425831,
47.890477,49.139594,50.153809,50.080374,50.157565,50.156472,
48.907272,49.456833,50.083529,50.083194,50.082388,50.082388,
48.017192,48.641702,50.081649,50.081179,50.077690,50.077690,
48.260866,49.401607,50.402133,50.382303,50.401338,50.401338,
47.350223,49.033572,50.122049,50.122998,50.118324,50.118324,
48.610205,49.280638,49.944276,49.944862,49.949548,49.949483,
47.453485,48.020156,49.720849,49.719861,49.731736,49.735702,
46.561645,49.457996,49.884846,49.889275,49.889275,49.889275,
47.836338,49.295793,50.501407,50.507031,50.522756,50.522756,
47.593499,49.589232,50.458803,50.464298,50.463198,50.463125,
47.838981,48.994145,50.005059,50.004136,50.005455,50.005455,
48.365408,49.714675,50.544434,50.543015,50.537792,50.537867,
47.090457,48.534799,50.409801,50.406110,50.406399,50.406399,
47.388546,48.788378,50.516147,50.519265,50.519190,50.520081,
49.160558,49.747248,50.518448,50.516667,50.510883,50.510957,
48.569304,49.785268,50.682218,50.683143,50.686228,50.686228,
49.151228,49.622202,50.448271,50.448344,50.453388,50.453388,
48.547182,48.970535,50.365787,50.364641,50.372027,50.372027,
47.273908,49.254368,50.654401,50.657773,50.661454,50.661454,
48.231216,49.507532,50.464078,50.468772,50.463785,50.463785,
48.305324,47.817484,50.448783,50.445934,50.445934,50.445934,
48.120876,49.253647,50.363709,50.364856,50.362277,50.362277,
47.252122,49.251207,50.781478,50.780531,50.778639,50.778639,
46.582080,49.330722,50.514219,50.516741,50.512884,50.512884,
47.552207,49.292322,50.376264,50.375546,50.381296,50.381296,
45.654885,48.604564,50.253089,50.257002,50.268200,50.268200,
45.993996,49.154535,50.420384,50.418063,50.416032,50.416032,
48.331446,49.342258,50.694260,50.692483,50.687463,50.687463,
48.040248,49.428439,50.584423,50.590457,50.604972,50.604972,
47.786426,49.334677,50.361489,50.359055,50.355550,50.355550,
47.367832,48.552135,50.423579,50.425613,50.422998,50.423289,
48.395491,48.847797,50.431358,50.432959,50.432085,50.432085,
48.978286,49.727279,50.447030,50.452583,50.463418,50.462246,
46.606771,49.532899,50.314559,50.311160,50.295265,50.295265,
47.703834,49.006811,50.616726,50.613994,50.614904,50.614525,
47.373190,49.295793,50.267149,50.263647,50.263647,50.263647,
48.159688,49.133491,50.372027,50.372314,50.373176,50.373176,
48.581263,49.767371,50.672900,50.672823,50.672208,50.672208,
48.388075,49.385792,50.495865,50.494240,50.502738,50.502147,
46.936709,49.184955,50.466058,50.469800,50.471929,50.471929,
47.912828,49.038954,50.650114,50.644302,50.655014,50.656240,
48.563952,49.125189,50.298227,50.299851,50.307198,50.307552,
48.502058,49.551813,50.482445,50.489371,50.505624,50.505624,
48.467756,49.314038,50.358626,50.355193,50.328961,50.330098,
47.894532,49.531302,50.462099,50.464738,50.467378,50.467378,
48.482039,49.783700,50.582011,50.581258,50.580656,50.580656,
47.691620,48.815879,50.385326,50.383238,50.380073,50.380073,
48.347943,49.333434,49.925455,49.925002,49.925261,49.925261,
46.782028,49.224728,50.077690,50.073132,50.075276,50.075276,
48.469145,49.273610,50.461733,50.463345,50.461952,50.461952,
48.244388,48.953674,50.061088,50.064832,50.073132,50.073132,
47.405406,48.830953,49.899499,49.899756,49.900529,49.900529,
48.613077,49.387623,50.205582,50.204754,50.202820,50.202820,
47.725984,49.279857,50.157906,50.163786,50.162828,50.162828,
47.634537,48.555394,49.770932,49.770995,49.772245,49.772245,
48.260204,49.325699,50.430921,50.432376,50.432668,50.432668,
47.851296,49.068254,50.064364,50.066972,50.064899,50.064832,
46.890615,49.470633,50.486864,50.481193,50.480237,50.480237,
45.339625,48.530945,50.241373,50.242278,50.242557,50.242557,
47.964304,49.469875,50.543762,50.547796,50.548020,50.547572,
49.028301,49.500950,50.648584,50.643003,50.643996,50.643996,
48.483944,48.545626,50.344553,50.344838,50.347407,50.347407,
48.123527,49.589651,50.426703,50.431358,50.448856,50.448271,
48.197109,49.699648,50.374612,50.372530,50.369301,50.369014,
47.563320,49.522085,50.595970,50.594761,50.595063,50.595214,
47.248345,49.549556,50.296464,50.296393,50.303523,50.303452,
48.285124,49.319161,50.404013,50.404085,50.408715,50.408715,
47.985631,49.726722,50.239632,50.250366,50.244508,50.244787,
47.908592,49.288908,50.759214,50.751688,50.753255,50.753255,
48.456844,49.597991,50.791506,50.792929,50.797914,50.797993,
47.094876,48.373962,50.103522,50.110275,50.100555,50.109194,
44.926489,49.063950,50.737299,50.736752,50.742689,50.742689,
47.886830,49.090692,50.619689,50.617182,50.614069,50.614145,
49.164850,49.925002,50.875234,50.859708,50.814015,50.814015,
48.297882,49.230408,50.253508,50.250785,50.249669,50.249669,
46.404644,49.410053,50.598162,50.600204,50.604745,50.604745,
48.407345,49.011373,50.254696,50.253019,50.258050,50.258330,
47.813540,49.105627,50.284911,50.282168,50.285122,50.285122,
48.343442,49.725238,50.480016,50.481414,50.482960,50.482960,
47.638360,49.523620,50.437110,50.437984,50.415887,50.415887,
47.955244,49.157030,50.293432,50.294277,50.300204,50.300204,
48.404014,49.392776,50.083328,50.082858,50.079636,50.079636,
47.994506,49.326207,50.563595,50.567947,50.565245,50.565470,
48.250461,49.046671,50.333939,50.333014,50.332374,50.331876,
48.968456,49.379734,50.398232,50.397005,50.406255,50.406255,
47.548234,49.539234,50.560145,50.559846,50.559246,50.558946,
48.767594,49.600935,50.734177,50.729576,50.737299,50.737299,
47.538916,48.905684,50.760862,50.761019,50.764789,50.764475,
48.371924,49.596610,50.514441,50.520081,50.536152,50.536152,
48.330549,49.504298,50.796093,50.798547,50.805521,50.805441,
48.330325,49.060658,50.213049,50.215056,50.213672,50.213810,
46.978662,48.674546,50.237335,50.229201,50.239214,50.238936,
48.800407,49.411433,50.598313,50.607396,50.601263,50.602474,
48.705194,49.463058,50.485538,50.495569,50.510957,50.510957,
48.917478,49.380305,50.994108,50.992949,51.003229,51.003229,
48.290943,49.333942,50.170427,50.163033,50.149647,50.149647,
47.216818,49.156976,50.603912,50.601717,50.595063,50.595063,
47.517958,49.158441,50.443891,50.444183,50.443599,50.443599,
48.110374,49.269487,50.376120,50.373822,50.386982,50.386982,
48.529724,49.531538,50.409801,50.408715,50.408425,50.408353,
47.838420,49.333660,50.235039,50.233440,50.241512,50.241582,
48.985687,49.684305,50.552731,50.553405,50.557897,50.558197,
47.888167,49.331852,50.556699,50.562020,50.566221,50.566221,
48.426151,49.487228,50.700217,50.696967,50.708430,50.708430,
47.314151,49.859832,50.943956,50.947069,50.944529,50.944529,
48.414199,50.043884,51.309607,51.312280,51.325133,51.326206,
48.020532,50.238588,51.308895,51.293959,51.297511,51.298221,
49.165122,49.984003,51.017862,51.018112,51.024279,51.022445,
47.944683,49.639994,51.072926,51.093555,51.143589,51.143246,
46.958894,50.132225,51.033547,51.042919,51.048954,51.048954,
48.733500,50.039095,51.072083,51.059368,51.015614,51.014615,
48.110587,49.199012,50.938883,50.942073,50.952972,50.951577,
48.440205,49.729321,50.927530,50.926877,50.930141,50.930141,
47.582270,49.367016,50.561945,50.567497,50.591740,50.593552,
49.304654,49.896989,50.709050,50.709516,50.709749,50.709749,
48.698207,49.257865,50.706181,50.700914,50.694724,50.694415,
47.430855,49.567291,50.673670,50.661070,50.627827,50.627523,
49.168820,49.748367,50.939619,50.933815,50.919137,50.919137,
47.852179,49.508591,50.849521,50.851605,50.855614,50.855614,
48.519779,50.068310,50.971143,50.978812,51.000988,51.000988,
48.309741,49.554191,50.846878,50.845277,50.850803,50.850803,
49.373627,49.500950,50.967354,50.968424,50.975264,50.975594,
48.948138,49.504005,50.562769,50.558721,50.562919,50.562919,
48.429087,48.957663,50.664677,50.664984,50.679752,50.679752,
48.818639,49.574871,50.692637,50.688621,50.689548,50.689548,
46.505180,49.141323,50.191169,50.203649,50.216372,50.216926,
47.196284,48.789276,50.401555,50.392315,50.367794,50.368081,
48.981568,49.729816,50.226632,50.227188,50.230243,50.230243,
48.178358,49.702170,50.299921,50.305007,50.306138,50.306138,
47.962161,49.297811,50.045415,50.046147,50.046480,50.046480,
48.733549,49.352746,49.800406,49.798959,49.802042,49.802042,
48.765461,49.297474,50.024229,50.025024,50.026748,50.026748,
48.062458,49.099893,50.002619,50.002817,50.001762,50.001499,
46.374406,49.198957,49.602979,49.603941,49.607070,49.607070,
48.416578,49.062675,50.057348,50.057682,50.062492,50.062492,
48.172861,48.597308,49.843024,49.843342,49.844740,49.844740,
47.310248,48.834679,49.373057,49.371004,49.367529,49.367586,
48.943641,49.135003,49.500832,49.500656,49.502301,49.502301,
47.127634,49.276342,49.466669,49.466261,49.466028,49.466028,
48.348754,48.696255,49.104662,49.106109,49.108040,49.108040,
47.465156,48.560120,49.819134,49.836294,49.862001,49.861874,
46.071478,47.994797,47.694951,47.694448,47.694176,47.694176,
48.941782,49.242565,50.041090,50.040624,50.038497,50.038430,
47.019266,48.733894,49.719861,49.719799,49.719675,49.719675,
48.382080,48.885555,49.847156,49.846584,49.842135,49.842135,
48.769628,49.627641,50.083127,50.085074,50.085612,50.085612,
47.751190,48.312018,49.624920,49.624377,49.624377,49.624377,
48.485013,48.938272,49.525687,49.526396,49.527754,49.527991,
48.540303,48.884842,49.489805,49.489336,49.486994,49.486994,
48.222369,48.787681,49.596550,49.592709,49.592709,49.592709,
48.596640,49.370776,50.041489,50.041755,50.040425,50.040425,
48.550767,48.870850,49.498307,49.498366,49.498366,49.498366,
48.791719,49.142567,49.583482,49.583542,49.581626,49.581387,
48.398178,48.844565,49.032834,49.032623,49.032623,49.032623,
48.510933,48.869580,49.483074,49.483308,49.483308,49.483308,
47.164583,48.309027,48.764866,48.764519,48.763726,48.763726,
48.458738,48.951035,49.754215,49.755087,49.755336,49.755336,
47.951542,48.706270,49.525628,49.525509,49.525923,49.525923,
48.360030,48.736011,49.339881,49.343051,49.341918,49.341918,
47.185450,48.188852,49.100964,49.100750,49.100964,49.100964,
48.099005,48.469099,49.531065,49.531065,49.530592,49.530592,
47.971402,48.789176,49.382019,49.381962,49.378306,49.378364,
47.907982,48.058622,49.419495,49.419495,49.419957,49.419957,
48.209132,48.878832,49.544036,49.543561,49.544273,49.544273,
48.248964,48.257866,49.100857,49.100268,49.099732,49.099732,
48.134189,48.843303,49.380762,49.381676,49.380876,49.380876,
47.694990,48.250461,49.472500,49.472733,49.476703,49.476703,
47.256744,47.713902,48.838409,48.787481,48.733795,48.733795,
48.356193,48.727696,49.700632,49.707525,49.707771,49.707771,
46.429590,49.261199,49.557343,49.556332,49.555737,49.555677,
49.142459,49.094113,49.583422,49.583422,49.580550,49.580550,
49.101821,48.467756,49.449340,49.449340,49.446555,49.446555,
47.826941,48.242718,49.054083,49.054401,49.050799,49.050799,
48.185641,48.627126,49.687983,49.688167,49.690313,49.690313,
47.399610,48.301134,48.944778,48.944726,48.940595,48.940801,
48.231347,49.097056,49.433524,49.433524,49.434739,49.434681,
46.590245,47.424151,49.238030,49.238030,49.238914,49.238914,
48.170699,48.108669,49.635206,49.635509,49.635751,49.635751,
48.738080,49.059385,49.271047,49.271103,49.270100,49.270156,
46.585890,49.356948,49.865960,49.865705,49.868964,49.868964,
48.477629,49.233886,49.627883,49.627883,49.627883,49.627883,
46.551359,47.403304,49.248213,49.247770,49.247770,49.247770,
48.444854,48.824013,49.855497,49.855305,49.854477,49.854477,
48.884383,49.289635,49.688964,49.689209,49.689455,49.689455,
47.823547,49.214159,49.507121,49.508297,49.510180,49.510180,
45.902919,46.398028,50.067976,50.068110,50.068043,50.068043,
47.972558,48.701089,49.790161,49.789910,49.789847,49.789722,
48.239466,48.962693,49.620572,49.619545,49.620028,49.620028,
48.005730,48.745378,49.456891,49.457298,49.457647,49.457647,
48.098367,48.277185,48.899646,48.902920,48.906197,48.906197,
48.522873,48.958803,49.650558,49.635266,49.604843,49.604362,
48.757634,48.930437,49.287510,49.288908,49.288908,49.288908,
48.218302,49.169691,49.941285,49.941480,49.941285,49.941285,
47.038079,48.853005,49.499775,49.500480,49.500950,49.500950,
49.011898,49.303531,49.768995,49.768995,49.769057,49.768995,
48.350601,48.568973,49.025510,49.025826,49.026037,49.026037,
48.807961,49.082524,49.323894,49.323782,49.322598,49.322598,
48.449784,48.568120,49.086206,49.088929,49.100911,49.100911,
44.690933,47.668874,49.728517,49.728269,49.722085,49.722085,
46.497644,49.011321,49.185883,49.185555,49.185173,49.185173,
48.318768,48.962745,49.711037,49.711160,49.711099,49.711099,
48.121688,48.834377,49.367928,49.367984,49.368155,49.368155,
48.484780,49.191020,49.760695,49.761942,49.761942,49.761942,
47.817484,49.296074,49.665599,49.665599,49.666575,49.666575,
48.565420,48.006646,49.232505,49.232726,49.232892,49.232947,
47.438264,47.833337,49.587853,49.586895,49.588093,49.588093,
46.720229,48.995661,49.171378,49.168331,49.162622,49.162677,
48.682224,48.439423,49.226381,49.227649,49.228753,49.228753,
48.561397,48.677363,48.895864,48.895813,48.895813,48.895761,
47.593007,48.262986,49.169201,49.170017,49.170235,49.170235,
48.338316,48.910501,49.375110,49.375053,49.373684,49.373684,
47.751819,48.736405,49.794809,49.794872,49.797135,49.797135,
48.374868,48.959322,49.007282,49.006601,48.996288,48.996340,
48.618681,48.734140,49.163981,49.162948,49.163220,49.163220,
46.839720,48.831003,49.460148,49.460264,49.460264,49.460264,
48.301312,48.480924,49.209434,49.209434,49.209049,49.209049,
====  Warning! Error open PSNR file ====
