15.602913,23.238747,29.703850,30.896607,32.423912,32.481541,
15.488835,23.116478,29.933645,31.148011,32.428661,32.495857,
15.564654,23.134032,29.842621,30.836149,32.229292,32.339596,
15.627854,23.297230,29.992107,31.036763,31.894940,31.864191,
15.485787,23.166643,30.009141,31.081246,32.073622,32.146446,
15.548977,23.207149,29.989403,31.118227,31.951795,32.001383,
15.409684,22.868130,29.882611,30.936855,32.067157,32.100121,
15.487150,23.022511,29.837392,30.866651,31.987502,31.990748,
15.557817,23.154564,29.918019,30.985470,32.174223,32.250662,
15.549105,23.138772,29.983567,31.005201,32.207523,32.270166,
15.603495,23.130707,29.742190,30.534121,31.808442,31.849543,
15.559553,22.999278,29.864343,31.034644,32.217035,32.268885,
15.492176,23.101693,30.392726,31.352898,32.215272,32.277405,
15.587044,23.337968,30.268812,31.177509,32.255337,32.287205,
15.539633,23.126192,29.818539,30.785409,31.825960,31.901292,
15.522524,22.975064,29.709952,30.592664,31.721877,31.736766,
15.558709,22.971369,29.829837,30.718705,31.832250,31.939628,
15.393274,22.669412,29.590188,30.483973,31.660926,31.715535,
15.523359,22.830882,29.191996,30.253360,31.062228,31.094183,
15.461317,22.609264,29.218885,30.348768,31.262104,31.320158,
15.481862,22.665445,29.017233,30.097993,31.202794,31.150089,
15.483243,22.758358,29.225010,30.186648,31.239204,31.333179,
15.593253,22.850143,29.348597,30.127819,31.198751,31.259845,
15.507745,22.819507,29.241687,30.092111,31.119982,31.121875,
15.515417,22.688111,29.372275,30.219282,31.286206,31.320452,
15.459946,22.567864,28.529552,29.484833,30.394056,30.469945,
15.479379,22.542959,28.593758,29.708470,30.854778,30.847546,
15.519122,22.718527,28.943043,29.779722,30.502144,30.592969,
15.671175,22.593859,29.022637,30.081348,31.299656,31.293660,
15.506316,22.697214,28.878780,29.962462,30.889858,30.903626,
15.609972,22.729800,29.017080,29.926838,30.790951,30.848507,
15.486466,22.664023,29.074500,29.984750,30.937458,31.047969,
15.441493,22.469851,28.530534,29.798896,31.003152,31.099071,
15.586604,22.693672,28.835634,29.742478,30.966896,31.031307,
15.508523,22.571767,28.950642,29.928034,30.865035,30.894031,
15.610076,22.831038,29.398792,30.359751,31.307565,31.392439,
15.574386,22.740613,29.030187,30.071925,30.913415,30.954714,
15.568189,22.915211,29.733222,30.600488,31.502059,31.549442,
15.450653,22.722227,29.121594,30.045753,31.309239,31.329275,
15.580290,22.876507,29.299006,30.621708,31.824495,31.822201,
15.533405,22.824679,29.444404,30.519632,31.740206,31.767516,
15.537327,22.780358,29.960515,30.469159,31.496126,31.579975,
15.457410,22.745182,29.261417,30.378069,31.412932,31.474887,
15.565298,22.827344,29.406408,30.406405,31.629706,31.661695,
15.587958,22.925719,29.341520,30.450378,31.648763,31.621698,
15.480074,22.537792,28.899609,29.911790,30.895247,30.955808,
15.567789,22.803178,29.067133,30.181646,31.432190,31.421140,
15.551325,22.997198,30.153601,30.874350,31.982548,32.021875,
15.677113,23.030627,29.623808,30.484230,31.601795,31.601314,
15.558645,22.862886,29.374015,30.403049,31.760697,31.772353,
15.455583,22.739989,29.447070,30.463750,31.592376,31.627355,
15.550019,22.891462,29.096852,29.876730,30.886202,30.915444,
15.461474,22.678135,29.205032,30.044146,31.076373,31.103687,
15.622231,22.734921,29.118882,30.125687,31.120424,31.155101,
15.533176,22.626015,28.800095,29.656819,30.785543,30.826177,
15.694261,22.696472,29.067719,30.039572,30.927962,30.950064,
15.590918,22.860034,29.115442,29.993674,30.946092,31.054665,
15.608638,22.857751,29.070248,30.026067,31.076204,31.094204,
15.616908,22.722549,28.653792,29.869724,31.089200,31.162075,
15.494815,22.631718,29.109830,29.939418,30.968282,31.017981,
15.583548,22.785414,29.065426,30.028789,30.963657,30.979356,
15.566225,22.861180,29.260166,30.157498,31.420069,31.403538,
15.581304,22.739458,29.381563,30.167989,31.139816,31.232776,
15.527776,22.866226,29.294726,30.327287,31.219700,31.267253,
15.566010,22.816237,29.747854,30.737923,31.835032,31.913990,
15.602561,22.881002,29.156215,30.394008,31.565716,31.670474,
15.628201,22.852271,29.394198,30.298942,31.030121,31.115021,
15.550731,22.861779,29.747977,30.661846,31.478318,31.520286,
15.499332,22.875534,29.886975,30.736207,31.633207,31.709076,
15.491724,22.822340,29.150180,30.337887,31.816690,31.871039,
15.574963,22.830583,29.618166,30.393413,31.500116,31.581079,
15.679699,23.078484,29.473785,30.491870,31.491387,31.583749,
15.368713,22.991191,29.302345,30.760710,32.077267,32.151385,
15.564603,23.175174,29.892363,31.089342,32.381465,32.419843,
15.551165,23.052930,30.031588,31.019127,32.386789,32.432591,
15.542937,23.140763,30.064798,31.169150,32.356474,32.344918,
15.540984,23.212516,29.925240,31.184592,32.198028,32.214672,
15.493037,22.970051,30.164492,31.258199,32.426276,32.527374,
15.503196,22.816804,29.776162,30.837325,31.971831,32.050406,
15.534065,22.825459,29.614717,30.580977,31.917352,31.997188,
15.588096,22.820015,29.394914,30.257374,31.272186,31.271282,
15.634973,22.870818,29.620208,30.456020,31.502082,31.538088,
15.528405,22.780384,29.350973,30.303490,31.227579,31.281773,
15.577574,22.820357,29.582884,30.431999,31.529475,31.583508,
15.584667,22.840242,29.372302,30.222183,31.310535,31.367294,
15.506927,22.654100,29.142619,30.043486,31.079431,31.133476,
15.608390,22.776107,29.485407,30.399377,31.308906,31.318235,
15.648395,22.773073,29.194093,29.900908,30.858847,30.883666,
15.538462,22.853659,29.240108,30.371618,31.500326,31.526157,
15.627282,23.045296,29.487112,30.325960,31.378257,31.477656,
15.609895,22.901903,29.153440,30.154145,31.252436,31.304833,
15.546430,22.911322,29.409436,30.286413,31.386317,31.418357,
15.637015,23.130898,29.919255,30.899506,32.034098,32.077032,
15.450683,23.007390,29.890918,30.850795,32.087142,32.096711,
15.533675,22.914595,29.769627,30.918210,32.049507,32.056986,
15.747919,23.049999,29.795035,30.649193,31.716943,31.756836,
15.574027,22.814205,29.396332,30.519030,31.515862,31.594059,
15.589881,22.944968,29.316653,30.470998,31.473044,31.489698,
15.508845,22.606063,29.195072,30.300541,31.282184,31.371492,
15.655618,22.945151,29.423749,30.332060,31.649352,31.716223,
15.450418,22.631104,29.360882,30.123173,31.131076,31.214370,
15.504952,22.740688,29.342763,30.404675,31.384317,31.485849,
15.567092,22.908094,29.530742,30.630473,31.745054,31.739119,
15.522252,22.792188,29.260986,30.161486,31.475394,31.483248,
15.469904,22.748783,29.514935,30.476357,31.621901,31.676254,
15.532342,22.948088,29.434353,30.523385,31.530252,31.605330,
15.477081,22.722863,29.480553,30.425952,31.518944,31.567451,
15.608118,23.018280,29.443323,30.289575,31.640427,31.639354,
15.536050,23.034854,29.887514,30.751241,31.892197,31.932881,
15.541761,23.122089,29.880428,30.599562,31.777571,31.842766,
15.500391,22.897286,29.667736,30.805418,31.783093,31.773917,
15.552960,22.793090,29.632669,30.608660,31.681180,31.703889,
15.514912,22.796016,29.483201,30.454227,31.623368,31.679536,
15.502650,22.768562,29.540132,30.580128,31.750705,31.891793,
15.531067,22.952775,29.764460,30.726262,31.731574,31.809668,
15.559039,22.995741,30.057979,30.883276,31.779549,31.832142,
15.427855,22.805135,29.618373,30.414708,31.336549,31.381535,
15.473697,22.810203,29.411003,30.466787,31.925316,31.994478,
15.516198,22.918806,29.565491,30.858085,31.914882,31.920996,
15.526715,22.969518,29.947103,30.804434,31.986118,31.990717,
15.625723,22.932215,29.429617,30.492855,31.811156,31.916856,
15.539011,22.957204,29.629514,30.646190,31.771642,31.835762,
15.552034,22.902774,29.726967,30.745112,31.533855,31.557143,
15.587198,23.021666,29.899228,30.906350,31.940480,31.936683,
15.532297,22.775314,29.579246,30.328862,31.375049,31.498171,
15.644691,22.990185,29.902727,30.680532,31.783045,31.838593,
15.663787,23.030354,29.889153,30.730389,31.951345,32.020712,
15.425172,22.474680,29.293968,30.519999,31.840167,31.823163,
15.583664,22.898285,29.564300,30.520063,31.837312,31.873793,
15.548984,22.814869,29.321519,30.349894,31.429489,31.495801,
15.604709,22.820759,29.421230,30.339842,31.471265,31.524545,
15.491904,22.728344,29.131512,30.264638,31.242101,31.276827,
15.543217,22.756261,29.459304,30.307041,31.190830,31.244217,
15.569963,22.842861,29.363024,30.045995,30.952265,31.020376,
15.567273,22.656322,29.271898,30.004948,30.703338,30.766410,
15.484396,22.489735,29.349218,30.024182,30.915134,30.998581,
15.650174,22.704303,29.256050,30.122885,30.854080,30.849405,
15.600225,22.731888,29.170528,30.102585,31.021946,31.073819,
15.604247,22.822930,29.406541,30.364873,31.318156,31.342850,
15.622910,22.846139,28.977469,29.922096,30.801911,30.888768,
15.481590,22.709212,28.949418,29.960818,30.982257,30.995970,
15.546702,22.705909,28.796985,29.830231,30.792780,30.796964,
15.621058,22.933209,29.109404,30.186207,31.483713,31.492392,
15.489372,22.800954,29.283426,30.347966,31.353909,31.440469,
15.569214,23.137598,29.967404,30.963577,31.854708,31.898336,
15.526504,22.983481,29.878829,31.116551,32.059872,32.116742,
15.543141,23.437320,30.265861,31.334104,32.251012,32.341740,
15.543159,23.355292,30.533733,31.291731,32.610098,32.683633,
15.624816,23.527798,30.203790,31.193343,32.160721,32.231732,
15.582397,23.240232,30.198522,31.200386,32.452665,32.488024,
15.541408,23.365660,30.551225,31.574750,32.852168,32.989370,
15.557771,23.623471,31.122888,32.079202,33.042162,33.055130,
15.548598,23.482279,30.793068,32.073183,33.287323,33.265112,
15.483089,23.276709,30.288262,31.836192,33.257177,33.234130,
15.522954,23.111621,30.556289,31.622794,32.889204,32.880391,
15.609739,23.271733,30.642254,31.495560,33.130929,33.164794,
15.548892,23.095024,30.084180,31.203894,32.159582,32.191608,
15.480298,22.810871,29.623560,30.828951,32.207040,32.240284,
15.559934,22.937277,29.233055,30.190970,31.624972,31.566650,
15.679011,23.123377,29.772195,30.623925,31.555471,31.538530,
15.511539,22.867271,29.420415,30.348325,31.578614,31.630384,
15.676346,22.824248,29.086515,30.286045,31.658563,31.674433,
15.504040,22.742971,29.597015,30.518699,31.606959,31.639641,
15.493169,22.754847,29.378918,30.427083,31.496624,31.535075,
15.632925,23.132896,29.404671,30.523601,31.779553,31.807543,
15.520370,22.659595,29.366878,30.422029,31.753490,31.727597,
15.659272,23.123034,30.232389,31.086909,32.067379,32.103966,
15.590304,23.115339,29.997815,30.995893,31.823692,31.885823,
15.558858,22.772788,29.531706,30.654557,31.915476,31.987220,
15.588254,22.991446,29.842551,30.997475,32.058449,32.066966,
15.478445,22.839296,29.878738,30.954135,31.996909,32.069699,
15.668055,23.329854,30.399556,31.576636,32.307402,32.367821,
15.614064,23.204793,29.993910,31.021825,32.165904,32.267206,
15.587067,23.118478,30.046176,31.182287,32.512163,32.605393,
15.561765,23.241411,30.103960,31.155360,32.534765,32.554201,
15.627407,23.223334,30.117183,30.996171,31.934336,31.988108,
15.590708,23.164859,29.865693,30.772010,31.918428,31.931688,
15.573065,23.306148,30.174123,31.247700,31.973555,32.031237,
15.624656,23.315600,30.525206,31.395051,32.421578,32.437425,
15.577437,23.470805,30.295604,31.280530,32.485642,32.508571,
15.645603,23.672747,31.040314,31.947702,32.913641,33.009605,
15.549332,24.086038,31.439510,32.462444,33.551758,33.608978,
15.561262,24.263354,31.320120,32.511545,33.902115,33.953868,
15.592828,24.431278,31.793546,32.979027,34.169181,34.220754,
15.607144,24.657779,32.145077,33.216905,34.456582,34.495902,
15.471990,24.623941,32.485573,33.796443,34.678255,34.680616,
15.512841,24.927162,32.382466,33.750677,34.998749,35.045293,
15.472661,24.958384,32.751109,34.132088,35.270518,35.297912,
15.381546,24.872389,33.285476,34.646804,35.738386,35.730895,
15.447650,25.015483,33.320752,34.444501,36.064135,36.100692,
15.408907,25.059630,33.184067,34.283388,35.496399,35.541779,
15.479171,24.888247,33.027878,34.239487,35.196882,35.193936,
15.457672,24.969418,33.048063,34.038082,35.211268,35.259735,
15.453393,24.839934,33.155304,34.161946,35.176059,35.210667,
15.413099,24.732506,32.389642,33.560536,34.740019,34.778755,
15.465207,24.406934,32.289580,33.408204,34.185079,34.257970,
15.389407,24.145884,31.386771,32.557164,33.755776,33.784090,
15.366657,24.412480,31.636710,32.679879,33.772089,33.839057,
15.459910,24.417311,31.835726,32.770211,33.867051,33.866473,
15.552830,24.729469,32.176885,33.110242,34.203593,34.221905,
15.379982,24.602199,32.924461,33.866348,34.802623,34.836278,
15.519593,24.892986,32.135291,33.324942,34.326591,34.388526,
15.375744,24.394868,32.195384,33.127265,34.148628,34.168498,
15.482897,24.310791,31.383232,32.591857,33.771398,33.894360,
15.498930,24.295834,31.614208,32.525688,33.744599,33.776566,
15.479964,24.070229,30.820449,32.243328,33.183566,33.208413,
15.536189,24.158117,31.082778,32.151482,33.323434,33.363577,
15.517387,23.754028,30.749526,31.889210,32.988890,33.027838,
15.553438,23.791573,31.189649,31.932529,32.721640,32.712708,
15.456680,23.528737,30.359847,31.127861,32.258619,32.386671,
15.454541,23.084318,29.981940,30.750751,31.773998,31.847245,
15.503036,23.333960,29.603921,30.606568,31.660789,31.717490,
15.461971,23.243436,29.927151,30.674738,31.226176,31.200008,
15.560455,23.441874,29.934605,30.786745,31.690839,31.716395,
15.514395,23.214952,30.116236,31.037651,31.958675,32.061498,
15.557479,23.233487,29.693199,30.620374,31.670991,31.734685,
15.565562,22.889066,29.336026,30.215001,31.229816,31.287447,
15.529944,22.734458,28.785322,29.478899,30.289680,30.262720,
15.740290,22.601155,28.424792,29.283701,30.132348,30.175663,
15.625277,22.232476,27.766631,28.392280,29.189823,29.237794,
15.651833,22.070732,27.245115,27.928514,28.628111,28.631818,
15.585049,21.804788,27.220003,28.001312,28.500347,28.528578,
15.664071,21.907629,27.222308,28.006052,28.897489,28.927808,
15.584916,21.910273,27.218854,27.876294,28.578148,28.612735,
15.631875,22.227083,27.781323,28.457384,29.385058,29.425300,
15.719144,22.507268,28.279371,29.200634,29.893817,29.943008,
15.622734,22.391430,28.044331,28.798654,29.502967,29.532550,
15.685309,22.383331,27.917569,28.712006,29.648885,29.687214,
15.638797,22.070299,27.669336,28.423903,29.242860,29.288801,
15.605770,21.715405,26.689236,27.396318,28.191287,28.241277,
15.659436,21.454297,26.344645,27.072211,27.650884,27.726719,
15.587678,21.087036,25.963298,26.597628,27.294137,27.306026,
15.532107,21.006981,25.779951,26.592764,27.460612,27.438687,
15.798423,21.261155,26.010154,26.622128,27.288019,27.305025,
15.615125,21.175515,26.025973,26.651459,27.429010,27.484708,
15.661231,21.422370,26.449060,27.016111,27.630845,27.679893,
15.776877,21.441252,26.247706,26.795277,27.511127,27.563454,
15.747489,21.335129,26.384900,26.902504,27.566283,27.615385,
15.551270,21.028531,25.861022,26.557269,27.289919,27.294378,
15.755108,21.365353,25.882920,26.617311,27.262424,27.333355,
15.519461,21.133354,26.131611,26.879701,27.463749,27.515987,
15.663223,21.216140,26.200915,26.860087,27.563062,27.600731,
15.613622,21.136744,25.978041,26.668498,27.284214,27.299308,
15.663064,21.215089,26.101125,26.681706,27.182935,27.288627,
15.607980,21.190986,25.967037,26.556649,27.074725,27.133671,
15.612050,20.986048,25.747884,26.289472,26.950980,26.979000,
15.632218,21.116662,25.930315,26.549636,27.221989,27.287792,
15.653977,21.032875,25.741840,26.299006,27.060761,27.060788,
15.625620,21.188734,25.876387,26.399520,26.906495,26.943978,
15.682112,21.006997,25.754125,26.244838,26.800010,26.896517,
15.719699,21.117940,25.789185,26.469183,26.941351,26.956791,
15.722493,21.201320,26.014388,26.606037,27.212213,27.210893,
15.570590,20.845490,25.575389,26.206312,26.770397,26.845925,
15.726815,21.171848,25.653952,26.240314,26.901985,26.931412,
15.622075,21.069833,26.028349,26.544378,27.117085,27.129689,
15.576332,20.868661,25.450436,26.199793,26.929448,26.956122,
15.593269,20.966387,25.793730,26.471650,27.097725,27.123494,
15.569607,20.993389,25.607005,26.234945,26.909005,26.959839,
15.680938,21.124529,25.839602,26.475954,27.228124,27.264204,
15.549530,20.868894,25.681149,26.403442,27.036877,27.057765,
15.694575,21.092466,25.592724,26.305028,26.922708,26.973413,
15.696059,21.091064,25.767105,26.369377,26.913250,26.937028,
15.657896,21.070111,25.783460,26.334691,26.967049,27.008849,
15.672568,21.065883,25.932381,26.549640,27.291166,27.333864,
15.659342,21.092295,25.593017,26.308262,26.862858,26.926972,
15.722815,21.227548,25.984801,26.564103,27.165793,27.198867,
15.608789,21.129770,25.803462,26.478908,27.174273,27.182335,
15.669316,21.012356,25.959342,26.593319,27.443833,27.467326,
15.670840,21.204642,25.752354,26.477308,26.971722,27.005474,
15.672309,21.009523,25.624840,26.280695,26.962495,27.011555,
15.761216,21.201371,25.934969,26.455758,27.036875,27.084885,
15.668309,21.069099,25.859420,26.469769,27.013057,27.011571,
15.603575,21.046082,25.798928,26.427643,27.246906,27.271809,
15.642105,21.156986,25.981044,26.576837,27.413460,27.434175,
15.657329,21.118356,25.701572,26.248378,26.841846,26.897049,
15.660719,21.131568,25.664355,26.270323,26.810548,26.878438,
15.713425,21.155617,25.816659,26.421640,27.151189,27.187504,
15.678547,21.017033,25.718126,26.349354,27.088521,27.134896,
15.679783,21.185891,25.944993,26.516035,27.227051,27.267250,
15.673239,21.067937,25.856507,26.482398,27.022084,27.069194,
15.632920,21.121465,25.746894,26.299119,26.915700,26.935976,
15.615177,21.037207,25.607114,26.272919,26.904219,26.903738,
15.612800,21.092558,25.850705,26.519385,27.092508,27.137125,
15.625476,21.174383,25.679328,26.328035,26.972644,26.991975,
15.552663,21.013855,25.953074,26.689362,27.339208,27.385128,
15.715577,21.064953,25.883524,26.360464,27.181052,27.226582,
15.630515,21.014464,25.973882,26.631581,27.222764,27.257353,
15.702399,21.242901,25.938042,26.598217,27.213382,27.217315,
15.743852,21.180304,25.958661,26.481691,27.079206,27.147172,
15.630433,21.203669,25.882415,26.514236,27.281707,27.282172,
15.617150,21.148791,25.925240,26.655651,27.372929,27.405108,
15.663899,21.271535,26.061966,26.687213,27.335486,27.352757,
15.652023,21.121710,25.971936,26.451628,26.871073,26.913602,
15.606176,21.040560,25.920825,26.532671,27.124274,27.153605,
15.592607,20.956252,25.770719,26.281865,26.954171,26.977465,
15.651032,21.203388,25.679788,26.377415,26.903081,26.966139,
15.580864,21.036716,25.759528,26.414493,27.102000,27.136165,
15.681934,21.004603,25.795628,26.510092,27.194483,27.237281,
15.636743,21.038522,25.946861,26.638433,27.263508,27.253471,
15.638090,21.114067,25.658110,26.269303,26.881546,26.893355,
===========END============
18.546377,26.584458,34.886829,35.324495,36.098306,36.124527,
18.417969,26.452361,34.516752,35.010198,35.551419,35.576518,
18.457683,26.325627,35.127100,35.389621,35.787551,35.821411,
18.319861,26.361410,34.761810,35.142866,35.943025,35.929089,
18.480878,26.524494,35.089430,35.414661,36.130269,36.200015,
18.268869,26.220594,34.587473,35.056480,35.763938,35.765519,
18.518775,26.398449,34.823217,35.389329,35.919707,35.944143,
18.416982,26.295522,34.555912,35.085011,35.635199,35.650428,
18.531082,26.585645,34.297153,34.850009,35.283148,35.287028,
18.290813,26.420016,34.313992,34.573492,35.202510,35.168453,
18.598908,26.433042,34.774781,35.068415,35.429730,35.479475,
18.456130,26.451057,34.990002,35.167197,35.559872,35.538763,
18.508956,26.308988,34.316508,34.907193,35.493441,35.478714,
18.251063,26.147156,34.518100,35.031516,35.662350,35.609175,
18.333532,26.260482,34.126237,34.610584,35.129366,35.088792,
18.206213,26.189757,33.986357,34.603550,35.229972,35.265262,
18.250733,26.064166,34.296529,34.885066,35.284476,35.333943,
18.335210,25.846727,33.774581,34.273729,34.829060,34.851841,
18.405363,25.942522,34.763440,34.895117,35.289254,35.286832,
18.487043,26.216050,34.532225,34.860453,35.418901,35.418681,
18.368070,26.210534,33.974593,34.549169,35.200407,35.191096,
18.361823,25.965930,34.037728,34.356309,34.550726,34.595866,
18.273118,25.941437,33.659679,34.240035,34.905050,34.923188,
18.493648,26.078632,34.457237,34.841861,35.205736,35.185372,
18.368251,25.997560,34.457978,34.695964,35.054944,35.067148,
18.484579,25.737187,33.624509,34.182773,34.485920,34.460498,
18.533363,26.020355,34.380800,34.635222,35.348046,35.353756,
18.460959,25.800445,33.370069,33.882436,34.393781,34.384485,
18.356680,25.923872,34.063265,34.416823,34.815746,34.848715,
18.287917,25.859212,33.594549,34.146685,34.778234,34.756686,
18.290454,25.600159,33.202055,33.662552,34.250199,34.265822,
18.394431,25.893812,34.023317,34.529506,35.269296,35.278492,
18.504884,25.965863,33.696905,34.215389,34.807276,34.822865,
18.457799,25.750303,34.229173,34.606681,34.967807,34.970687,
18.323975,25.793700,34.508430,34.854165,35.531065,35.544609,
18.290060,25.905914,34.651825,34.922368,35.229607,35.219743,
18.492034,25.910929,34.113385,34.566650,35.016901,34.985392,
18.397822,25.952515,34.136977,34.949700,35.379956,35.407511,
18.487230,26.211673,34.289044,34.632704,35.173300,35.124093,
18.456170,26.079951,34.605766,34.950100,35.548253,35.570377,
18.328812,26.037368,34.213396,34.699347,35.190169,35.186966,
18.443579,25.944861,34.549456,35.085412,35.418326,35.427410,
18.377483,26.018862,34.423687,34.862518,35.697831,35.705560,
18.166532,25.753128,33.524522,34.186399,35.260483,35.260766,
18.416626,25.882031,34.407241,34.900684,35.560661,35.543627,
18.513823,25.876098,34.662771,35.125943,35.575228,35.603098,
18.436777,26.044047,34.027043,34.617864,35.279883,35.360813,
18.401090,26.218294,34.713501,35.124440,35.509585,35.526862,
18.523036,26.147004,34.674410,35.121241,35.674727,35.660616,
18.362449,25.841890,33.723921,34.188232,35.110792,35.136205,
18.457889,26.145404,34.508864,34.940461,35.598011,35.601877,
18.328124,25.778754,34.496865,34.830111,35.123765,35.156203,
18.291862,26.103829,34.896475,35.062956,35.930212,35.933331,
18.487706,26.039930,34.201939,34.605735,35.207328,35.194202,
18.367436,25.736980,33.864462,34.208572,34.837743,34.837518,
18.444729,25.848795,33.585648,33.969312,34.538687,34.568381,
18.372874,25.868957,34.229142,34.525160,34.909390,34.906322,
18.498361,25.976418,33.887018,34.258825,34.929622,34.974260,
18.473569,25.752100,33.587326,33.796097,34.482362,34.509163,
18.495001,26.039369,33.593372,33.973708,34.243446,34.236507,
18.273005,25.766407,33.538204,34.047747,34.374287,34.383214,
18.379067,25.961878,33.340893,34.031014,34.482444,34.487832,
18.373287,26.120709,33.671258,34.014879,34.212581,34.249554,
18.335249,25.836101,33.321171,33.851216,34.662882,34.733313,
18.415935,26.338895,34.671398,35.102371,35.916598,35.918739,
18.331572,25.895800,34.166061,34.887540,35.642901,35.620732,
18.305925,26.136833,34.017026,34.493572,35.472371,35.462867,
18.352213,26.091931,34.784746,35.041123,35.162068,35.157469,
18.412703,26.201368,34.699673,35.371925,36.002721,36.029489,
18.440587,26.214028,34.273295,34.574031,35.255566,35.260412,
18.384949,26.337413,34.243595,34.609725,35.290005,35.305570,
18.298287,26.537970,34.888947,35.041527,35.520166,35.527575,
18.412507,26.512254,35.338170,35.684350,36.461051,36.476466,
18.319668,26.503960,34.909961,35.178861,35.617974,35.611599,
18.369702,26.365333,34.499203,35.183553,35.705778,35.711743,
18.450079,26.333285,34.936524,35.206610,35.590947,35.600831,
18.463071,26.290325,34.665150,35.174898,35.800553,35.881139,
18.501620,26.343878,34.823225,35.339666,35.968158,35.999620,
18.339320,26.362640,35.081935,35.348660,35.735307,35.742855,
18.482331,26.207407,34.132900,34.561221,35.232363,35.272638,
18.363842,26.143245,34.157112,34.372654,34.831255,34.845933,
18.465647,26.203389,34.702968,34.889002,35.124923,35.093645,
18.503689,26.287383,34.150876,34.560816,35.118767,35.180665,
18.426174,26.143640,34.043847,34.288259,34.887268,34.887657,
18.388897,25.847862,34.050186,34.409810,34.782001,34.789521,
18.572083,25.952631,33.653992,34.075243,34.381922,34.381719,
18.342821,26.237195,34.019276,34.474744,34.932270,34.919187,
18.425617,26.248825,34.287007,34.590062,34.892366,34.901660,
18.421758,26.040696,34.472203,34.753756,34.933334,34.934713,
18.318033,26.196556,34.631301,34.789225,35.460453,35.468837,
18.400569,26.060932,34.245453,34.662293,35.403090,35.403712,
18.556887,26.009367,33.466605,34.226662,34.399247,34.426707,
18.512159,26.086928,34.131319,34.585380,34.975298,34.977021,
18.424148,26.466923,35.425119,35.919596,36.619149,36.640885,
18.346132,26.180873,34.340048,34.992655,35.635189,35.660817,
18.338291,25.956576,34.397274,34.862451,35.791299,35.795982,
18.273394,25.923836,34.080257,34.453003,35.185165,35.174048,
18.592748,26.038592,34.264063,34.816599,35.269055,35.269764,
18.255285,25.886218,33.949927,34.347788,34.760608,34.720485,
18.407628,25.861815,34.755758,35.055436,35.790140,35.764704,
18.230848,25.891029,34.094383,34.528678,35.256028,35.266223,
18.214958,25.982492,34.459572,35.032214,35.840108,35.848732,
18.398139,26.155656,34.299202,34.806553,35.573709,35.588799,
18.358814,26.143811,34.455305,35.281914,36.221631,36.246677,
18.380198,26.065077,34.268596,34.784736,35.510002,35.512768,
18.507653,25.963490,34.295895,34.610831,35.451916,35.418165,
18.353210,25.893194,33.745746,34.046175,34.552178,34.552569,
18.366247,25.934180,33.939119,34.302921,34.749567,34.773191,
18.349172,25.999539,33.905640,34.494360,34.939444,34.957207,
18.459246,26.019908,34.821653,35.003004,35.398084,35.423881,
18.259303,26.022923,34.287444,34.693670,35.097649,35.047820,
18.453091,26.093425,34.781609,35.174725,35.389993,35.385765,
18.450298,26.360912,34.442228,34.811655,35.303885,35.278541,
18.393029,26.169305,34.339704,34.995459,35.775931,35.829506,
18.544186,26.273253,34.109381,34.472692,34.818858,34.872688,
18.377184,26.138381,34.602023,35.064278,35.526342,35.543592,
18.462082,26.209402,33.975932,34.426934,35.054298,35.071987,
18.311399,26.079331,34.300166,34.645488,35.215516,35.232908,
18.408899,26.289222,34.297769,34.645421,35.490281,35.496686,
18.358135,26.160093,35.211014,35.571864,35.894089,35.871989,
18.461753,26.187759,33.923218,34.432345,34.969019,34.963793,
18.423176,26.263278,34.846617,35.268716,36.056343,36.081499,
18.350262,26.012634,34.396580,34.707514,35.503189,35.477309,
18.347053,25.893817,35.003802,35.220028,35.813097,35.823319,
18.406055,26.103882,34.579141,34.977614,35.675374,35.671404,
18.446231,26.063840,35.259081,35.528539,35.825390,35.782429,
18.498771,25.896306,34.135235,34.662140,35.211262,35.251350,
18.403582,26.247536,34.462036,34.823949,35.578888,35.581440,
18.350206,26.084127,34.468594,34.978199,35.328717,35.287467,
18.402651,26.006918,34.154547,34.593686,35.220946,35.248355,
18.497366,25.925336,33.897087,34.351108,34.811543,34.824937,
18.449439,25.960352,34.230252,34.669191,34.985464,34.960453,
18.537471,26.051748,33.874536,34.253428,34.873429,34.920631,
18.425736,26.117064,33.815120,34.131349,34.552753,34.557116,
18.369718,25.610758,33.711020,34.091116,34.686878,34.679255,
18.473790,25.841692,33.341765,33.853303,34.501779,34.513654,
18.443869,25.892058,33.654862,34.011579,34.518087,34.498294,
18.470740,25.977998,33.736450,33.942640,34.572894,34.590331,
18.229826,26.017458,34.207232,34.435024,34.765650,34.769157,
18.435315,25.825858,33.585219,34.114426,34.909404,34.925234,
18.582230,26.030246,33.860772,34.139912,34.639230,34.655203,
18.354124,25.920579,33.717454,34.110393,34.654859,34.649013,
18.400763,26.039035,33.553766,33.968043,34.715087,34.754458,
18.448400,26.275836,34.626355,34.902218,34.965804,34.970618,
18.474395,26.316928,34.749077,35.003302,35.361760,35.346642,
18.577657,26.497541,34.517718,34.866760,35.586443,35.622821,
18.400822,26.809281,35.400652,35.633350,36.255559,36.267157,
18.417393,26.557305,35.155099,35.566164,36.207440,36.215921,
18.378141,26.540387,35.085586,35.455135,36.060065,36.073062,
18.531382,26.590012,35.655852,36.094702,36.401200,36.484519,
18.494491,26.553423,34.986064,35.255113,35.544345,35.523274,
18.239489,26.477234,34.932534,35.437684,36.010959,35.996951,
18.397335,26.837772,36.085212,36.634924,37.198986,37.186284,
18.382917,26.602179,35.503634,35.834151,36.545041,36.528469,
18.532745,26.609516,35.684945,36.270768,37.498264,37.508660,
18.318816,26.385572,35.238327,35.735981,36.297661,36.338344,
18.503186,26.372716,35.513745,35.752066,36.456556,36.480489,
18.429306,26.301545,35.526396,35.990506,36.441998,36.401257,
18.521019,26.166479,33.910269,34.542773,35.105239,35.149830,
18.382874,25.950773,34.234988,34.937246,35.296413,35.299001,
18.280501,25.893821,33.810626,34.465371,35.006013,35.039220,
18.406481,26.017616,33.990281,34.450279,34.881223,34.834012,
18.323276,25.935207,33.959923,34.950687,35.668691,35.697188,
18.525748,26.083214,33.936049,34.327395,35.042593,35.061621,
18.353192,26.132789,34.430035,35.021201,35.370777,35.377744,
18.381723,26.173363,35.140631,35.254274,35.491305,35.481164,
18.393348,26.079706,34.175614,34.669158,35.036147,35.028524,
18.555859,26.246273,35.315396,35.778093,36.254477,36.279512,
18.223553,26.117325,34.878209,35.286418,36.010070,36.006749,
18.406411,26.185138,34.541813,34.841594,35.182197,35.178566,
18.507801,26.366607,35.289747,35.801428,36.558565,36.560522,
18.354313,26.412288,35.077939,35.381063,35.933419,35.948571,
18.479841,26.465604,35.685838,36.055828,36.369503,36.360385,
18.550401,26.450846,35.466085,36.036138,36.562218,36.526470,
18.312451,26.596249,35.176834,35.629437,36.107139,36.088779,
18.520635,26.789082,34.838042,35.249811,35.908575,35.896634,
18.524665,26.523569,35.139960,35.549837,36.301011,36.312664,
18.423338,26.680519,34.768886,35.230620,35.926925,35.923151,
18.413065,26.615599,34.994098,35.488110,36.005514,36.004842,
18.549282,26.826669,35.485232,35.868036,36.184561,36.174589,
18.367703,27.127271,35.939188,36.451797,36.774585,36.774109,
18.407830,27.649785,36.349925,37.058442,37.453738,37.481376,
18.422288,27.868510,36.501935,36.956625,37.567864,37.548384,
18.260059,27.815854,36.729294,37.166460,37.452250,37.490512,
18.278735,28.074009,37.640637,37.820271,38.414218,38.425940,
18.324584,28.355644,36.933446,37.531958,37.777176,37.777176,
18.479157,28.431023,37.877230,38.071618,38.249699,38.259449,
18.373808,28.646292,37.877970,38.434573,39.050264,39.063031,
18.331163,28.458457,37.988490,38.729574,39.370024,39.379745,
18.350187,28.511366,37.681573,38.195539,38.821727,38.799942,
18.341095,28.531714,38.320817,38.855885,39.260237,39.297670,
18.337033,28.547915,38.078110,38.477587,39.182711,39.221791,
18.389123,28.555063,37.595483,38.465405,39.357124,39.355602,
18.252681,28.103486,37.960431,38.473737,38.974492,39.018226,
18.431636,28.342715,37.351357,37.938740,38.659370,38.662255,
18.269807,27.717173,36.952083,37.064869,37.343334,37.375227,
18.275749,27.573223,35.852551,36.512030,36.879075,36.898127,
18.243287,27.881889,36.594928,37.126753,37.716557,37.722450,
18.347582,27.989414,36.222584,36.751137,37.413929,37.418624,
18.324526,27.972142,36.544197,36.630625,37.070728,37.063673,
18.130678,28.142491,37.578655,37.990966,38.419530,38.418102,
18.390913,28.430752,37.234462,37.640461,38.443864,38.454319,
18.343680,27.945389,36.828063,37.306795,37.874681,37.781743,
18.350005,27.775073,36.134317,36.517056,37.293424,37.303398,
18.291154,27.568456,36.067823,36.520585,37.218940,37.233034,
18.401220,27.353699,35.762160,36.362554,36.955889,36.975006,
18.429526,27.295608,35.321837,35.723850,36.017345,36.002435,
18.439495,27.234930,36.204593,36.618777,36.958237,36.952485,
18.319527,26.915306,34.528827,34.807768,35.763976,35.825357,
18.426892,26.927519,35.326480,35.404576,35.841403,35.835499,
18.499566,26.796079,34.556153,35.028300,35.728494,35.748854,
18.368896,26.625241,34.108599,34.445320,34.842844,34.852314,
18.364349,26.659144,34.083425,34.570019,35.181006,35.199054,
18.563476,27.150510,35.184298,35.421910,35.920335,35.943636,
18.366216,26.894753,34.851805,35.309522,35.995984,35.993553,
18.372811,26.512545,34.218287,34.755116,35.285312,35.233262,
18.518043,26.439218,34.194164,34.654437,35.365119,35.366134,
18.419138,25.985773,33.327239,33.692916,34.169317,34.135011,
18.364744,25.465845,33.078250,33.371564,33.612718,33.639490,
18.310517,25.361234,32.191992,32.427221,32.698145,32.699205,
18.355889,25.033995,31.843575,32.175490,32.506769,32.541850,
18.423927,24.953563,31.747938,32.135736,32.598472,32.579378,
18.299709,24.659743,31.117748,31.528465,32.032702,32.036155,
18.457545,24.980400,31.691352,32.169519,32.602112,32.618109,
18.514448,25.385857,32.291274,32.611042,33.073887,33.033598,
18.436752,25.606306,32.539298,32.661245,32.948984,32.930026,
18.346680,25.486758,32.159927,32.602683,33.120353,33.138843,
18.470054,25.463318,33.123789,33.254910,33.673787,33.678309,
18.405122,25.358924,32.260548,32.508143,32.664714,32.650408,
18.491887,24.723212,30.601530,30.891888,31.390348,31.396581,
18.300895,24.462170,30.854876,31.081044,31.497548,31.497667,
18.463051,24.280298,29.873464,30.278798,30.857406,30.846261,
18.404374,24.204516,30.266136,30.483801,30.953637,30.934562,
18.373672,24.171478,29.999833,30.271125,30.900423,30.910382,
18.393224,24.237970,30.180024,30.493338,30.937007,30.927861,
18.481245,24.331338,30.585520,30.802755,31.268383,31.280398,
18.448400,24.484317,30.711350,30.983129,31.279843,31.295894,
18.440977,24.355058,30.722297,30.933322,31.118625,31.143051,
18.475761,24.358669,30.356614,30.589194,31.011007,31.005024,
18.542909,24.471004,30.332702,30.694491,31.167572,31.169448,
18.496126,24.398934,30.270984,30.631464,31.135962,31.147919,
18.608292,24.336075,30.178491,30.490520,30.844981,30.802319,
18.511786,24.326824,30.442278,30.778893,31.260049,31.269373,
18.510960,24.178043,30.507389,30.717688,31.153655,31.192503,
18.509209,24.308534,30.267172,30.407882,30.594946,30.601794,
18.528623,24.410173,30.319168,30.603407,31.111985,31.119235,
18.631792,24.410180,30.272791,30.526485,30.912801,30.919752,
18.331421,23.855641,29.806276,30.222414,30.333804,30.343240,
18.541170,24.191707,30.031366,30.205250,30.313105,30.320815,
18.610694,24.161806,29.675838,29.808601,30.026695,30.025121,
18.461684,24.004582,29.624178,29.912119,30.343540,30.359290,
18.510902,24.211296,29.783787,30.146349,30.472848,30.484417,
18.512926,24.171797,29.709433,29.932277,30.246871,30.289783,
18.468531,24.065555,29.897031,30.121549,30.479120,30.499318,
18.473884,24.074022,30.251765,30.531789,30.828648,30.843317,
18.436809,23.979918,29.866658,30.162809,30.480870,30.490312,
18.621614,24.333997,29.900035,30.287192,30.869208,30.855131,
18.455283,24.080544,29.806723,30.235346,30.658825,30.678991,
18.449295,24.097869,30.221848,30.445867,30.613037,30.643858,
18.419371,24.214254,30.080135,30.418463,30.728230,30.763551,
18.405772,24.109082,30.308380,30.437986,30.662205,30.675583,
18.563201,24.060603,30.247012,30.388754,30.572966,30.580622,
18.524590,24.223942,30.615189,30.789829,30.933494,30.943399,
18.463364,24.180925,29.986246,30.198479,30.451843,30.469630,
18.504563,24.115377,30.048050,30.265854,30.562224,30.568623,
18.348737,23.986863,30.112572,30.390601,30.597696,30.578288,
18.438061,24.060026,30.025371,30.274991,30.648595,30.669058,
18.493813,24.130174,29.783578,30.081768,30.586622,30.576402,
18.311428,23.983157,29.907815,30.282890,30.711690,30.714510,
18.291734,24.080054,30.068477,30.449163,30.835975,30.854312,
18.407183,23.973039,29.962424,30.354534,30.634147,30.646276,
18.445276,24.102423,30.124771,30.443983,30.963562,30.970239,
18.481808,24.180289,30.079777,30.230418,30.437811,30.464664,
18.219733,24.067047,29.874522,30.244554,30.736098,30.754871,
18.443476,24.100585,29.515750,29.905666,30.313129,30.331646,
18.319350,23.999609,29.914768,30.168502,30.434401,30.437291,
18.314579,24.103755,30.010343,30.196944,30.578242,30.576436,
18.442623,24.085763,29.862577,30.114390,30.461734,30.456532,
18.461779,24.200082,30.264319,30.530308,30.811209,30.803160,
18.374300,24.052061,30.244663,30.507966,30.687138,30.702558,
18.574426,24.136205,30.202169,30.485221,30.686652,30.706154,
18.572893,24.242230,30.052794,30.461435,30.868208,30.865383,
18.451947,23.998821,30.309884,30.496259,30.809032,30.790201,
18.363566,24.029762,30.030955,30.301672,30.858757,30.843600,
18.324949,24.111409,30.048932,30.228326,30.685445,30.707682,
18.425289,24.138740,29.644240,29.968966,30.257723,30.282075,
18.620667,24.248860,30.138337,30.278087,30.621680,30.633178,
18.364807,23.978920,29.973210,30.314157,30.597845,30.616988,
18.386890,24.174873,30.215738,30.511699,30.973880,30.992810,
18.430974,24.197906,30.133414,30.428301,30.637367,30.661065,
18.459789,24.198931,29.966657,30.177131,30.467623,30.464478,
18.341338,24.177426,29.945225,30.163859,30.344067,30.351101,
18.400210,24.151174,30.206844,30.457885,30.740431,30.761885,
18.403442,24.192678,29.844231,30.093887,30.528897,30.525850,
18.474388,24.416289,30.177994,30.343692,30.869804,30.871478,
18.408285,24.246977,30.005135,30.174153,30.571772,30.601060,
18.340906,24.112860,29.929639,30.225692,30.493665,30.483144,
18.531910,24.222237,29.610420,29.902858,30.282876,30.332298,
18.335974,23.811137,29.514696,29.679907,30.115864,30.100626,
18.452113,24.204228,30.237018,30.459703,30.849506,30.839212,
===========END============
22.325057,30.121865,39.654663,39.886277,40.305876,40.310403,
22.292752,30.581149,39.877762,40.188520,41.050716,41.051387,
22.521861,30.594340,40.678527,41.079738,41.968585,41.966595,
22.360625,30.180050,39.555921,40.056794,40.693062,40.693681,
22.464543,30.342114,40.166756,40.147902,40.363065,40.368110,
22.391772,30.391995,40.145953,40.450741,40.757747,40.758249,
22.374664,30.541458,40.154751,40.201012,40.599387,40.600718,
22.238714,30.448537,41.033806,41.002258,40.917191,40.916670,
22.485370,30.130921,39.068615,39.222821,39.256022,39.266070,
22.216534,30.320719,39.322372,39.294393,39.334248,39.334609,
22.663321,30.419989,39.973474,40.174252,40.564480,40.548304,
22.348706,30.286567,40.295582,40.378398,40.433432,40.434364,
22.445047,30.404548,39.205212,39.206529,39.151163,39.151337,
22.254842,30.224166,40.995359,41.011030,41.120290,41.123566,
22.533306,30.215573,40.162862,40.146695,40.637361,40.613986,
22.371066,30.502504,40.017695,40.218249,40.485398,40.490116,
22.597998,30.245656,38.682210,38.865991,39.278914,39.275790,
22.100796,29.856055,39.765074,39.974771,40.289373,40.292980,
22.611019,30.121586,38.609574,38.759377,38.986469,38.986469,
22.429484,30.178955,38.229283,38.611177,39.127823,39.126444,
22.480290,30.094759,39.177191,39.160911,39.094065,39.071535,
22.237855,29.525421,38.825405,39.003735,39.319640,39.315676,
22.557351,30.219076,39.786158,39.926478,40.388163,40.389431,
22.337540,29.757544,38.806409,38.921249,39.040137,39.218163,
22.433933,29.671987,38.318942,38.715205,39.161444,39.167357,
22.556946,29.764959,39.130567,39.273811,39.589567,39.595422,
22.369117,29.722116,38.046592,38.073296,38.072738,38.070575,
22.130903,29.505590,38.449688,38.601235,38.848950,38.848626,
22.452864,29.784982,39.179868,39.359608,39.549698,39.527424,
22.284878,29.892428,38.156192,38.334889,38.611464,38.613302,
22.334313,29.632166,39.285470,39.274976,39.474000,39.472879,
22.556569,29.747300,38.825324,38.846226,39.373279,39.373279,
22.125822,29.785188,39.146073,39.040655,39.313600,39.303890,
22.568800,29.847917,38.126286,38.285918,38.641061,38.641370,
22.357256,29.970195,38.696309,38.836428,39.150356,39.151049,
22.333705,29.931567,39.124645,39.381991,39.636193,39.630381,
22.616309,29.602444,38.601694,38.901902,39.283671,39.279829,
22.266185,29.875658,40.371668,40.407528,40.644272,40.644638,
22.517898,30.286379,39.952760,39.827022,40.005316,39.997303,
22.565454,29.914913,38.903545,39.200743,39.653070,39.645291,
22.796705,30.060089,38.790926,38.878522,38.983199,38.946075,
22.496175,29.979216,40.337334,40.578721,40.696712,40.696588,
22.477435,29.987951,39.514549,39.527955,39.585661,39.584895,
22.454075,30.098900,40.365658,40.511149,40.886209,40.888698,
22.085027,29.585025,39.964382,40.186820,40.496042,40.525923,
22.333810,30.036546,39.948623,39.920723,40.066524,40.066417,
22.447185,29.764648,38.626650,38.841910,39.181581,39.180533,
22.323378,30.464680,39.754427,39.785017,40.207171,40.208388,
22.323936,29.881458,39.379860,39.501349,39.940713,39.938634,
22.395873,29.741108,39.749529,39.857938,40.153720,40.152956,
22.435173,29.895655,38.827753,38.918341,39.032528,39.028480,
22.509966,30.194766,39.705185,39.656654,39.664892,39.670360,
22.329339,29.610304,39.351804,39.459938,39.536403,39.540004,
22.748759,30.166718,39.177414,39.360347,39.523136,39.522852,
22.601719,30.311214,39.222733,39.413125,39.547703,39.540869,
22.351065,29.871796,38.489393,38.650790,38.788309,38.794693,
22.156879,29.499166,39.152074,39.110026,39.207446,39.213422,
22.330291,29.709802,39.138524,39.040592,39.332106,39.336447,
22.460956,30.038418,38.834523,39.003567,39.337657,39.337657,
22.343207,29.743999,39.088983,39.105337,39.024152,39.024152,
22.401809,29.630383,40.107343,40.196970,40.249683,40.251916,
22.334637,29.805555,39.320096,39.489477,39.808858,39.807648,
22.351747,29.966237,39.970601,40.134175,40.658716,40.650871,
22.235055,29.486261,39.157084,39.234957,39.433617,39.456251,
22.594697,30.180757,39.735677,39.775484,39.825926,39.823598,
22.519905,30.642006,40.310134,40.138866,39.849224,39.850752,
22.324287,30.214576,40.214267,40.305247,40.659413,40.656102,
22.191609,29.759918,39.500110,39.866746,40.567114,40.537904,
22.462578,30.192381,40.094201,40.309066,40.376824,40.379124,
22.344036,30.129127,40.399568,40.448293,40.472789,40.477493,
22.601092,30.519608,40.140907,40.466579,40.975074,40.994514,
22.175998,30.224383,40.769411,41.035947,40.998998,40.998998,
22.300578,30.548880,40.566739,40.728119,40.981949,40.979835,
22.423694,30.141519,40.468163,40.512684,40.432930,40.431299,
22.425114,30.043548,39.638751,39.851019,40.148993,40.150848,
22.445721,30.372346,39.972250,40.330888,40.915499,40.917191,
22.266611,30.429447,40.572906,40.640880,40.620981,40.621102,
22.299291,30.575742,39.452684,39.450454,39.369979,39.368976,
22.474676,30.203198,39.488639,39.697792,40.035640,40.036384,
22.423446,30.174019,39.647192,39.915635,40.367866,40.370506,
22.375496,29.981814,40.260351,40.565763,40.898207,40.897171,
22.260307,29.736613,39.681831,39.755186,40.130887,40.135779,
22.325967,30.026979,39.933480,40.107154,40.492454,40.490566,
22.617745,30.155784,39.400258,39.396954,39.236311,39.229862,
22.288426,29.832558,39.261577,39.333151,39.379231,39.376674,
22.264264,29.819851,39.510833,39.697700,40.096168,40.101344,
22.623499,30.392064,38.540670,38.740130,39.139010,39.132272,
22.264253,29.808743,38.533083,38.780256,39.036331,39.038949,
22.489264,30.112244,39.387886,39.534319,39.448713,39.451778,
22.531633,30.459375,39.641595,39.708671,39.870472,39.869654,
22.262063,30.066032,38.008428,38.246016,38.319716,38.318213,
22.391633,29.983207,40.138410,40.396904,40.750952,40.746443,
22.361362,30.000998,38.690744,38.798268,38.874041,38.874041,
22.303443,30.130887,39.943834,40.263535,40.521760,40.515227,
22.419509,30.340604,40.642591,40.614783,40.587604,40.593401,
22.597009,30.433963,38.894985,39.094167,39.354336,39.348162,
22.047452,29.867134,39.452986,39.671080,39.872647,39.878691,
22.337640,30.014005,39.050645,39.070131,39.098367,39.098795,
22.576212,29.980448,38.744712,38.823324,38.932389,38.944359,
22.292461,30.108364,39.633758,39.814075,40.252363,40.248455,
22.146179,29.766584,38.757100,38.903299,38.950372,38.941772,
22.217009,29.795348,39.152561,39.046798,38.737213,38.738553,
22.371393,30.125215,39.500022,39.767459,39.814751,39.810308,
22.435893,30.014451,39.557164,39.676324,40.060701,40.065942,
22.533487,29.924875,39.601656,39.482255,39.802527,39.802627,
22.255526,29.778018,39.442815,39.504163,39.582273,39.581890,
22.579103,30.475926,40.592450,40.919560,41.585798,41.585191,
21.985285,29.955256,39.657135,39.910437,40.620076,40.618253,
22.589093,30.079617,39.067935,39.251184,39.259510,39.257288,
22.461543,30.158771,40.145864,40.362671,40.878290,40.876742,
22.522483,30.392458,39.181281,39.216452,39.458990,39.458990,
22.427847,30.289687,39.709441,39.718101,39.957787,39.957317,
22.214436,30.074756,38.858726,38.827230,38.755309,38.795701,
22.454858,30.068626,39.314691,39.725312,40.234483,40.234038,
22.348177,30.097348,39.865571,40.019442,40.356888,40.357002,
22.435940,30.159360,39.606059,39.527778,39.485250,39.551290,
22.329397,30.256310,39.199982,39.840172,39.979896,39.981549,
22.266690,29.995717,40.277060,40.530483,40.525305,40.523878,
22.396406,30.311178,39.699986,39.893535,40.054125,40.056687,
22.394253,29.728051,40.168146,40.713031,41.587811,41.588115,
22.345366,30.050171,38.976683,38.983038,39.150318,39.152399,
22.584604,30.146931,39.032454,39.457286,40.273207,40.274217,
22.280667,30.113723,39.351793,39.394930,39.204549,39.196131,
22.171154,30.038547,39.202722,39.715780,40.512921,40.519094,
22.554143,29.986454,38.702598,39.000646,39.305636,39.397149,
22.586799,30.214833,39.122044,39.033836,38.894331,38.883721,
22.307708,29.773655,40.578028,40.874122,41.356280,41.349371,
22.744157,30.111032,38.542610,38.783785,38.964925,38.970659,
22.546507,30.163083,40.578706,40.979844,41.385359,41.385359,
22.487172,29.877149,39.453544,39.450872,39.303318,39.396340,
22.315716,29.995376,39.721356,39.948337,40.420718,40.423506,
22.476429,29.977313,39.329401,39.314522,39.556974,39.562689,
22.352890,30.063492,38.747441,39.035123,39.653441,39.655680,
22.207265,30.008561,39.289194,39.391063,39.724292,39.719941,
22.301358,29.380282,38.481872,38.469775,38.656579,38.651399,
22.389439,29.868510,38.304958,38.545159,39.218257,39.223896,
22.349420,30.202259,38.423726,38.665180,38.916703,38.918346,
22.648498,30.130951,39.838680,40.000906,40.390239,40.395778,
22.582037,30.251674,39.157898,39.163068,39.247759,39.254857,
22.120869,29.902697,39.163106,39.315563,39.653593,39.654761,
22.602302,30.059372,38.878374,38.874224,38.859308,38.860930,
22.374842,30.185571,38.948872,39.126395,39.601127,39.702502,
22.329210,30.138318,38.874870,39.219787,39.500309,39.500685,
22.339194,29.897172,40.447329,40.735667,41.286289,41.322157,
22.353279,30.468350,39.130810,39.346161,39.317083,39.317443,
22.451273,30.214601,40.401613,40.680260,40.981123,41.084074,
22.493426,31.007478,41.178319,41.112895,41.321407,41.321407,
22.374645,30.789385,40.078811,40.082354,40.369193,40.371489,
22.186719,30.266279,40.302456,40.331655,40.270590,40.273059,
22.368596,30.402341,39.871074,39.880569,39.849377,39.842560,
22.517621,30.760581,40.208346,40.223267,40.501111,40.508216,
22.272651,30.611176,42.177390,42.306822,42.510780,42.525839,
22.220020,30.539451,40.938875,40.843333,40.604934,40.606995,
22.535649,30.896602,40.148127,40.240753,40.298122,40.329508,
22.408818,30.675964,41.669404,42.065421,42.294066,42.293351,
22.335177,30.771436,40.936013,41.016621,41.260312,41.262567,
22.451999,30.323977,40.533149,40.687486,40.641269,40.631871,
22.528407,30.288207,38.104916,38.486719,39.176700,39.176438,
22.496702,29.758347,39.331253,39.503053,39.845821,39.846533,
22.233062,29.904349,39.304109,39.340135,39.439629,39.439259,
22.375480,30.156579,39.670427,39.816866,40.187323,40.215700,
22.511047,30.076614,39.217217,39.281688,39.359301,39.365490,
22.396168,29.946645,38.627678,38.824691,39.072014,39.081132,
22.391150,30.154416,39.257149,39.645904,39.875502,39.867724,
22.400639,30.410635,40.315040,40.278809,40.603155,40.611763,
22.605000,30.234377,40.220293,40.451837,40.771945,40.760376,
22.597074,30.097812,39.278897,39.580609,39.760308,39.772820,
22.300997,29.880185,40.229931,40.366167,40.462531,40.461828,
22.571529,30.525951,40.371130,40.522570,41.331117,41.343164,
22.319243,30.123656,39.202640,39.440284,39.773057,39.773458,
22.213912,30.063270,39.986275,40.145353,40.622212,40.624281,
22.257580,30.323053,40.895510,40.968474,41.194778,41.190200,
22.511644,30.649495,40.492683,40.652938,40.913206,40.922712,
22.476750,30.904725,40.236347,40.641857,41.171670,41.168910,
22.607201,30.835770,40.042547,40.072643,40.300168,40.302880,
22.397052,30.651357,41.160700,41.164661,41.369698,41.371866,
22.283853,30.241540,39.875835,39.934778,40.076228,40.075799,
22.304451,30.546517,41.272915,41.181224,41.041805,41.047034,
22.445730,30.811568,40.114345,40.137594,40.482666,40.490212,
22.410565,30.841961,39.972348,40.452759,40.656286,40.653222,
22.463436,31.000594,39.523962,39.619473,39.830676,39.825002,
22.346642,31.571692,42.480782,42.466993,42.627975,42.621801,
22.600830,31.819554,42.043661,42.191619,42.512683,42.521528,
22.376382,32.149259,42.242375,42.302498,42.484527,42.483033,
22.151560,32.056065,42.367589,42.646451,42.955877,42.961085,
22.516033,32.904509,43.342560,43.349336,43.602644,43.600953,
22.158540,32.488372,43.613985,43.677312,43.755945,43.753943,
22.203837,32.665953,43.742371,43.701887,43.964011,43.964536,
22.363047,32.330840,42.786122,43.224290,43.388403,43.388633,
22.599690,32.835663,43.610670,43.764354,44.137716,44.139083,
22.282693,32.797012,43.912406,44.159173,44.863812,44.862520,
22.205716,32.327611,42.975009,43.519997,43.614606,43.612668,
22.413403,32.526278,43.574855,43.789239,43.970367,43.967475,
22.333671,33.084735,43.215274,43.308767,43.476079,43.473029,
22.659997,32.603341,44.247688,43.886324,44.030528,44.019609,
22.278002,31.797574,42.827248,42.729580,43.191045,43.199625,
22.164500,31.348897,41.461855,41.611101,41.773293,41.792522,
22.285012,31.540158,41.188381,41.394023,41.526923,41.524376,
22.547521,32.054588,42.122957,42.097595,42.684851,42.694985,
22.305847,31.748366,41.564730,41.889336,42.328605,42.327163,
22.203190,31.716401,41.973034,42.072073,42.424392,42.424392,
22.360099,31.882194,42.791857,42.906337,43.311421,43.304140,
22.399826,31.546503,41.731160,41.600450,41.377553,41.380449,
22.212912,31.141127,40.766832,40.867794,40.760015,40.751359,
22.078801,31.405988,40.553068,40.598835,40.719021,40.719643,
22.356086,31.483132,41.283517,41.500447,41.795091,41.811537,
22.244494,31.107904,40.323528,40.358447,40.179969,40.294299,
22.271710,31.113661,41.211857,41.161053,41.086265,41.072749,
22.580044,30.880036,39.503499,39.573473,39.423151,39.446752,
22.257720,30.628655,39.480501,39.644739,40.001617,40.001301,
22.278940,30.377887,39.977923,40.196129,40.528779,40.523544,
22.012144,30.036250,38.982668,39.107906,39.694076,39.694567,
22.525431,30.697745,39.727341,39.753455,40.235763,40.124354,
22.686196,31.347645,39.026458,39.398187,39.581507,39.581507,
22.328486,30.749569,40.309158,39.997961,39.962285,39.963225,
22.159600,30.454449,39.486578,39.401279,39.497104,39.493820,
22.512515,30.723356,39.280956,39.511705,39.848639,39.843653,
22.170953,30.163366,39.258943,39.266415,39.804775,39.811532,
22.686100,29.669733,38.133190,38.095633,38.279087,38.280222,
22.567448,29.088471,35.903901,36.015545,36.251252,36.239529,
22.604386,29.187490,36.833693,36.829247,36.769181,36.774795,
22.378092,29.022856,35.734510,35.690530,35.810422,35.766336,
22.360315,28.763889,35.622273,35.704751,35.840386,35.823430,
22.143840,28.877325,37.020974,37.204995,37.571700,37.568086,
22.210767,29.205742,37.437241,37.642600,37.952184,37.954421,
22.327067,29.177187,37.605322,37.785307,38.071783,38.073947,
22.336504,29.620418,37.116793,37.341662,37.505951,37.504052,
22.363941,29.444431,37.744385,37.918262,38.051057,38.046281,
22.543474,29.140119,36.540533,36.667951,36.854785,36.855603,
22.538146,28.639273,35.998120,36.211194,36.328941,36.320259,
22.301610,28.178885,35.405452,35.583849,35.955401,35.953657,
22.384067,28.106966,34.675000,34.966467,35.152453,35.157428,
22.406479,28.231337,34.889810,34.863921,34.881141,34.883218,
22.684923,28.101031,34.606767,34.730403,34.905882,34.916333,
22.536891,28.448730,35.645832,35.727945,36.113378,36.118205,
22.298056,28.235188,34.521889,34.768499,34.972055,34.973115,
22.636307,28.419351,35.289328,35.347545,35.643466,35.653374,
22.624084,28.361558,35.756257,35.814451,35.869443,35.856107,
22.739938,28.280968,35.635242,35.785114,35.855414,35.852817,
22.524984,28.534191,35.873630,35.857609,35.873385,35.875179,
22.677436,28.454898,35.807167,35.931103,36.054215,36.056936,
22.427055,28.414584,34.845686,35.064087,35.483465,35.479442,
22.359865,28.075136,34.281136,34.512683,34.936017,34.940355,
22.690143,28.254725,34.894897,34.907997,35.101727,35.104731,
22.463598,28.254078,34.684101,34.911639,35.091053,35.084658,
22.539659,28.083597,35.055936,35.166497,35.244997,35.253894,
22.494862,28.052650,35.056098,35.201301,35.291181,35.290611,
22.289326,27.808789,34.359905,34.440971,34.409819,34.409994,
22.396574,28.043508,35.158832,35.234939,35.442978,35.436486,
22.241999,27.882688,34.423546,34.562180,34.925568,34.919281,
22.449181,28.127314,34.217706,34.431102,34.793840,34.792823,
22.382232,27.903875,34.298223,34.376403,34.595578,34.604820,
22.304670,27.889846,34.659319,34.758999,35.087129,35.087673,
22.227535,27.864652,34.748579,34.818922,34.972817,34.977191,
22.638890,27.956810,34.505185,34.610590,34.598234,34.599328,
22.612813,28.156365,34.920577,34.894659,34.862245,34.866769,
22.392105,27.954334,34.846305,34.897735,35.005427,35.006896,
22.394701,27.936837,34.535957,34.580913,34.811770,34.811643,
22.400187,28.067833,35.028182,34.948990,34.867593,34.876396,
22.537559,28.026921,35.033449,35.198980,35.499707,35.497913,
22.133077,27.718526,34.213619,34.292542,34.346979,34.353753,
22.645561,28.027719,35.004293,35.213946,35.552540,35.593313,
22.518236,28.009966,34.655159,34.779876,35.028635,35.024745,
22.519449,27.882085,34.144111,34.219236,34.365484,34.371594,
22.336061,27.726994,34.897112,34.907313,34.932676,34.934777,
22.584343,28.389181,35.105506,35.305253,35.414104,35.425854,
22.306556,27.945008,35.186566,35.363916,35.526596,35.521331,
22.524569,28.166968,34.628370,34.725448,34.731946,34.727435,
22.352975,27.829201,34.097560,34.268927,34.536127,34.536726,
22.410011,27.711102,34.865082,34.944423,35.084792,35.089281,
22.653564,28.084094,34.419028,34.586505,34.675938,34.671980,
22.259243,27.999335,35.160872,35.187416,35.274955,35.274245,
22.398781,28.212986,34.941164,35.095144,35.300178,35.308902,
22.386604,28.129528,34.494817,34.534643,34.564030,34.562583,
22.321484,27.895062,34.574830,34.687943,34.838630,34.836575,
22.443588,28.015583,34.953048,35.172513,35.275987,35.273146,
22.399548,28.106304,34.758073,34.888195,35.056885,35.058372,
22.802676,28.402792,35.075999,35.125948,35.189551,35.184400,
22.667203,27.966561,34.383725,34.463179,34.587367,34.580098,
22.676586,28.280209,35.275441,35.313862,35.352454,35.348407,
22.348068,28.085869,35.008607,35.126973,35.134221,35.132021,
22.594830,27.913320,34.852717,34.960969,35.201432,35.203668,
22.514215,28.314725,35.117925,35.266815,35.486041,35.483805,
22.601138,27.921252,35.258670,35.231231,35.293739,35.303452,
22.588400,28.048855,35.383054,35.448893,35.458357,35.457764,
22.633583,28.545726,35.473869,35.497317,35.587583,35.590026,
22.439321,28.213367,34.718618,34.873111,34.969259,34.977210,
22.592836,28.260259,35.210201,35.262063,35.554033,35.550854,
22.468871,27.865200,34.540108,34.616548,34.788166,34.789690,
22.537349,28.112092,34.949630,35.016804,35.094222,35.094631,
22.443399,28.238630,35.450980,35.438314,35.482380,35.483721,
22.616989,28.161310,34.664543,34.708675,34.897546,34.891039,
22.467752,28.328783,34.480473,34.679011,34.925361,34.924050,
22.608358,28.149350,34.507710,34.581155,34.660639,34.645621,
22.200112,27.757611,34.502249,34.575631,34.695814,34.687865,
22.479793,28.128326,34.551060,34.586404,34.739668,34.735275,
22.059628,27.741153,34.240105,34.296874,34.477322,34.469763,
22.309345,27.949206,34.900314,35.180257,35.641749,35.634953,
22.503127,28.257169,35.097325,35.171312,35.412262,35.398794,
22.682061,28.060947,34.527831,34.694482,34.989041,34.988908,
===========END============
27.585895,35.433573,45.712558,45.717667,46.138951,46.138951,
27.645452,35.820965,47.440638,47.472329,47.430709,47.430709,
27.591591,35.658290,44.388332,44.039620,43.480819,43.480819,
27.982101,35.618841,46.563615,46.681793,47.009559,47.009559,
28.083611,35.766192,45.765909,45.805855,45.821131,45.821131,
27.523240,35.058452,45.742882,45.682784,45.727090,45.727090,
27.641341,35.363483,45.693574,45.668229,46.030926,46.030926,
27.722645,35.443223,46.338702,46.368292,46.385226,46.385226,
27.834132,35.276349,44.767607,44.686221,44.614103,44.614103,
27.634619,35.458929,46.187534,46.340942,46.616404,46.616404,
27.878750,35.286490,45.251515,45.309475,45.381300,45.381300,
27.784417,36.047798,46.090396,46.133024,46.198749,46.198749,
27.914910,35.776053,46.056811,46.062342,46.129267,46.122355,
27.332082,35.363325,44.983563,45.004868,45.024267,45.022926,
27.970522,35.552805,45.044489,45.458290,45.957481,45.957481,
27.717464,34.885350,46.124082,46.092995,46.053304,46.060107,
27.318838,35.244089,45.822743,45.746073,45.407719,45.407719,
27.943679,35.396183,44.420956,44.512646,44.754336,44.754336,
28.068786,35.349035,44.939352,44.984206,44.972266,44.972266,
27.633135,34.311050,44.300604,44.341372,44.421157,44.421157,
27.435036,35.320435,43.090365,43.312410,43.650462,43.650462,
27.763317,35.352565,44.833069,44.797291,44.644749,44.644749,
27.839979,34.621492,44.703388,44.696234,44.687849,44.687849,
27.305265,34.615177,45.397160,45.419865,45.441860,45.441490,
28.013910,35.286065,44.220546,44.318589,44.493304,44.493304,
27.801187,35.261636,47.460712,47.636334,47.757751,47.757751,
27.973921,35.064322,44.541888,44.567461,44.486153,44.487338,
27.581399,34.835987,43.205781,43.222795,43.257918,43.243657,
27.820126,34.964714,43.270924,43.536788,43.787852,43.788860,
27.402182,34.751911,44.124413,44.148731,44.213953,44.213953,
27.659079,35.271188,44.887073,44.995264,45.239060,45.239060,
27.577986,35.000078,47.026967,47.046147,47.024310,47.024310,
27.818515,34.962750,43.776818,43.762254,43.813188,43.813188,
28.023329,35.334875,44.538234,44.543032,44.564690,44.564690,
27.634542,35.349037,45.988316,46.468886,47.634040,47.634040,
27.707050,34.769388,43.887421,43.891551,43.925775,43.925775,
27.844826,35.370030,45.664853,45.681590,45.720765,45.720765,
27.638897,35.533564,45.364047,45.286091,45.119154,45.119154,
27.564172,35.195699,44.481861,44.503215,44.572140,44.572140,
27.821435,35.835411,45.867362,45.825236,45.781918,45.781918,
27.678502,35.142463,44.066944,44.088780,44.078320,44.079399,
27.366986,35.201133,44.542320,44.487912,44.643156,44.643463,
27.743402,35.380069,45.805755,45.705788,45.460305,45.460305,
27.200841,34.211771,44.891764,44.869711,45.225500,45.225500,
27.876797,35.392213,44.358251,44.357389,44.349633,44.349633,
27.681486,34.971125,44.067936,44.048346,44.026447,44.026447,
28.307498,35.061483,47.052359,46.551895,46.133809,46.133809,
27.747152,35.103406,44.769483,44.775810,44.775810,44.775810,
28.121834,34.944485,46.150829,46.149091,46.162575,46.162575,
27.816019,34.726387,46.473183,46.086488,45.482948,45.482948,
28.139763,35.501685,43.146874,43.147962,43.154277,43.154277,
27.369558,34.431089,42.529659,42.576529,42.854633,42.854633,
27.885707,34.832201,45.469858,45.476084,45.441629,45.441629,
27.848248,34.709127,42.305511,42.695855,42.717135,42.717135,
27.324435,34.161055,42.865898,43.139225,43.355623,43.355623,
27.743747,34.902530,45.934917,45.968117,45.969366,45.969366,
27.879015,34.995413,45.034503,45.046616,45.066879,45.066879,
27.735490,34.815674,44.424513,44.349257,44.425389,44.425389,
27.593327,34.491272,43.878255,43.871052,43.922246,43.922246,
28.134177,35.193738,45.702284,45.376639,45.187418,45.187418,
27.983413,34.882628,43.254139,43.538186,43.778563,43.778563,
28.188641,35.550400,45.735793,45.766704,45.877065,45.877473,
27.038559,34.920256,43.631038,43.632010,43.906912,43.906912,
27.495156,35.060258,44.741754,45.134664,45.954573,45.954573,
27.747423,35.385469,45.582455,45.595817,45.644650,45.644650,
27.795523,34.886718,48.227403,48.298773,48.440711,48.440711,
27.671012,35.215270,45.072150,45.078255,45.106176,45.106176,
27.765261,35.507020,44.808340,44.805471,44.788610,44.788610,
27.527425,34.825232,45.464963,45.605602,45.855219,45.855219,
27.130822,34.685448,45.714694,45.714694,45.737250,45.737250,
27.793673,35.117808,44.921269,44.908521,44.930773,44.930773,
27.881957,35.668701,44.705724,44.708217,44.712582,44.712582,
27.545290,35.602346,46.554904,46.547281,46.686091,46.686091,
27.650401,36.103377,45.947519,45.955403,45.909952,45.909952,
27.692790,36.049650,46.055615,46.125566,46.321721,46.321721,
27.657848,35.542652,47.762668,47.765660,47.781443,47.781443,
27.599289,34.979014,46.328364,46.213574,45.972232,45.972232,
27.943317,35.838627,46.065536,46.054898,45.966138,45.966138,
27.897805,35.412269,45.899406,45.901047,45.756624,45.756624,
27.602441,34.956640,45.896895,45.870645,45.718158,45.718158,
27.453527,34.898215,45.322223,45.373868,45.488353,45.488353,
27.722820,34.619629,43.878722,43.898077,43.864326,43.868434,
27.182510,35.027926,44.054056,44.340155,44.328716,44.328716,
27.893190,34.928149,45.115216,45.081120,45.042574,45.042574,
27.684635,34.567748,44.676309,44.656552,44.608464,44.608464,
27.718077,35.121386,46.071371,46.100477,46.188986,46.197761,
27.561499,34.939200,44.254438,44.239863,44.264557,44.264557,
27.542335,35.156872,44.661811,44.661811,44.668909,44.668909,
27.612831,35.127741,44.640394,44.631810,44.642849,44.642849,
27.787556,35.923579,44.927473,44.915360,44.872098,44.872098,
27.548675,35.659420,45.422069,45.420232,45.442321,45.442321,
27.464991,34.783052,42.610935,42.814268,43.253442,43.252550,
28.255978,35.071843,45.867744,45.875893,45.920575,45.918927,
27.814851,35.784428,45.870085,45.858696,45.834391,45.834391,
27.756839,35.623408,45.457480,45.425009,45.376026,45.376026,
27.747659,35.329374,44.893085,44.644384,44.480733,44.480733,
27.973079,35.323655,46.815664,46.868647,46.957717,46.957717,
27.583980,34.858116,44.974047,44.989981,45.107970,45.107970,
27.684753,35.283148,46.671280,46.599388,46.567708,46.567708,
27.806910,35.542067,44.401636,44.441316,44.605286,44.605286,
27.816356,34.980600,45.483739,45.494092,45.468396,45.468396,
27.967275,35.136196,43.365979,43.429828,43.479865,43.479865,
27.741100,35.301441,44.441243,44.438605,44.438605,44.438605,
28.176834,35.229245,46.736544,46.321467,45.263143,45.263143,
27.719255,35.027402,47.132976,47.194972,47.288810,47.288810,
27.332417,35.081054,45.649051,45.623194,45.571177,45.571177,
27.999102,35.500233,46.370691,46.343354,46.221322,46.228393,
27.641025,34.980059,44.842784,44.838606,44.820337,44.820337,
27.588976,35.168221,44.176374,44.177477,44.173617,44.173617,
27.788120,35.345595,44.032228,44.040772,44.045319,44.045319,
27.569750,35.615546,46.889360,46.891935,46.877530,46.877530,
27.520491,34.969867,45.560000,45.559810,45.567496,45.567496,
27.364236,34.547090,46.052827,46.152513,46.338560,46.338560,
27.818628,35.053138,45.749513,45.637671,45.433955,45.433955,
27.445341,35.521174,45.256132,45.224074,45.211019,45.205423,
27.823473,35.085731,45.625287,45.674941,45.719166,45.719166,
28.222374,35.595291,44.573594,44.598975,44.591535,44.591535,
27.802761,34.916962,44.813227,44.834353,44.872381,44.872381,
27.973663,36.003661,46.891549,46.917908,46.910656,46.910656,
27.889913,35.486838,45.961560,45.995803,46.137272,46.137272,
27.943390,35.364849,46.376808,46.362643,46.324943,46.324943,
27.809644,35.230405,46.885949,46.914863,46.856203,46.856203,
27.536367,34.953394,47.169490,47.350079,47.977394,47.977394,
27.625622,35.588730,45.358998,45.377866,45.423929,45.423929,
27.504139,35.557100,48.791669,48.794863,48.789276,48.789276,
27.728414,34.704647,45.171676,45.229627,45.287649,45.287649,
27.668660,35.248750,47.216818,47.263721,47.357925,47.360220,
27.862628,35.193943,48.224469,48.295790,48.316487,48.316487,
27.473474,34.470735,44.502676,44.488801,44.408066,44.408066,
27.962076,35.290571,44.826479,44.835777,44.820717,44.820717,
27.649992,34.707475,43.850138,43.866540,43.906264,43.906264,
27.696438,35.288713,44.864518,44.810573,44.750676,44.750676,
27.580305,34.380135,44.892557,44.995222,45.051862,45.051862,
27.918160,35.442595,44.288862,44.606390,44.963497,44.963497,
28.259449,35.576832,43.607041,43.383591,42.753398,42.754192,
27.565154,35.231890,45.100842,45.030452,44.814684,44.814684,
27.920761,35.117476,43.297040,43.620728,44.399712,44.399712,
28.054764,35.259326,44.799001,44.805052,44.715157,44.715157,
27.878878,35.738304,44.615571,44.591535,44.623817,44.623817,
27.602464,34.732496,44.695476,44.874060,45.162907,45.162907,
27.956220,35.252279,46.240408,46.348183,46.505593,46.505593,
27.932334,35.461426,44.374564,44.530897,44.706756,44.706756,
27.965312,35.567462,45.268525,45.200621,45.054056,45.054056,
28.170032,35.127044,45.242650,45.205707,45.210953,45.210953,
27.816574,34.996827,43.495116,43.555944,43.633060,43.634033,
27.746832,35.544144,46.610000,46.489035,46.163828,46.163828,
27.797925,36.072776,46.725836,46.769829,46.812248,46.812248,
27.782222,35.428760,46.674833,46.660640,46.664551,46.664551,
27.088593,35.392133,45.732019,45.772748,45.860854,45.860854,
27.582451,35.152231,45.306657,45.315251,45.324131,45.324131,
27.460872,35.598908,46.840324,46.822791,46.810383,46.810383,
27.901802,36.031885,46.787464,46.928581,47.086278,47.086278,
28.115096,35.673805,47.524399,47.569941,47.587446,47.587446,
28.316687,36.204695,47.533910,47.395159,47.116156,47.116156,
27.549646,35.361415,45.235386,45.244192,45.236090,45.236090,
27.297067,35.224841,46.172252,46.165272,46.194578,46.187561,
27.691595,35.522821,44.489894,44.633169,44.623377,44.623377,
27.381905,34.624314,46.072438,46.114027,46.222647,46.222647,
28.576411,35.539891,46.408763,46.458846,46.475670,46.475670,
27.790732,34.795428,42.958090,42.977924,43.013064,43.013064,
27.836377,35.189879,44.850627,44.856993,44.881900,44.881900,
28.053793,35.105416,44.159276,44.151318,44.148029,44.148029,
27.327375,34.722117,44.309676,44.375791,44.528056,44.528056,
27.824593,35.583261,45.458799,45.493765,45.516983,45.516983,
27.587949,35.041398,46.266265,46.225519,46.084830,46.084830,
28.439042,35.998123,44.560959,44.624008,44.536324,44.536324,
27.480381,34.803152,45.513534,45.586173,45.767301,45.767301,
27.217817,34.924849,48.114213,48.049152,47.929728,47.929728,
27.461138,34.865423,43.641341,43.898448,44.177046,44.177046,
27.263842,34.233052,44.804216,44.780383,44.774287,44.774287,
28.083175,35.649254,46.466666,46.572134,46.816836,46.816836,
27.802262,35.700428,45.751890,45.868787,45.766679,45.773047,
27.714362,35.546206,45.486628,45.392482,45.144905,45.144905,
27.409701,35.722491,44.804375,44.794111,44.789345,44.789345,
27.376310,35.603548,47.908552,47.952406,48.034085,48.034085,
28.170153,36.044734,45.523229,45.489892,45.465705,45.465705,
27.482971,35.814685,45.275401,45.386557,45.456716,45.456716,
27.791035,35.352743,45.696679,45.714326,45.703337,45.703337,
27.999426,36.431725,46.167943,46.106440,45.975543,45.975543,
28.282103,36.639796,45.866853,45.886024,45.879080,45.879080,
27.590276,35.739756,47.800299,48.014480,48.156929,48.159688,
27.912698,36.351113,49.713873,49.697128,49.660661,49.660661,
28.053422,36.909961,45.324400,45.652584,46.056758,46.056758,
27.954970,36.797215,46.401881,46.410637,46.425885,46.425885,
27.776432,36.873333,47.368048,47.395014,47.384612,47.384612,
27.528523,36.818282,48.074282,48.246808,48.846787,48.846787,
27.991403,37.840323,48.134489,48.184339,48.231961,48.231961,
28.150060,38.252399,48.055800,48.077412,48.078089,48.078089,
27.559013,37.117821,50.265608,50.391522,50.585553,50.585553,
27.638287,38.096466,50.350262,50.343412,50.383526,50.383526,
27.481654,37.173244,49.365251,48.899748,49.272663,49.272663,
27.442647,37.397326,48.521748,48.506774,48.452552,48.452552,
27.418535,37.613582,49.986433,50.003542,50.049411,50.049411,
28.135952,37.869402,48.134489,48.161154,48.207823,48.207823,
27.721105,38.260628,49.301736,49.260865,49.249765,49.249765,
27.965259,37.499271,46.991528,46.985732,46.965637,46.965637,
27.612247,36.839436,48.981412,48.944055,48.920971,48.924261,
27.652306,36.428417,48.025881,48.067057,48.046336,48.046336,
27.698972,36.775165,48.884995,48.897857,48.727647,48.727647,
27.449975,36.322134,48.418866,48.599073,48.599646,48.599646,
27.644004,37.403847,46.994165,46.970488,46.914702,46.922998,
27.926937,37.428868,49.395698,49.334451,49.326827,49.326827,
27.583175,36.641642,48.519311,48.569446,48.720085,48.720085,
27.907373,36.447170,48.135047,48.137106,48.131618,48.131618,
27.231165,36.212061,49.204329,49.200820,49.254202,49.254202,
28.080314,36.259307,46.036371,46.558720,47.264563,47.264563,
27.197362,36.058039,47.914580,47.980786,48.137020,48.137020,
27.455074,36.559597,45.687541,45.772325,45.930062,45.930062,
27.797890,36.143104,45.460235,45.569823,45.745504,45.745504,
28.045031,36.448728,44.923663,44.940893,44.966866,44.966866,
27.476503,34.537384,46.458496,46.344007,46.225823,46.225823,
27.931474,35.682387,46.536376,46.548739,46.452205,46.452205,
27.580582,36.006024,44.854312,44.900654,44.990854,44.990854,
27.500015,35.486815,46.440375,46.448743,46.519582,46.519582,
27.881062,35.785706,46.171025,46.206636,46.201029,46.201029,
28.299743,35.590635,45.066964,45.260709,45.573649,45.573649,
27.460460,35.492495,46.445893,46.591537,46.748213,46.748213,
27.939057,34.781284,43.564618,43.413966,43.844338,43.844338,
27.804813,34.898233,43.439053,43.501161,43.617666,43.621547,
28.082127,34.250341,43.070787,43.108576,42.988622,42.988622,
27.471001,33.613932,42.146426,42.141590,42.196478,42.196478,
27.474111,33.794904,42.389246,42.481213,42.667063,42.667063,
28.421970,34.066981,42.536849,42.801880,43.130764,43.130764,
28.171536,33.899459,41.628608,41.635822,41.703482,41.703482,
27.635297,34.631594,43.792771,43.771618,43.232922,43.232922,
27.698691,34.523806,42.944636,43.018355,42.916383,42.916383,
27.393109,34.672074,42.739856,42.793875,42.905410,42.905410,
28.436190,34.767806,42.138064,42.137891,42.168350,42.168350,
27.682968,33.759246,42.555605,42.493023,42.250630,42.250630,
27.804153,34.179325,41.288451,41.275989,41.236573,41.236573,
27.811324,33.305938,40.705910,40.798539,41.010514,41.010514,
27.898709,33.524185,40.838224,40.860784,40.830049,40.830049,
28.123061,33.076357,40.725604,40.747210,40.686167,40.686167,
28.073793,33.376973,41.044653,41.281614,41.625043,41.627496,
27.740514,33.382725,41.446312,41.497795,41.615304,41.615304,
27.349040,33.457055,41.370944,41.363435,41.415692,41.415692,
27.654228,33.774310,40.879911,40.887534,41.044075,41.044075,
27.821151,33.504117,41.136950,41.180999,41.252982,41.252982,
27.528546,33.038957,40.319995,40.395078,40.642109,40.642109,
27.633638,33.577262,41.082882,41.083423,41.084911,41.084911,
27.733999,33.054425,40.505343,40.626381,40.920179,40.920179,
27.622681,33.450321,41.427656,41.441149,41.456158,41.456158,
27.784398,33.679625,41.218490,41.128441,40.853561,40.853561,
27.272938,33.245417,41.654085,41.511434,41.375780,41.375780,
28.019371,33.119582,40.358340,40.424320,40.477647,40.477647,
27.701072,33.267274,41.431236,41.442976,41.454749,41.454749,
27.814624,33.525035,40.922190,40.949913,41.018403,41.018403,
27.913277,33.964444,40.612264,40.626366,40.688173,40.688173,
27.504590,33.639851,39.769145,39.755672,39.721825,39.721825,
27.306251,33.123250,40.955779,40.962089,41.021961,41.021961,
27.925333,32.920414,40.885958,40.871505,40.859668,40.859668,
27.746362,33.125080,41.246148,41.100315,40.855815,40.855815,
26.807355,32.569924,40.634059,40.781446,40.986081,40.986081,
27.684180,33.360399,40.720685,40.714841,40.710866,40.708880,
27.616008,33.536404,39.030504,39.062665,39.085918,39.085918,
27.587182,32.891021,39.605439,39.713028,39.807591,39.807591,
27.443431,32.769751,40.669194,40.686444,40.650542,40.650542,
27.575717,33.122831,41.110198,41.108020,41.111831,41.111831,
27.850635,32.981001,41.583644,41.629883,41.681740,41.681740,
27.691538,32.749024,40.066972,40.185033,40.304583,40.304131,
27.674451,32.834691,39.277429,39.355966,39.548481,39.548481,
27.245397,32.901453,40.680291,40.694121,40.700557,40.700557,
28.103396,32.860622,40.469771,40.488604,40.478706,40.478706,
27.941671,32.833831,40.044796,40.044796,39.988081,39.988081,
27.847682,32.699201,39.796035,39.867832,39.944062,39.944062,
27.119271,32.377836,39.495327,39.521212,39.542790,39.542790,
27.463177,32.806795,40.243323,40.449718,40.712620,40.744534,
27.231903,32.908852,41.232949,41.239675,41.248519,41.248519,
27.744321,33.136978,39.985704,40.041216,40.052831,40.052831,
27.443355,33.325663,40.122408,40.217556,40.101317,40.101317,
27.952522,33.126501,40.542567,40.501200,40.543881,40.543881,
27.108414,33.284012,40.447000,40.451209,40.552971,40.552971,
28.045203,33.284075,39.205245,39.313234,39.438309,39.438309,
27.737402,33.894985,41.050892,41.119506,41.327520,41.327520,
27.664609,32.758489,39.692111,39.763395,39.906682,39.906682,
28.398513,33.485477,40.404634,40.404172,40.450229,40.450229,
27.691181,33.580507,40.757324,40.747171,40.715610,40.715610,
26.932472,32.783696,39.954415,39.909585,39.737928,39.737928,
27.560782,32.981759,40.432595,40.436352,40.441017,40.441017,
28.148291,34.152641,40.212924,40.238240,40.285038,40.285038,
27.526922,32.795639,39.369090,39.319870,39.251195,39.249776,
28.084917,33.196716,40.539008,40.513781,40.468105,40.468105,
28.168411,33.585711,41.161380,41.194561,41.203453,41.194561,
27.938770,33.787733,41.797751,41.767875,41.750173,41.750173,
27.509709,33.278947,40.064156,40.175549,40.267058,40.267058,
27.880243,33.410890,41.440479,41.447387,41.476168,41.476168,
27.444400,33.670278,40.877975,40.863034,41.047964,41.047964,
27.230798,32.656161,40.501651,40.529665,40.566018,40.566018,
27.970011,33.467829,41.355236,41.369662,41.374288,41.374288,
27.934897,33.017743,39.396357,39.492448,39.697048,39.697048,
27.543022,33.083193,39.133653,39.122529,39.120376,39.120376,
27.677171,33.362352,39.658383,39.633510,39.645929,39.645929,
28.006351,33.685755,39.790946,39.828478,39.988660,39.990342,
27.387384,32.952925,41.994683,41.936341,41.912698,41.912698,
27.262806,33.160577,39.432137,39.328408,39.223218,39.223218,
27.770164,32.994274,39.973448,40.011330,40.056481,40.056481,
27.459212,33.167283,41.955512,41.947582,41.935714,41.935714,
28.073171,33.779260,40.289782,40.338281,40.318272,40.320087,
27.732526,32.841598,40.334501,40.347271,40.367414,40.367414,
27.932614,33.524026,42.097616,42.146588,42.244097,42.244097,
===========END============
34.196104,41.187004,55.645158,55.645158,55.645158,55.645158,
34.819088,42.864344,54.014940,54.014940,54.014940,54.014940,
34.158061,42.561875,58.110118,58.110118,58.110118,58.110118,
34.332958,42.750976,53.406511,53.425027,53.462298,53.462298,
34.139374,42.221162,53.304084,53.304084,53.304084,53.304084,
35.924019,41.676939,56.218728,56.218728,56.218728,56.218728,
33.721462,42.196696,48.780958,48.780958,48.780958,48.780958,
35.295793,42.325272,53.311986,53.311986,53.311986,53.311986,
34.429359,41.607436,52.056071,52.056071,52.056071,52.056071,
34.957611,42.629181,51.653400,51.653400,51.653400,51.653400,
34.206621,42.374868,49.610019,49.610019,49.610019,49.610019,
34.287801,43.035550,53.523999,53.523999,53.524593,53.524593,
34.484088,41.890171,50.199922,50.199922,50.199922,50.199922,
33.642470,41.307354,49.561748,49.561748,49.561748,49.561748,
33.963594,42.230610,55.378003,55.378003,55.378003,55.378003,
34.993054,41.018936,51.217077,51.217077,51.217077,51.217077,
34.506868,42.587238,53.444059,53.444059,53.444059,53.444059,
33.439864,42.051832,49.173556,49.173556,49.173556,49.173556,
34.872721,42.987548,53.666463,53.666463,53.666463,53.666463,
34.899660,43.171022,53.782323,53.782323,53.702474,53.702474,
33.919780,41.185082,48.914758,49.849192,52.690197,52.690197,
34.583723,41.295007,51.183724,51.183724,51.183724,51.183724,
34.438344,41.375011,52.809825,52.809825,52.809825,52.809825,
34.881636,41.600507,49.444409,49.448121,49.453695,49.453695,
35.140875,41.927285,52.898933,52.898933,52.898933,52.898933,
34.076329,40.447643,53.798724,53.798724,53.798724,53.798724,
33.889535,40.683976,56.400098,56.400098,56.400098,56.400098,
33.751873,40.731182,49.451778,49.451778,49.451778,49.451778,
34.767616,41.855743,48.005272,48.168106,48.157058,48.157058,
33.759318,40.872664,52.473649,52.473649,52.475513,52.475513,
33.973882,42.300898,52.367476,52.352954,52.324057,52.324057,
34.207102,41.906256,53.379887,53.379887,53.379887,53.379887,
34.892482,41.935909,51.502849,51.502849,51.502849,51.502849,
33.862902,41.842391,54.032078,54.032078,54.032078,54.032078,
33.527685,40.448059,51.213591,51.219170,51.264065,51.264065,
33.760967,41.710724,53.890695,53.890695,53.890695,53.890695,
35.676844,43.898109,54.971893,54.971893,54.971893,54.971893,
32.799518,39.314089,49.234549,49.234549,49.234549,49.234549,
34.401757,40.683359,50.701223,50.701223,50.701223,50.701223,
34.195886,43.056780,50.023103,50.018866,50.010405,50.010405,
34.558228,42.928896,52.142712,52.142712,52.142712,52.142712,
34.106865,40.598457,50.321151,50.394407,50.468919,50.468919,
33.809932,41.390183,53.418798,53.418798,53.418798,53.418798,
35.236021,43.291062,55.500399,55.440960,55.324468,55.324468,
34.283753,41.073053,49.141161,49.141161,49.141161,49.141161,
33.979373,41.278721,54.018761,54.018761,54.018761,54.018761,
35.180995,42.663485,49.264701,49.250486,49.222193,49.222193,
34.903412,40.579105,55.874695,55.878774,55.886943,55.886943,
33.895922,41.464540,52.893799,52.893799,52.893799,52.893799,
33.776389,40.989083,54.426941,54.426941,54.426941,54.426941,
34.181544,41.046505,53.776975,53.776975,53.776975,53.776975,
33.663880,41.860989,49.921506,49.921506,49.921506,49.921506,
35.126705,41.761169,52.918756,52.918756,52.918756,52.918756,
35.415663,41.592238,46.696794,46.696794,46.696794,46.696794,
34.126043,41.706213,53.347299,53.347299,53.347299,53.347299,
34.058462,41.218856,52.958025,52.958025,52.958025,52.958025,
34.956320,41.643020,50.657849,50.737065,50.899966,50.899966,
34.392362,43.229858,56.049668,56.049668,56.066681,56.066681,
34.394901,41.697654,53.428362,53.437658,53.456307,53.456307,
33.735074,42.601498,54.197573,54.197573,54.197573,54.197573,
33.640765,41.817039,53.149254,53.149254,53.149254,53.149254,
33.374936,40.678527,53.451929,53.490022,53.490610,53.490610,
34.490349,41.886202,49.632481,49.632481,49.632481,49.632481,
34.195058,41.504619,55.118405,55.118405,55.118405,55.118405,
35.179032,42.931392,51.905959,51.879880,51.828186,51.828186,
33.810393,41.725451,50.371381,50.371381,50.371381,50.371381,
34.499014,42.002303,56.120548,56.124865,56.124865,56.124865,
33.802647,40.944366,52.514951,52.514951,52.514951,52.514951,
33.834019,41.942396,52.472718,52.472718,52.472718,52.472718,
34.547715,42.316717,50.744253,50.744253,50.744253,50.744253,
34.572595,41.427903,50.000247,50.000247,50.000247,50.000247,
34.796020,41.245253,49.956652,49.956652,49.956652,49.956652,
35.087682,43.220347,54.115566,54.115566,54.115566,54.115566,
34.593534,42.551241,55.379821,55.379821,55.379821,55.379821,
34.436102,41.637493,50.915312,50.915312,50.915312,50.915312,
33.632900,41.268845,51.127246,51.121783,51.110878,51.110878,
34.566514,42.338030,55.919519,55.919519,55.919519,55.919519,
34.072406,42.091864,54.137716,54.137716,54.137716,54.137716,
34.806923,44.510058,57.544452,57.544452,57.544452,57.544452,
33.835716,41.858481,54.861127,54.861127,54.861127,54.861127,
35.469074,42.444368,52.071754,52.071754,52.078553,52.078553,
35.275505,43.495985,51.719750,51.744883,51.770162,51.770162,
34.871495,44.406703,50.844557,50.844557,50.844557,50.844557,
35.742027,42.775236,54.247915,54.293003,54.338563,54.338563,
33.839522,40.434276,50.685534,50.685534,50.685534,50.685534,
34.747508,41.694752,49.574512,49.574512,49.574512,49.574512,
33.865995,42.026177,51.321827,51.321827,51.321827,51.321827,
34.107301,43.126945,56.370577,56.370577,56.370577,56.370577,
35.552753,42.332345,53.888759,53.766612,54.014442,54.014442,
33.996558,40.772464,50.997588,50.997588,50.997588,50.997588,
34.281844,41.823481,52.463065,52.463065,52.463065,52.463065,
34.272157,40.803404,52.841141,52.841141,52.841141,52.841141,
35.310636,42.547532,53.152384,53.294085,53.592161,53.592161,
34.620963,42.093304,54.287695,54.284866,54.279215,54.279215,
34.175715,43.685308,53.364706,53.364706,53.364706,53.364706,
34.165136,43.618712,54.636981,54.636981,54.636981,54.636981,
34.084996,41.122175,53.242350,53.242350,53.242350,53.242350,
35.364872,42.609180,54.840996,54.837783,54.837783,54.837783,
34.926112,41.788075,57.012472,57.098083,57.274541,57.274541,
35.136259,43.243740,54.736026,54.736026,54.736026,54.736026,
34.477599,40.956387,51.604699,51.598602,51.586434,51.586434,
34.677504,41.467939,52.586425,52.594081,52.617129,52.617129,
34.119564,40.100561,48.318455,48.318455,48.318455,48.318455,
33.211418,40.609867,48.334813,48.289076,48.154688,48.154688,
35.407875,41.264003,51.432372,51.824875,52.735599,52.735599,
33.920484,41.083212,54.026746,54.026746,54.026746,54.026746,
34.528745,41.962691,51.256228,51.256228,51.256228,51.256228,
33.591819,40.229563,47.545650,47.545650,47.545650,47.545650,
34.562504,42.090478,59.904845,59.904845,59.904845,59.904845,
35.552013,41.299909,55.456669,55.456669,55.456669,55.456669,
34.223558,41.490472,52.781732,52.789740,52.805800,52.805800,
33.670296,41.396957,54.801807,54.801807,54.801807,54.801807,
34.175817,40.938482,52.511308,52.511308,52.511308,52.511308,
34.157180,42.559856,56.138924,56.138924,56.138924,56.138924,
34.413185,42.582889,53.208429,53.208429,53.208429,53.208429,
34.728631,42.209947,55.066266,55.012446,54.851654,54.851654,
33.354556,41.333060,51.908310,51.908310,51.909946,51.909946,
34.553505,41.385767,53.581177,53.581177,53.581177,53.581177,
34.912940,42.002459,57.668219,57.668219,57.668219,57.668219,
33.864025,41.800413,49.901108,49.901108,49.901108,49.901108,
33.894546,42.528197,55.747136,55.747136,55.747136,55.747136,
33.976894,42.496837,51.220130,51.197850,51.197850,51.197850,
34.912443,42.081138,51.698852,51.700411,51.701971,51.701971,
35.077776,42.966887,54.034079,54.034079,54.034079,54.034079,
34.391343,41.113474,49.886258,49.890367,49.890367,49.890367,
35.691118,42.222063,56.691501,56.691501,56.691501,56.691501,
33.797869,42.332661,51.841253,51.841253,51.841253,51.841253,
35.776235,41.494086,53.038705,53.038705,53.036584,53.036584,
34.416936,41.670846,56.795772,56.795772,56.795772,56.795772,
35.017944,42.327231,54.032745,54.032745,54.032745,54.032745,
34.381857,42.084437,49.625706,49.684122,49.803364,49.803364,
33.691611,40.705561,48.690257,48.690257,48.690257,48.690257,
33.774825,41.175995,53.277239,53.277239,53.277239,53.277239,
33.255650,41.138928,53.148030,53.148030,53.148030,53.148030,
34.104513,42.339961,50.260778,50.260778,50.260778,50.260778,
33.843626,41.025998,50.667135,50.667135,50.667135,50.667135,
33.665141,41.150848,53.254878,53.254878,53.254878,53.254878,
34.375097,41.978600,53.589299,53.589299,53.589299,53.589299,
34.082675,40.663718,51.902282,51.876225,51.824574,51.824574,
34.542245,40.233412,48.436526,48.436526,48.436526,48.436526,
33.981276,42.442448,51.460499,51.436955,51.413538,51.413538,
34.579744,42.562030,53.081221,53.081221,53.081221,53.081221,
33.977025,40.892095,54.073621,54.030744,53.822488,53.822488,
34.355513,41.293196,48.867904,48.867904,48.867904,48.867904,
34.438842,41.515112,51.140161,51.140161,51.140161,51.140161,
34.173850,40.560550,49.756644,49.760632,49.760632,49.760632,
34.862568,43.023096,52.341756,52.348992,52.370772,52.370772,
34.584931,42.664836,60.131750,60.131750,60.131750,60.131750,
34.364301,43.594180,51.699144,51.674274,51.624957,51.624957,
34.604194,42.331849,55.364161,55.364161,55.364161,55.364161,
34.851096,41.958117,58.151243,58.151243,58.151243,58.151243,
33.631386,42.812153,55.642741,55.658229,55.642741,55.642741,
33.304277,41.473771,47.936769,47.937424,47.938080,47.938080,
33.833635,40.381339,56.602611,56.602611,56.602611,56.602611,
35.249341,43.728389,54.606618,54.606618,54.606618,54.606618,
34.538316,41.578022,50.296464,50.300980,50.310028,50.310028,
34.264944,40.539545,54.188922,54.188922,54.188922,54.188922,
34.872585,42.747130,53.260736,53.260736,53.260736,53.260736,
34.480512,41.923919,56.501940,56.501940,56.501940,56.501940,
34.581452,42.781069,50.843517,50.843517,50.843517,50.843517,
35.190744,41.304818,49.512888,49.512888,49.512888,49.512888,
33.947971,43.023876,53.753145,53.753145,53.753145,53.753145,
33.497696,41.392416,52.348540,52.348540,52.348540,52.348540,
35.491469,42.776260,55.629716,55.629716,55.629716,55.629716,
34.841335,42.131418,55.749116,55.749116,55.733301,55.733301,
34.285999,42.236317,54.519020,54.519020,54.519020,54.519020,
33.905930,42.793875,50.289768,50.289768,50.289768,50.289768,
34.768416,42.521787,55.108354,55.163383,55.275579,55.275579,
34.344668,41.850565,50.089847,50.089847,50.088771,50.088771,
35.980635,42.188390,54.371246,54.345366,54.322491,54.322491,
33.819988,41.061992,48.052264,48.052264,48.052264,48.052264,
34.717634,42.020267,53.311139,53.319620,53.336064,53.336064,
35.092385,42.412377,52.421101,52.421101,52.421101,52.421101,
34.251898,41.999994,53.852937,53.852937,53.852937,53.852937,
34.137732,41.934901,54.424568,54.424568,54.424568,54.424568,
34.484950,42.894427,53.140692,53.140692,53.140692,53.140692,
34.437646,41.373962,52.024770,52.024770,52.024770,52.024770,
34.349563,42.485216,55.283800,55.116265,54.600343,54.600343,
34.137810,40.481782,56.456835,56.438227,56.401249,56.401249,
34.148173,43.071442,54.483359,54.483359,54.483359,54.483359,
34.842633,43.394748,52.573656,52.573656,52.604269,52.604269,
34.241551,42.114243,54.315011,54.315011,54.315011,54.315011,
33.903916,44.355592,52.118179,52.118179,52.118179,52.118179,
33.734758,42.040150,53.505796,53.505796,53.505796,53.505796,
34.817384,43.248233,50.072395,50.072395,50.072395,50.072395,
33.681390,45.069292,54.006976,54.006976,54.006976,54.006976,
33.564170,43.644283,49.534615,49.538404,49.549793,49.549793,
34.445627,46.496086,58.466738,58.466738,58.466738,58.466738,
34.383321,43.933542,54.651762,54.840393,55.272472,55.272472,
34.242424,44.146026,52.976551,54.217535,55.036120,55.036120,
33.597746,42.311856,58.562201,58.442736,58.442736,58.442736,
34.947061,43.446186,55.039693,54.881150,55.204244,55.204244,
35.048111,46.630058,55.328286,55.328286,55.313929,55.313929,
33.218538,44.692369,54.980596,55.212331,55.700864,55.700864,
34.034514,44.320602,57.652075,57.652075,57.652075,57.652075,
34.590170,43.265191,56.732599,56.653835,56.500469,56.500469,
34.466882,43.677650,56.131077,56.131077,56.131077,56.131077,
33.855316,42.116677,54.592180,54.592180,54.592180,54.592180,
33.694810,43.573189,53.813284,53.803150,53.787993,53.787993,
34.000322,43.979449,59.676960,59.676960,59.676960,59.676960,
34.291827,43.982201,56.418543,56.418543,56.418543,56.418543,
34.257645,43.360091,54.312876,54.312876,54.312876,54.312876,
34.330932,44.015770,57.778993,57.778993,57.778993,57.778993,
33.536709,41.796655,55.544338,55.793157,56.338134,56.338134,
35.216317,43.648615,57.594900,57.594900,57.594900,57.594900,
35.529229,42.710514,56.489005,56.489005,56.489005,56.489005,
33.567565,40.647949,54.988277,54.988277,55.001595,55.001595,
35.465932,42.438496,55.779175,55.715824,55.591828,55.591828,
34.720721,41.696807,54.364402,54.364402,54.364402,54.364402,
34.791957,43.121386,48.832866,49.044185,49.500421,49.500421,
34.644152,43.879317,51.333723,51.356712,51.403060,51.403060,
34.355271,40.894361,52.647081,52.647081,52.647081,52.647081,
34.986866,42.573644,52.510016,52.502507,52.495012,52.495012,
33.681304,42.544228,53.243879,53.279621,53.352001,53.352001,
34.434817,41.319844,53.447118,53.447118,53.447118,53.447118,
34.731435,42.482251,49.308753,49.294393,49.294393,49.294393,
32.987089,41.512479,55.333007,55.275801,55.163600,55.163600,
35.267552,41.800603,48.505559,48.508549,48.514535,48.514535,
33.346658,41.061353,53.062111,53.062111,53.062111,53.062111,
34.404459,40.053805,48.551474,48.551474,48.563574,48.563574,
32.823644,39.934219,49.075276,49.075276,49.075276,49.075276,
34.042824,38.663596,49.424628,49.424628,49.424628,49.424628,
34.729950,41.755816,49.024089,49.024089,49.024089,49.024089,
33.750707,40.760140,48.891880,48.891880,48.891880,48.891880,
33.760688,41.306170,50.496086,50.496086,50.496086,50.496086,
34.114963,40.980735,47.807969,47.807969,47.807969,47.807969,
34.143564,41.672037,50.242278,50.314204,50.461733,50.461733,
34.025326,41.910744,50.292374,50.292374,50.292374,50.292374,
34.688815,40.513106,46.115750,46.115750,46.115750,46.115750,
35.368980,41.346891,49.366618,49.366618,49.366618,49.366618,
33.452594,39.590251,47.274752,47.274752,47.274752,47.274752,
35.180190,40.082039,49.275059,49.275059,49.275059,49.275059,
33.902375,39.095429,43.380662,43.380662,43.380662,43.380662,
35.014902,40.319683,50.259029,49.977444,49.463757,49.463757,
34.290159,39.338879,49.419668,49.419668,49.419668,49.419668,
34.245278,39.910947,47.268354,47.268354,47.268354,47.268354,
33.652640,39.187719,49.587374,49.587374,49.587374,49.587374,
34.579678,40.602330,48.936364,48.936364,48.936364,48.936364,
33.976502,39.201576,46.937750,46.937750,46.937750,46.937750,
33.808116,40.233558,48.445453,48.457260,48.480971,48.480971,
34.340911,39.411215,46.785578,46.785578,46.785578,46.785578,
35.120904,40.174355,47.664870,47.664870,47.664870,47.664870,
34.075861,39.011887,49.159852,49.173774,49.201752,49.201752,
34.286249,40.424865,47.717757,47.757830,47.798275,47.798275,
35.197336,40.210275,47.443673,47.296404,47.153965,47.153965,
34.338352,38.773580,47.481284,47.481284,47.481284,47.481284,
34.497887,40.368074,47.375278,47.412299,47.449638,47.449638,
34.206230,40.552507,51.082383,51.087796,51.087796,51.087796,
34.537387,39.320017,46.994165,46.994165,46.994165,46.994165,
35.044296,39.401584,46.746655,46.746655,46.746655,46.746655,
34.182838,40.852262,47.149998,47.149998,47.149998,47.149998,
33.964546,39.119784,48.392669,48.404333,48.427756,48.427756,
34.515530,38.854432,47.286940,47.286940,47.286940,47.286940,
34.228408,39.893959,47.960472,47.960472,47.960472,48.221231,
34.505343,38.900562,47.124677,47.124677,47.124677,47.124677,
34.113655,39.374916,43.873286,43.873286,43.873286,43.873286,
35.165521,39.792252,46.190383,46.304104,46.540889,46.540889,
34.415231,40.079971,45.987008,45.987008,45.987008,45.987008,
34.426404,39.943600,47.540898,47.540898,47.540898,47.540898,
35.152693,40.544001,45.790857,45.771703,45.765337,45.765337,
35.491049,39.775860,47.618669,47.616233,47.616233,47.616233,
34.654641,39.492120,47.934516,47.934516,47.934516,47.934516,
35.301618,40.243623,47.691388,47.691388,47.691388,47.691388,
35.185446,40.276828,46.909912,46.909912,46.909912,46.909912,
32.677946,38.774549,47.321043,47.321043,47.321043,47.321043,
34.942509,40.096525,47.245025,47.245025,47.245025,47.245025,
35.246064,39.807118,45.006662,45.001324,44.985348,44.985348,
34.294449,39.251733,48.180524,48.169445,48.158394,48.158394,
35.229010,41.333794,45.388562,45.388562,45.388562,45.388562,
35.455068,40.152615,47.430855,47.430855,47.430855,47.430855,
34.701186,39.777330,49.366105,49.424802,49.484302,49.484302,
33.517165,39.554833,46.047759,46.047759,46.047759,46.047759,
35.757946,41.127100,49.037371,48.976985,48.871662,48.871662,
34.256167,39.060483,43.762991,43.762991,43.761988,43.761988,
35.068604,39.966794,47.791257,47.791257,47.791257,47.791257,
34.803172,39.232897,48.964717,49.018199,49.127182,49.127182,
34.377605,39.064900,47.464054,47.426591,47.426591,47.426591,
33.699539,39.265091,46.809276,46.809276,46.809276,46.809276,
34.011955,39.293385,46.517632,46.517632,46.517632,46.517632,
35.902134,39.636163,46.899124,46.899124,46.907391,46.907391,
34.236718,40.873816,45.399534,45.405386,45.411245,45.411245,
34.334076,40.077321,47.257970,47.255728,47.215569,47.215569,
34.880383,39.460148,49.148953,49.162840,49.190747,49.190747,
34.306470,40.577306,47.282321,47.282321,47.282321,47.282321,
35.466296,39.724063,46.622120,46.622120,46.622120,46.622120,
33.623806,39.906631,46.568725,46.568725,46.568725,46.568725,
34.588905,40.209127,44.767054,44.767054,44.767054,44.767054,
34.147683,39.659089,47.741623,47.739743,47.735986,47.735986,
34.220259,39.158870,48.197501,48.197501,48.197501,48.197501,
34.975542,40.219427,47.194730,47.194730,47.194730,47.194730,
34.466491,39.784496,47.545725,47.545725,47.545725,47.545725,
34.407725,39.737221,50.837121,50.837121,50.837121,50.837121,
35.314171,40.415597,46.508953,46.478861,46.419294,46.419294,
34.058747,40.614798,44.709990,44.790555,44.956314,44.956314,
34.573156,40.189338,47.548272,47.538692,47.538692,47.538692,
35.271190,40.079783,47.172513,47.172513,47.172513,47.172513,
33.806474,40.318222,49.355869,49.355869,49.341352,49.341352,
34.540989,38.994260,45.272139,45.277821,45.289208,45.289208,
34.945937,40.517580,46.768608,46.768608,46.768608,46.768608,
34.679336,40.139498,46.275869,46.275869,46.275869,46.275869,
===========END============
