29.102724,32.372400,33.371448,33.393569,33.407938,33.408239,
29.264670,32.179262,33.382848,33.421913,33.438982,33.440262,
28.854024,32.256572,33.357475,33.377221,33.407528,33.404913,
29.060063,32.257550,33.362317,33.380605,33.389338,33.389591,
28.826622,32.087696,33.314247,33.317323,33.324774,33.328379,
29.064231,32.177935,33.355974,33.383645,33.402087,33.404464,
28.884301,32.362080,33.388010,33.414289,33.446011,33.446734,
29.172050,32.085624,33.349732,33.363850,33.367465,33.370488,
29.243787,32.212329,33.355627,33.387354,33.401219,33.404034,
29.084100,32.117364,33.349109,33.368800,33.382697,33.383421,
29.215901,32.186851,33.382827,33.406145,33.411645,33.412131,
29.098216,32.262267,33.385321,33.397283,33.400234,33.399727,
29.088530,32.184156,33.300658,33.320573,33.347397,33.347124,
29.037335,32.292402,33.303872,33.327766,33.356805,33.360002,
29.155926,32.109926,33.342005,33.362544,33.382917,33.384158,
28.877435,32.169044,33.335681,33.348605,33.363558,33.362781,
29.255765,32.353204,33.341247,33.360417,33.382548,33.383237,
29.169880,32.208898,33.323143,33.340940,33.359361,33.358173,
29.344825,32.106133,33.301265,33.320464,33.362282,33.362305,
29.238073,32.183440,33.244317,33.269984,33.285005,33.285073,
28.952927,32.139707,33.313248,33.332006,33.360387,33.358148,
29.029343,32.044055,33.301023,33.320284,33.333868,33.336435,
29.054944,32.152935,33.302204,33.313543,33.332075,33.332280,
29.065207,32.117485,33.316104,33.336071,33.338163,33.339072,
29.046858,32.124899,33.313755,33.341933,33.374710,33.376086,
28.891123,32.016258,33.281392,33.296572,33.322138,33.321051,
29.108051,32.141290,33.296514,33.315352,33.331848,33.330010,
29.075245,32.155927,33.287642,33.300252,33.322934,33.325880,
28.891068,32.154499,33.297108,33.317534,33.350058,33.349215,
29.153506,32.186055,33.285212,33.301330,33.316166,33.317546,
29.240620,31.954785,33.323094,33.354565,33.376529,33.378502,
28.915876,32.125896,33.356630,33.381799,33.404548,33.404663,
29.119941,32.239488,33.373390,33.406261,33.445118,33.444466,
29.202377,32.164049,33.367375,33.380253,33.387238,33.392415,
29.328317,32.339695,33.328745,33.352005,33.369946,33.367205,
29.075185,32.148346,33.387994,33.400056,33.431441,33.431023,
29.117853,32.214820,33.382053,33.390566,33.404141,33.407767,
29.119527,32.022634,33.249280,33.275556,33.300593,33.299038,
29.344184,32.099446,33.350647,33.362748,33.396628,33.397458,
28.728156,32.097624,33.333086,33.358366,33.377940,33.379477,
29.113596,32.246783,33.334818,33.363044,33.394530,33.394438,
28.882329,32.042697,33.340718,33.355268,33.376238,33.376754,
28.988397,31.922688,33.320441,33.339790,33.345343,33.346140,
29.308998,32.269028,33.327771,33.356937,33.383414,33.386884,
29.137539,32.229891,33.405204,33.432075,33.459366,33.459202,
29.168756,32.269925,33.309957,33.332673,33.361081,33.365242,
29.007750,32.245178,33.278636,33.307867,33.329346,33.330866,
29.198017,32.295432,33.336202,33.357244,33.387722,33.386940,
29.082809,32.139144,33.331215,33.347869,33.359254,33.359483,
29.136063,31.978047,33.241000,33.264048,33.287491,33.285199,
28.981723,32.209168,33.328782,33.359096,33.390300,33.389679,
29.144444,32.156244,33.330217,33.346572,33.357383,33.359667,
28.965785,32.248577,33.369413,33.395462,33.408936,33.408890,
29.047895,32.214031,33.294904,33.321001,33.363763,33.365204,
29.116973,32.212735,33.317855,33.351013,33.371355,33.370989,
29.459546,32.164835,33.267745,33.287731,33.316434,33.314217,
29.203996,32.221622,33.312444,33.347776,33.374036,33.378761,
29.300104,32.263379,33.323369,33.347855,33.364612,33.363857,
29.021696,32.113004,33.283358,33.307518,33.319002,33.317599,
28.977349,32.051741,33.310687,33.339268,33.374959,33.373240,
29.281020,32.224047,33.311614,33.331579,33.354693,33.355218,
29.320388,32.202762,33.323267,33.333668,33.356257,33.357261,
29.130397,32.235020,33.233822,33.250588,33.266123,33.266190,
28.968021,32.171440,33.335116,33.363986,33.393774,33.396493,
29.498608,32.197600,33.226293,33.237968,33.270213,33.271400,
28.926788,32.120182,33.283832,33.300438,33.323285,33.322152,
28.988972,32.277083,33.269771,33.282938,33.294582,33.294627,
29.358032,32.101505,33.280328,33.299675,33.321634,33.322676,
28.969949,32.178145,33.327316,33.343823,33.365985,33.368067,
29.168900,32.253560,33.290975,33.295408,33.318817,33.316757,
28.833782,32.050354,33.294505,33.305228,33.324109,33.324381,
29.011472,32.220596,33.318835,33.339452,33.370148,33.370281,
29.224383,32.157778,33.306149,33.320110,33.348846,33.348641,
28.994731,32.091018,33.244786,33.271848,33.292114,33.293644,
28.612629,32.161580,33.277951,33.291235,33.321863,33.323608,
29.151044,32.238594,33.322200,33.349772,33.389252,33.388976,
28.908030,32.282108,33.281227,33.307564,33.330783,33.332780,
29.330678,32.179917,33.285627,33.304235,33.326104,33.329733,
29.141714,32.169954,33.269631,33.293821,33.320503,33.318262,
28.901415,31.977127,33.212763,33.240140,33.264124,33.263900,
29.014182,32.061476,33.295219,33.314568,33.333558,33.334331,
29.201290,32.211609,33.337347,33.363001,33.370393,33.370256,
29.195471,32.205363,33.341729,33.348843,33.367412,33.369129,
29.041518,32.097804,33.246676,33.269485,33.297256,33.297526,
28.975579,31.986332,33.273443,33.292329,33.311132,33.312895,
29.074155,32.170649,33.288307,33.298397,33.319060,33.322094,
29.084915,32.139325,33.233809,33.256584,33.281422,33.282791,
29.000218,32.162404,33.256473,33.276174,33.299141,33.300290,
29.133726,32.246903,33.320481,33.339167,33.360357,33.360585,
29.115493,32.169779,33.295211,33.314587,33.329152,33.330218,
29.126869,32.097246,33.250454,33.262014,33.257302,33.257704,
29.302858,32.113475,33.288154,33.315382,33.334308,33.334944,
29.065669,32.186306,33.301944,33.326754,33.345958,33.348738,
28.988364,32.068293,33.274238,33.304710,33.325833,33.324995,
29.144795,32.186348,33.335807,33.346069,33.361585,33.359254,
29.221215,32.184186,33.308287,33.336659,33.363012,33.367153,
29.028137,32.135103,33.235442,33.266701,33.298395,33.297111,
29.092741,32.182294,33.285536,33.311691,33.345128,33.351441,
29.238239,32.093694,33.240674,33.245003,33.258598,33.260608,
29.282831,32.262886,33.264709,33.286485,33.314908,33.316243,
29.082785,32.114655,33.279257,33.309868,33.332311,33.330654,
28.883835,32.193538,33.274331,33.309497,33.323817,33.326951,
28.931437,32.163751,33.302039,33.316135,33.319213,33.321794,
29.325266,32.214972,33.278546,33.301561,33.333035,33.334715,
29.089069,32.146955,33.290243,33.312084,33.332789,33.333289,
28.900835,32.058380,33.314510,33.329169,33.340050,33.340414,
29.102264,32.080900,33.241566,33.273478,33.296814,33.294877,
29.313638,32.252828,33.293828,33.303799,33.330112,33.333222,
29.079953,32.091847,33.221639,33.227237,33.245804,33.246516,
29.140367,32.122540,33.243842,33.272214,33.294327,33.291380,
29.148219,32.099271,33.282202,33.295290,33.308592,33.306515,
29.280631,32.198164,33.225254,33.241263,33.264426,33.260739,
28.841488,32.183332,33.296382,33.324203,33.352236,33.353947,
28.871210,31.998423,33.256173,33.283648,33.312222,33.315320,
29.483687,32.244945,33.287007,33.301241,33.308100,33.310358,
28.657377,32.036955,33.242981,33.283773,33.323924,33.327596,
29.037142,32.161795,33.288614,33.314811,33.340121,33.341008,
29.219422,32.106056,33.238912,33.255377,33.265103,33.263504,
29.159472,32.098896,33.247386,33.269205,33.294228,33.294228,
29.144664,32.031219,33.225252,33.238932,33.256344,33.257259,
28.921341,32.001858,33.302405,33.321951,33.344525,33.344775,
29.058305,32.098848,33.300144,33.319033,33.355356,33.355699,
29.054446,32.045067,33.289189,33.304300,33.309762,33.309107,
29.213132,32.071029,33.223112,33.234831,33.244955,33.246892,
29.431718,32.144923,33.261947,33.288353,33.295236,33.295416,
29.212523,32.200791,33.248488,33.271414,33.298161,33.298431,
29.027007,32.148912,33.312330,33.335887,33.362304,33.364408,
29.081364,32.120782,33.370931,33.399511,33.426504,33.425948,
29.135123,32.154601,33.271845,33.273891,33.298806,33.301037,
28.958791,32.019974,33.288883,33.301846,33.330302,33.333321,
29.018349,31.990426,33.263657,33.287646,33.314833,33.312369,
28.797092,32.134046,33.270861,33.293780,33.318380,33.320734,
29.174101,32.027076,33.294481,33.313186,33.345996,33.349141,
29.350108,32.018492,33.335912,33.353752,33.366136,33.372777,
29.132121,32.095204,33.330368,33.345920,33.374048,33.374759,
28.948060,32.038069,33.324310,33.334017,33.353253,33.354804,
28.881715,32.070836,33.316985,33.339186,33.363015,33.366927,
29.237341,32.256769,33.309388,33.329078,33.365531,33.367614,
29.114073,32.180100,33.288874,33.314038,33.340845,33.345830,
28.884526,32.111698,33.372674,33.403613,33.431445,33.434280,
29.152082,32.165256,33.274979,33.288054,33.316386,33.318784,
28.901883,32.092286,33.346381,33.374442,33.411395,33.410979,
29.110609,32.207724,33.381068,33.405173,33.410533,33.413562,
29.091453,32.113572,33.330115,33.344163,33.356338,33.355379,
29.167594,32.244856,33.309503,33.328706,33.355490,33.352068,
28.908512,32.239240,33.331874,33.361278,33.388793,33.390634,
29.072422,32.204664,33.317665,33.348967,33.392904,33.395253,
29.290392,32.096569,33.370337,33.389959,33.411780,33.414463,
29.375191,32.140779,33.323068,33.348839,33.375335,33.378248,
29.315780,32.142810,33.239893,33.259286,33.287082,33.285487,
29.030176,32.279754,33.313477,33.324834,33.348300,33.346842,
29.056626,32.116152,33.297837,33.318954,33.347773,33.350668,
29.310992,32.223090,33.326879,33.338934,33.357118,33.352896,
29.054032,32.061329,33.259886,33.283630,33.302598,33.300885,
29.049772,32.180118,33.301646,33.331147,33.355480,33.356051,
29.227365,32.085535,33.274940,33.314860,33.341354,33.341559,
28.978148,32.301723,33.256962,33.271298,33.275150,33.274881,
28.964516,32.090715,33.303899,33.323986,33.353295,33.354733,
28.917200,31.969076,33.339534,33.351490,33.390917,33.390112,
29.320340,32.132346,33.345403,33.354292,33.369998,33.371258,
29.248247,32.259209,33.300906,33.322911,33.338572,33.334595,
29.052682,32.005849,33.236197,33.255569,33.285003,33.289249,
29.222629,32.119674,33.281171,33.304817,33.326145,33.326015,
28.890089,32.217890,33.316319,33.332813,33.349285,33.351633,
29.289276,32.209942,33.342628,33.344076,33.373453,33.373178,
29.086462,32.226615,33.326444,33.338822,33.358856,33.360341,
29.014797,32.233667,33.257639,33.276869,33.297609,33.298645,
29.036277,32.065476,33.291622,33.316616,33.338957,33.340094,
29.091069,32.127510,33.256592,33.272472,33.288064,33.291324,
29.071680,32.262874,33.309850,33.328543,33.339059,33.342085,
29.175070,32.061049,33.301424,33.311638,33.329163,33.326328,
28.805232,31.956584,33.363064,33.383691,33.407894,33.411095,
29.003210,32.144647,33.211395,33.238065,33.272259,33.270983,
29.023896,32.201650,33.300379,33.320185,33.345253,33.346779,
29.163374,32.111951,33.313282,33.329679,33.350377,33.348280,
29.284352,32.218880,33.354024,33.371332,33.398462,33.397033,
28.896766,32.101732,33.279589,33.284852,33.301729,33.302608,
29.201837,32.239488,33.312160,33.326566,33.340579,33.337441,
29.296478,32.220017,33.346459,33.352701,33.369981,33.369981,
28.979995,32.084712,33.266956,33.279851,33.301192,33.301327,
29.171679,32.305119,33.325971,33.353153,33.379446,33.379078,
29.130075,32.256065,33.324414,33.336408,33.361492,33.362429,
29.084747,32.186998,33.321562,33.342381,33.376835,33.377736,
28.954345,32.175942,33.352629,33.373797,33.395996,33.391643,
29.422911,32.200440,33.240332,33.255720,33.283919,33.283492,
29.169564,32.128423,33.301207,33.322363,33.341388,33.339682,
29.356193,32.208110,33.293215,33.311621,33.337003,33.334526,
28.995814,32.004780,33.305594,33.332263,33.345656,33.349957,
28.933417,32.177707,33.262183,33.281676,33.303770,33.303454,
29.264881,32.201327,33.297347,33.313629,33.328168,33.330913,
29.006930,32.215052,33.339217,33.345917,33.366212,33.367105,
29.286742,32.245926,33.309635,33.322771,33.342662,33.339932,
29.204651,32.097846,33.284441,33.309625,33.328504,33.332453,
28.952402,32.130696,33.301898,33.316272,33.349084,33.345347,
28.936972,32.078743,33.295027,33.311472,33.318166,33.319796,
29.238470,32.150983,33.278622,33.311460,33.352336,33.350466,
29.157331,32.189777,33.263653,33.276645,33.292904,33.292049,
29.133393,32.164847,33.350196,33.369563,33.398468,33.393445,
29.087553,32.220589,33.262669,33.287870,33.311260,33.309035,
29.170625,32.166564,33.287451,33.306491,33.332139,33.333343,
29.017787,32.016506,33.232452,33.252281,33.276287,33.275682,
29.125463,32.010884,33.274755,33.302363,33.334978,33.336841,
28.777964,32.005807,33.205231,33.218899,33.247316,33.251426,
29.387071,32.130325,33.261348,33.277506,33.303660,33.300976,
28.881153,32.103741,33.272018,33.282656,33.289800,33.291262,
28.607362,32.177642,33.273753,33.289401,33.317911,33.321534,
28.929363,32.046315,33.311495,33.341603,33.370917,33.371610,
29.250291,32.150376,33.257380,33.272764,33.300128,33.297853,
29.114629,31.975737,33.285084,33.312147,33.333784,33.333716,
29.070455,32.354486,33.330125,33.340609,33.369498,33.370231,
29.061084,32.165944,33.297957,33.315194,33.343374,33.344353,
28.949537,32.006109,33.263787,33.291778,33.305476,33.306108,
29.176971,32.190834,33.312077,33.330682,33.366920,33.368019,
29.029690,32.198836,33.246886,33.261968,33.279204,33.279787,
29.221992,32.182525,33.276398,33.282199,33.291587,33.294146,
29.033448,32.170985,33.274112,33.289578,33.312097,33.310605,
29.142038,32.127136,33.262706,33.289771,33.320026,33.322404,
29.010895,32.154933,33.260382,33.288915,33.311407,33.312718,
28.867682,32.165231,33.206213,33.231017,33.253411,33.255418,
29.346269,32.233801,33.252527,33.269609,33.293554,33.292091,
29.180793,32.218187,33.275995,33.291121,33.298076,33.300533,
29.271284,32.264366,33.238703,33.260087,33.262656,33.263259,
28.858701,32.069672,33.314282,33.314621,33.330593,33.329912,
29.016718,32.223975,33.309755,33.325683,33.342924,33.345793,
28.893423,32.052630,33.261723,33.284371,33.303658,33.301877,
28.937365,32.113536,33.301183,33.325581,33.360405,33.359445,
29.326892,32.175523,33.212899,33.242807,33.270094,33.269154,
29.028296,32.120282,33.255297,33.278628,33.317169,33.314658,
29.249011,32.124639,33.322535,33.333582,33.345818,33.347641,
29.074661,32.223541,33.329503,33.344734,33.354673,33.358166,
29.279104,32.190949,33.316654,33.330584,33.349531,33.350101,
29.302776,32.169034,33.341978,33.355750,33.387758,33.390657,
29.002194,32.090525,33.287377,33.311749,33.334542,33.331567,
29.221114,32.131884,33.252131,33.270343,33.290783,33.291502,
29.192360,32.167662,33.350057,33.370167,33.383173,33.383517,
29.089670,32.131627,33.318858,33.321153,33.335875,33.335353,
29.049798,32.052917,33.218865,33.230888,33.260757,33.265159,
29.052415,32.148729,33.214045,33.233779,33.251060,33.252709,
29.155599,32.291692,33.259321,33.277666,33.311677,33.311790,
29.052464,32.210580,33.293280,33.307881,33.330211,33.331902,
29.254092,32.139083,33.278908,33.315906,33.351473,33.351337,
29.187446,32.207154,33.236577,33.257291,33.278700,33.279014,
29.216601,32.153791,33.291982,33.316755,33.337618,33.339733,
29.345654,32.146086,33.301298,33.320641,33.358439,33.358713,
28.907069,32.137972,33.261757,33.278134,33.282801,33.286012,
29.314589,32.188440,33.301278,33.314545,33.328202,33.327884,
29.150682,32.277241,33.348078,33.365092,33.370495,33.372236,
29.077789,32.083556,33.332275,33.349745,33.365571,33.368867,
29.218767,32.176029,33.288970,33.312653,33.333179,33.334610,
29.165336,32.189688,33.292922,33.325241,33.344922,33.345514,
28.896975,32.153291,33.322403,33.329518,33.367783,33.369019,
29.112255,32.176451,33.329984,33.353359,33.375501,33.376304,
28.703894,32.034324,33.179061,33.195715,33.221202,33.221954,
28.747296,32.164769,33.317402,33.327635,33.359641,33.361904,
29.011228,32.233404,33.338624,33.354500,33.376946,33.374836,
29.208215,32.217144,33.259057,33.286821,33.314568,33.322965,
29.014254,32.250242,33.288116,33.308091,33.328392,33.327598,
29.213396,32.198201,33.371577,33.397213,33.421966,33.421619,
28.916848,32.189434,33.352175,33.364882,33.382521,33.384072,
28.897641,32.259657,33.339628,33.352791,33.367026,33.368560,
29.307507,32.206559,33.313416,33.333388,33.356249,33.357665,
29.385426,32.247319,33.311492,33.319654,33.341806,33.343103,
28.865297,32.136438,33.261627,33.285202,33.316805,33.317846,
29.157134,32.200183,33.315905,33.341890,33.353442,33.353123,
28.899876,32.169697,33.343445,33.368386,33.383776,33.384120,
29.227835,32.274307,33.359157,33.378839,33.405173,33.404873,
29.064564,32.192054,33.269092,33.288408,33.311327,33.310672,
28.874744,32.173345,33.287196,33.311488,33.325826,33.325509,
29.108134,32.250915,33.307597,33.318552,33.346298,33.343930,
28.852277,32.054831,33.289931,33.302275,33.318903,33.318563,
28.663707,32.132005,33.340287,33.359750,33.367754,33.367594,
28.895668,32.027183,33.288106,33.309841,33.326521,33.327360,
28.883984,32.303663,33.299310,33.325666,33.345320,33.345844,
29.134577,32.253701,33.292191,33.321842,33.338494,33.338448,
29.105070,32.273414,33.405258,33.424005,33.452278,33.454169,
29.257716,32.255396,33.334924,33.343998,33.363576,33.364147,
28.972778,32.072568,33.280212,33.283398,33.299323,33.299886,
29.059149,32.230609,33.303620,33.314346,33.335016,33.334925,
29.072667,32.126722,33.316188,33.330112,33.343408,33.341564,
28.876626,32.050011,33.260101,33.291142,33.305504,33.305651,
29.127780,32.078921,33.321974,33.339564,33.375234,33.376932,
29.329884,32.237890,33.310905,33.337249,33.364795,33.364269,
29.157203,32.257310,33.291688,33.310230,33.331335,33.329882,
29.180219,32.085246,33.321484,33.339658,33.358964,33.359307,
29.051037,32.175375,33.323193,33.347675,33.373270,33.372055,
29.175783,32.309052,33.299575,33.324394,33.331539,33.332674,
29.041606,32.247533,33.332335,33.339479,33.371733,33.367497,
29.385037,32.231814,33.297588,33.315981,33.329143,33.332060,
29.093284,32.197608,33.406222,33.420153,33.420240,33.422905,
29.260711,32.145549,33.259371,33.270457,33.291616,33.290896,
29.220308,32.198961,33.293258,33.305267,33.319913,33.321045,
29.032813,32.135541,33.307961,33.323538,33.351089,33.350336,
29.278254,32.156630,33.296484,33.318449,33.344372,33.344509,
29.121849,32.219101,33.336898,33.354315,33.375315,33.373710,
29.398669,32.163053,33.278454,33.293257,33.313624,33.315478,
29.107421,32.100434,33.294977,33.308365,33.327124,33.328100,
29.042290,32.183999,33.343782,33.352818,33.363187,33.363633,
28.914792,32.139358,33.349587,33.365560,33.387028,33.386522,
29.194772,32.170232,33.352889,33.373892,33.392384,33.390911,
29.040342,32.088284,33.250337,33.272808,33.305065,33.304005,
32.805142,36.119475,38.133263,38.209481,38.300822,38.300252,
32.729198,36.107091,38.036746,38.111786,38.179290,38.183936,
33.004396,36.195489,38.132800,38.211501,38.293304,38.304811,
32.543005,35.995565,38.142764,38.215881,38.270642,38.287344,
32.882492,36.116424,38.162721,38.220803,38.281051,38.284494,
33.157347,36.111814,38.124844,38.186782,38.257658,38.263803,
32.586770,36.235296,38.077860,38.157437,38.266330,38.268381,
32.544601,36.168284,38.054617,38.129069,38.190550,38.191350,
32.782101,36.215588,38.125007,38.172537,38.226645,38.228398,
32.684930,36.176468,38.093543,38.166987,38.255489,38.257429,
32.619252,36.089944,38.087308,38.170945,38.251580,38.259953,
33.157479,36.212629,37.836154,37.895518,37.969482,37.974504,
33.103561,36.345660,38.094915,38.163044,38.217803,38.226659,
32.973113,36.255264,38.123052,38.183450,38.249338,38.254025,
33.029160,36.364157,38.142012,38.209786,38.286438,38.299459,
32.929956,36.205798,38.152031,38.206594,38.262049,38.266326,
32.633312,36.069497,38.042985,38.117988,38.208085,38.214649,
32.398171,36.063316,38.012095,38.061812,38.149724,38.148864,
32.645887,35.991971,37.994423,38.076172,38.168905,38.170669,
32.844158,36.091302,37.894349,37.943521,38.020686,38.026772,
32.608099,36.091784,37.967856,38.053598,38.136192,38.146980,
32.675601,36.023844,38.028169,38.088742,38.164857,38.165410,
32.799021,35.966097,37.949479,38.012741,38.065575,38.065305,
33.106687,36.147124,37.958343,38.033821,38.107165,38.105972,
32.463387,36.011695,37.972422,38.043228,38.113488,38.117603,
32.787039,36.014992,38.111901,38.178454,38.236498,38.240678,
32.710536,36.113798,37.889046,37.957165,38.027910,38.034676,
32.591572,36.058631,37.935138,38.013100,38.092813,38.092541,
32.619812,35.883827,37.988582,38.055294,38.124280,38.127502,
32.817747,35.985165,37.899777,37.959768,38.049518,38.057025,
33.038322,36.136081,38.041696,38.104375,38.207195,38.210999,
32.883884,35.932995,37.981498,38.050670,38.136261,38.142854,
32.818470,36.207803,37.902158,37.931303,38.007845,38.008245,
32.874685,36.200768,38.069713,38.097368,38.167825,38.172528,
32.925435,35.967557,37.906920,37.996852,38.091556,38.090435,
32.766976,35.917339,38.023410,38.109577,38.154141,38.159727,
32.877847,36.219744,37.990863,38.072582,38.147070,38.150925,
32.702171,36.028594,37.946990,38.009140,38.074243,38.080201,
33.147629,36.093244,37.942992,37.989680,38.078330,38.087482,
32.660441,36.113362,37.980579,38.056419,38.131519,38.138311,
32.934598,35.996419,37.945467,38.000393,38.084175,38.097623,
32.464900,36.076106,37.911328,37.967377,38.023385,38.027700,
33.099249,36.133019,37.906696,37.971133,38.036101,38.036302,
32.721363,36.022325,38.009332,38.049896,38.117189,38.124267,
32.841657,36.098655,37.863698,37.921465,38.001428,38.010453,
32.680061,35.969760,37.944359,38.024280,38.086863,38.094503,
32.716687,35.968502,38.007858,38.060484,38.108942,38.114504,
32.893817,35.799752,37.959199,38.010961,38.081103,38.081442,
32.860202,36.051982,37.908832,37.969098,38.044912,38.053724,
32.717784,35.884412,37.835650,37.893092,37.953240,37.957915,
33.174539,36.080617,37.880035,37.935806,38.009199,38.016804,
32.730445,36.102604,38.030027,38.085743,38.168335,38.174700,
32.471044,36.109245,37.882078,37.954947,38.021643,38.024485,
32.732877,36.033428,37.901556,37.945918,38.004939,38.005638,
32.734671,36.317467,37.992385,38.047975,38.094049,38.099319,
32.903290,35.897277,37.867426,37.927880,38.002834,38.006663,
32.790177,36.252261,38.040328,38.086286,38.157218,38.159839,
32.767086,35.963232,37.931278,37.992240,38.075017,38.082230,
32.821802,35.863977,37.871318,37.939441,38.024250,38.028667,
32.893028,35.908244,37.884466,37.933431,38.017955,38.022299,
32.557569,35.987405,37.971092,38.032037,38.116574,38.123275,
33.001040,36.113373,38.002218,38.045693,38.114457,38.123993,
32.458064,35.821101,38.014634,38.064271,38.124938,38.122236,
32.655988,35.970909,37.899590,37.947043,38.056056,38.051747,
32.740133,36.078327,37.904093,37.959088,38.019463,38.022437,
32.364856,35.944558,37.933685,38.002252,38.069075,38.072557,
32.912179,36.042371,37.890663,37.936207,37.987467,37.986803,
32.611745,36.027559,37.903572,37.971744,38.047029,38.053421,
32.653488,35.837055,37.892990,37.937740,38.016537,38.023552,
32.907489,36.066271,37.937137,37.981730,38.047916,38.051246,
33.090285,35.935101,37.947314,38.006350,38.101365,38.103136,
32.780760,35.941392,37.935650,38.003666,38.067943,38.071492,
32.749995,35.891564,37.843738,37.901158,37.973731,37.979718,
32.925339,36.165504,37.926915,37.987877,38.081230,38.083942,
32.668868,35.983032,37.923507,37.996109,38.073411,38.075711,
32.531584,35.798122,37.946896,38.015977,38.110046,38.119299,
32.546607,36.097059,37.958454,38.006384,38.075673,38.089909,
32.667466,36.066950,37.999794,38.075263,38.111551,38.121628,
32.435261,36.092009,37.966775,38.039476,38.101055,38.110869,
32.577811,35.866154,37.923536,37.997260,38.063229,38.062723,
32.905590,35.908082,37.856565,37.902349,37.962429,37.968202,
32.641670,36.017996,38.024869,38.074328,38.151738,38.152083,
32.350417,36.218144,38.020665,38.061808,38.132886,38.141329,
33.206249,36.073318,37.923556,37.976190,38.011824,38.019099,
32.935252,36.007755,38.014893,38.084883,38.144225,38.151519,
33.095847,35.878667,37.876398,37.934549,38.021568,38.028290,
32.945845,36.208345,37.992705,38.041922,38.128298,38.134399,
32.585841,36.073931,37.921351,37.985266,38.046815,38.057215,
32.834438,35.998642,37.979317,38.035568,38.132329,38.135827,
32.929467,36.094238,38.104094,38.160111,38.223786,38.227605,
32.528274,35.884345,37.945717,38.018586,38.072895,38.077801,
32.780357,35.792362,37.936359,38.002289,38.066884,38.065567,
32.544509,35.816352,37.883717,37.939391,38.034278,38.031262,
32.890265,35.901762,37.926809,37.991211,38.049211,38.053249,
32.857867,35.987790,37.880456,37.942180,38.012278,38.019655,
32.814459,36.021245,37.945996,38.009861,38.079240,38.088191,
32.764400,36.111435,37.926698,37.985117,38.035317,38.044479,
32.630199,36.204222,37.887587,37.956725,38.036910,38.040634,
33.157523,36.077225,37.831993,37.893952,37.958030,37.966931,
32.409974,36.050472,37.916773,37.973872,38.029127,38.033917,
32.905594,36.095118,37.943242,38.004332,38.047655,38.051928,
32.696404,35.957198,37.852019,37.925386,38.001062,38.007753,
33.029722,36.113235,37.816735,37.877687,37.965410,37.968512,
32.743364,35.704403,37.896399,37.944305,38.027772,38.024326,
32.686953,36.053604,37.933198,38.002019,38.066373,38.078038,
32.803877,35.979123,38.063959,38.136539,38.204362,38.210327,
33.067285,36.130777,37.971563,38.043505,38.116843,38.120226,
32.698112,36.050491,37.903796,37.942200,38.023452,38.028370,
32.833088,35.993634,37.955820,38.025216,38.078999,38.080794,
32.745878,36.024788,38.034211,38.097848,38.168313,38.173986,
32.917463,36.107155,37.980202,38.038579,38.114871,38.115724,
32.869117,35.828180,37.880436,37.924606,38.002497,38.006758,
32.520546,36.016700,37.935941,38.001690,38.069316,38.065600,
32.855967,35.913905,37.853815,37.916182,38.002497,38.008124,
32.731898,35.914453,37.949233,38.003837,38.050249,38.060286,
32.871329,36.196959,37.883956,37.947959,38.000489,38.010878,
32.759358,36.025717,37.948694,37.998498,38.041192,38.045021,
32.624386,36.108976,37.972256,38.037308,38.096917,38.102974,
32.918633,36.012461,37.980922,38.037778,38.110609,38.112008,
32.519861,35.997541,37.956153,38.026337,38.115473,38.118752,
33.085925,36.134839,37.979296,38.048013,38.105009,38.110634,
32.353364,35.871335,37.911308,37.986957,38.072303,38.073148,
33.150589,36.090145,37.874067,37.898843,37.933877,37.937678,
33.084185,36.083330,37.857860,37.939551,38.025534,38.030119,
32.620592,35.921639,37.867784,37.936625,38.017738,38.020845,
33.065633,36.189454,38.045408,38.106240,38.173242,38.185407,
32.223510,35.860684,37.922421,37.995187,38.083510,38.088462,
33.135035,36.182216,37.949841,38.004519,38.068843,38.071749,
32.715860,36.129267,38.044832,38.085587,38.165652,38.166378,
32.916175,36.076010,38.016036,38.079609,38.160874,38.166814,
32.819915,36.067640,37.942840,38.014868,38.073525,38.081616,
32.801669,35.983960,37.935601,38.016002,38.091896,38.104481,
32.860540,36.126312,37.965620,38.023394,38.084370,38.092549,
32.813160,36.068210,38.013900,38.052761,38.144336,38.138633,
32.862972,35.886943,38.013612,38.096126,38.158416,38.171092,
33.126848,36.237060,38.065782,38.128195,38.210349,38.214085,
32.732652,36.197484,38.054785,38.134275,38.200112,38.206245,
33.256763,36.336907,37.924692,37.992518,38.081870,38.076756,
32.544296,35.930834,37.971125,38.026111,38.080786,38.081345,
32.725423,35.992008,37.921363,38.016232,38.144998,38.145617,
32.850976,36.120747,38.083713,38.131746,38.207928,38.208486,
32.525997,36.096938,38.090210,38.151691,38.229419,38.239633,
32.846677,36.166002,38.077137,38.137818,38.214596,38.224846,
32.878159,36.145206,38.009911,38.067686,38.091768,38.098805,
32.624227,36.148054,38.044601,38.104571,38.196005,38.195552,
33.104370,36.024002,38.002763,38.055951,38.117356,38.129741,
33.053201,36.175302,37.987098,38.050119,38.116493,38.123946,
32.820311,36.289599,37.930644,37.998913,38.074032,38.070786,
32.896919,36.165681,38.124558,38.199154,38.276999,38.279127,
32.851912,36.003661,37.854957,37.904483,37.977873,37.982707,
32.638155,36.190098,38.089896,38.160313,38.208473,38.215701,
32.869471,35.888446,37.951530,38.006255,38.074662,38.077505,
32.797371,35.925731,37.875622,37.923789,37.985660,37.991033,
33.184080,36.129769,37.988370,38.046113,38.095259,38.108162,
32.638057,35.938438,37.907974,37.949348,38.016257,38.023874,
33.021496,36.034858,37.942299,38.012391,38.075174,38.081235,
32.978988,36.008449,37.912612,37.995835,38.065529,38.064955,
33.053524,36.040803,37.868377,37.915856,37.997542,38.002630,
33.162287,36.139116,38.025940,38.073745,38.126800,38.128615,
32.638566,36.037897,37.952702,38.030923,38.111718,38.116771,
32.821866,36.086084,37.948197,38.028437,38.083412,38.086125,
33.100517,36.223384,38.011978,38.072527,38.151902,38.161141,
32.792626,36.208020,37.947056,38.015614,38.065664,38.067217,
33.040292,36.104446,37.905162,37.979271,38.076261,38.084222,
32.763879,36.067235,37.932183,37.992684,38.075842,38.081463,
32.715554,35.809666,37.972021,38.031848,38.096717,38.105942,
32.773589,36.053910,37.924798,38.001628,38.105593,38.110639,
33.077988,36.068183,38.059899,38.131750,38.175263,38.179038,
32.858001,36.189671,37.820132,37.877929,37.957845,37.965426,
32.658184,36.083672,38.032950,38.115071,38.221594,38.218358,
32.418060,35.994800,37.990601,38.054697,38.117791,38.127609,
32.062917,35.914694,38.011770,38.076151,38.143924,38.154628,
32.210138,35.855881,38.028035,38.076528,38.195992,38.201178,
32.895410,36.109430,37.872016,37.935544,37.996121,38.004769,
32.667119,36.144916,38.032837,38.094707,38.156183,38.163532,
33.068257,36.032812,37.961951,38.017250,38.077023,38.087970,
33.001468,36.308948,38.033180,38.080303,38.144805,38.147178,
32.695800,35.956743,37.909728,37.980496,38.060012,38.066795,
32.594435,36.098945,37.954474,38.010786,38.074053,38.082145,
33.256365,36.146755,37.953442,38.039325,38.114606,38.114811,
32.815624,35.889720,38.132668,38.208630,38.296498,38.304017,
33.143055,36.078549,37.982028,38.054764,38.106291,38.105542,
32.704902,35.918515,37.937518,38.011199,38.081243,38.081650,
33.214246,36.066710,37.921686,37.977294,38.030450,38.038864,
33.040439,36.019806,37.988710,38.058049,38.134858,38.136780,
32.918338,36.086866,37.950913,37.988814,38.041507,38.045135,
32.738498,36.151068,37.984313,38.043824,38.099919,38.108980,
32.776732,35.936341,37.809027,37.866680,37.949672,37.963204,
32.454273,36.008609,37.984231,38.058470,38.144663,38.151269,
32.820731,36.122681,38.037966,38.107680,38.196361,38.198449,
32.781837,36.060067,37.991696,38.062681,38.109765,38.112665,
32.615682,35.970377,38.001645,38.049518,38.121487,38.131622,
32.810972,36.118076,37.933468,38.012366,38.122402,38.132196,
33.286731,36.100174,37.953960,38.001545,38.069878,38.075863,
32.679419,35.897702,37.951834,38.017951,38.066407,38.070190,
32.805057,36.087626,38.002722,38.064748,38.149690,38.143808,
32.862157,36.041566,37.966375,38.024004,38.073406,38.081734,
32.582499,36.036458,37.965463,38.015961,38.061492,38.068953,
32.924461,36.231327,38.006521,38.071885,38.135609,38.136364,
33.150258,36.038522,38.031270,38.098796,38.170487,38.173774,
32.683618,36.025923,38.009353,38.077772,38.169778,38.164490,
32.849434,36.154135,37.971232,38.026579,38.119547,38.119991,
33.007747,35.987434,37.839438,37.926289,38.011274,38.012441,
32.866902,36.087243,38.012849,38.069510,38.107489,38.113868,
32.631877,35.724103,37.917324,37.981547,38.062264,38.062344,
32.593706,35.722587,37.971100,38.007753,38.092108,38.086473,
32.677605,35.732019,38.005559,38.071631,38.129112,38.130962,
33.112694,36.054003,37.962730,38.018849,38.086982,38.096220,
32.459368,35.981794,37.938957,37.993414,38.061146,38.069620,
32.602008,35.918253,37.935532,38.006737,38.051700,38.053181,
33.281116,36.166613,38.006400,38.078080,38.138702,38.140419,
32.843774,36.007219,37.980662,38.062888,38.150959,38.155300,
32.364628,36.160637,38.007595,38.069121,38.146404,38.154184,
32.950491,36.143424,37.980956,38.036306,38.115631,38.116279,
33.003954,35.846612,37.903288,37.959623,38.054958,38.052702,
32.982195,36.304369,38.075834,38.140999,38.186652,38.189360,
32.510430,36.149482,37.971592,38.032598,38.097342,38.096186,
32.805847,36.007605,38.006038,38.082531,38.146344,38.152436,
32.964315,36.150606,37.943398,37.998236,38.057071,38.060409,
32.938502,36.170624,37.935835,37.992232,38.077344,38.076599,
32.365309,36.010128,37.928955,38.012791,38.102668,38.108699,
32.510258,35.712747,38.023498,38.095221,38.171244,38.178965,
32.919974,35.775149,37.793346,37.899269,37.997858,37.999387,
32.493673,35.926556,37.961667,38.033503,38.115097,38.111103,
32.631722,36.119192,37.950564,37.995262,38.086672,38.087724,
32.733434,36.020167,38.007291,38.078004,38.139895,38.144568,
32.604953,35.986856,37.975636,38.036704,38.099604,38.106483,
32.780360,35.911607,37.795149,37.845543,37.922017,37.932645,
32.334728,35.824548,37.950778,38.010886,38.092087,38.092494,
32.817686,36.199653,38.079228,38.141441,38.210563,38.220173,
32.833108,36.130215,37.916806,37.974806,38.056642,38.056170,
32.972897,36.113208,37.980596,38.051086,38.112114,38.121748,
33.072512,36.126844,37.991257,38.070106,38.154947,38.164227,
32.638671,36.251519,37.970551,38.040420,38.113296,38.116882,
32.809666,36.069102,37.893826,37.970105,38.033180,38.037673,
32.954083,36.047401,38.101821,38.161500,38.229857,38.244503,
32.505029,36.005183,37.870983,37.916802,37.981783,37.991481,
32.861730,36.021906,37.844600,37.883862,37.960690,37.964251,
32.942050,36.186452,37.905903,37.961358,38.036193,38.038172,
32.929026,36.216511,37.906163,37.971815,38.029320,38.026609,
32.811583,35.924200,37.951871,38.029357,38.091675,38.090826,
32.652633,36.214315,38.072147,38.149931,38.226050,38.225279,
33.022192,35.985167,37.998664,38.072168,38.164642,38.167406,
32.634596,36.050971,37.907876,37.959619,38.021137,38.026420,
32.667011,35.895425,37.910799,37.972446,38.051679,38.054069,
33.015387,35.934878,38.077755,38.141020,38.190251,38.184626,
32.318302,35.771407,37.848762,37.906318,37.979573,37.978448,
33.153141,36.061863,37.966981,38.038730,38.113825,38.116113,
33.090843,36.048729,37.989063,38.033750,38.094771,38.095451,
33.080076,36.058767,38.073474,38.133182,38.191871,38.193748,
32.833237,35.953903,37.923274,37.977658,38.046151,38.049379,
32.763000,36.320606,37.996645,38.067719,38.126346,38.128641,
32.632681,35.873036,37.922980,37.988138,38.073542,38.074286,
32.847637,35.933778,37.926825,37.986650,38.069409,38.081726,
32.647576,36.049384,38.053867,38.116493,38.196822,38.203543,
32.849266,36.206015,38.003400,38.051145,38.111628,38.115178,
32.517369,35.918000,37.970795,38.044895,38.133006,38.134927,
32.731997,35.919233,37.920792,37.978680,38.068724,38.068893,
32.841086,36.026166,37.947647,38.011795,38.096105,38.097397,
33.147117,36.031245,37.965372,38.015423,38.096199,38.102425,
33.100303,36.252956,38.029232,38.104077,38.186292,38.199886,
32.697907,35.919143,37.903881,37.973099,38.042426,38.054095,
32.758036,35.994281,37.932702,38.015811,38.082099,38.099179,
32.590864,35.832659,37.747239,37.829130,37.918054,37.926547,
33.062664,36.076165,37.840804,37.907282,37.975789,37.979429,
32.827022,36.035405,37.925166,37.973293,38.026433,38.028441,
32.393974,35.934664,37.957865,38.011632,38.090605,38.092201,
32.753624,36.217361,38.025388,38.108047,38.182735,38.177501,
32.762081,35.749795,37.915856,37.991846,38.083963,38.087253,
32.670547,35.860321,37.975831,38.050720,38.137548,38.145278,
32.716593,36.004443,38.002742,38.045609,38.134356,38.142837,
32.716016,35.957782,37.851014,37.926101,38.010136,38.015602,
32.676695,36.062860,37.967571,38.029311,38.097576,38.102306,
32.743219,36.148298,37.952891,38.009928,38.100936,38.100425,
32.475254,36.181245,37.988047,38.048278,38.119201,38.122689,
32.674395,36.099401,38.004436,38.069730,38.122599,38.129857,
33.152639,36.260527,37.945656,37.986517,38.059026,38.061791,
32.712449,35.994268,37.952677,38.016925,38.092528,38.091407,
32.612751,36.112013,38.020118,38.082874,38.124310,38.132290,
32.875407,36.155505,37.972009,38.029780,38.118851,38.122954,
32.652037,35.990979,37.974161,38.045340,38.140638,38.137754,
32.710344,36.273429,38.005784,38.075504,38.166840,38.170574,
33.150619,36.277479,37.990112,38.036721,38.097410,38.103196,
32.271354,36.054922,38.043514,38.116634,38.190394,38.192027,
32.763302,36.136095,37.998302,38.066377,38.129883,38.135677,
32.389820,35.958748,38.032523,38.095090,38.172563,38.182956,
32.779681,36.120947,38.007141,38.063816,38.143443,38.141553,
33.241169,36.257000,37.993950,38.039556,38.103553,38.111564,
32.837194,36.069841,38.101361,38.166140,38.217510,38.224124,
32.969752,36.159502,38.005176,38.043757,38.128011,38.128251,
33.279836,36.483622,37.982210,38.056503,38.147367,38.156321,
32.746617,36.100295,37.939617,37.999607,38.034462,38.037882,
33.046160,36.049902,37.891044,37.977381,38.043753,38.045702,
32.600726,36.148583,37.926400,37.993443,38.093233,38.095408,
32.908411,35.989454,37.966853,38.036897,38.111952,38.110656,
32.844875,35.856475,37.935306,38.013145,38.072320,38.071306,
32.555659,35.808808,37.837631,37.913027,38.000543,38.005834,
32.805734,36.013161,37.845808,37.921600,37.961267,37.972752,
32.803313,36.025123,38.026634,38.066786,38.129236,38.138359,
32.757259,36.187236,37.976951,38.057956,38.164089,38.160982,
37.016196,40.382922,42.118780,42.225141,42.323191,42.339690,
37.307196,40.242257,42.004664,42.099699,42.185676,42.198336,
37.166147,40.077228,42.028563,42.149202,42.246329,42.257571,
37.352170,40.212357,42.024875,42.131311,42.207219,42.225042,
36.951247,40.126191,41.937566,42.042880,42.153181,42.178522,
36.622075,40.300754,41.942324,42.059288,42.163154,42.190648,
36.647952,40.053585,41.993974,42.100426,42.181885,42.189557,
36.567989,40.193435,42.015392,42.125740,42.219437,42.236428,
37.487212,39.937238,41.666773,41.771232,41.834534,41.847015,
36.926789,40.103192,41.942396,42.053608,42.128847,42.133927,
37.094120,40.232606,41.950182,42.071255,42.139293,42.150780,
37.318540,40.075176,41.862728,41.950760,42.060326,42.072965,
37.395058,40.096700,42.063757,42.155734,42.251593,42.262050,
37.036557,40.259554,41.894204,42.006651,42.099667,42.120315,
36.709626,40.053491,42.085960,42.183845,42.249082,42.258026,
37.120200,40.005771,41.928323,42.022114,42.109979,42.120444,
36.835190,39.901785,41.973128,42.076236,42.152997,42.160358,
36.534053,39.894184,41.886894,41.999545,42.082691,42.096250,
36.841276,40.013398,41.785708,41.886965,41.970451,41.990743,
37.313753,40.054665,41.815708,41.909046,41.985963,41.997969,
37.031322,40.068525,41.929432,42.029950,42.096655,42.116431,
36.480483,39.782560,41.894469,41.977946,42.050015,42.071022,
36.866210,39.957657,41.953559,42.041984,42.114275,42.115047,
36.716908,39.613773,41.851685,41.927039,42.012647,42.031201,
37.625276,39.916269,41.726137,41.821597,41.922903,41.936547,
38.122676,40.275586,41.748715,41.823972,41.903548,41.905019,
37.374500,40.004914,41.869411,41.945210,42.031349,42.041288,
36.914125,40.107924,41.783642,41.872948,41.932495,41.937926,
37.079658,39.878787,41.773322,41.849838,41.937710,41.952888,
37.105134,40.066597,41.730031,41.827293,41.860978,41.880113,
36.964350,39.886617,41.823672,41.931425,42.009831,42.014774,
37.129471,40.057021,41.847620,41.965404,42.041478,42.060156,
36.843546,39.967866,41.670788,41.771678,41.841434,41.853370,
37.384186,40.152512,41.941458,42.045908,42.139002,42.141159,
36.976139,40.324011,41.884361,41.984651,42.057256,42.060728,
37.170541,40.167448,41.818381,41.920391,42.012982,42.028090,
37.663554,40.209722,41.830937,41.927809,42.021988,42.038348,
36.988033,39.513106,41.835921,41.924863,41.996550,42.016964,
36.596824,40.079683,41.876387,41.973699,42.032127,42.045950,
37.005877,40.017914,41.892543,41.995288,42.087547,42.104200,
36.847785,40.052011,41.763245,41.856198,41.916087,41.936948,
37.261542,39.866235,41.811467,41.910631,41.972609,41.987993,
36.941358,39.773802,41.795221,41.886741,41.931487,41.947551,
36.852161,39.796406,41.913691,41.999733,42.090638,42.107217,
37.450660,39.834213,41.694441,41.790223,41.895927,41.888104,
36.482001,40.215471,42.006619,42.128126,42.184063,42.197767,
37.261903,39.884916,41.874754,41.942550,42.016209,42.027123,
36.949014,40.136914,41.766282,41.861626,41.932844,41.954696,
36.377669,39.656702,41.769459,41.873688,41.929298,41.943622,
37.233319,39.685451,41.811287,41.893267,41.969031,41.973875,
36.690578,39.777925,41.835066,41.901762,41.965269,41.990201,
37.350752,39.917244,41.475613,41.571480,41.627438,41.643337,
37.520087,40.248078,41.894174,41.986525,42.074175,42.079191,
36.494769,40.093838,41.880418,41.988107,42.058145,42.075960,
37.063046,40.085793,41.840216,41.919981,42.005114,42.025148,
36.871644,39.848473,41.752491,41.861686,41.920052,41.945715,
37.127161,40.189366,41.845523,41.958521,42.014564,42.027743,
36.840875,40.205147,41.932381,42.042121,42.112443,42.122140,
36.616866,39.985454,41.752422,41.823882,41.897497,41.912944,
36.856337,39.701702,41.750627,41.830897,41.894510,41.901690,
36.808234,39.896294,41.899710,41.982696,42.061872,42.071457,
36.895364,40.154758,41.807170,41.911777,41.981043,41.999128,
36.357784,40.297183,41.885785,42.001289,42.049054,42.061575,
36.807340,40.178012,41.631312,41.717959,41.757751,41.775801,
36.684024,39.694665,41.838013,41.931549,42.030181,42.030013,
37.601930,40.142282,41.911941,42.005637,42.079191,42.094179,
36.768407,40.076939,41.840790,41.952485,42.010543,42.028584,
37.557557,40.096518,41.796177,41.886202,41.966108,41.973989,
36.702072,39.895310,41.846430,41.953838,42.020383,42.028111,
37.725867,40.119875,41.758432,41.862233,41.910816,41.915278,
37.003088,39.759572,41.637320,41.711731,41.770836,41.773610,
36.186849,40.195916,41.908167,41.985546,42.038907,42.054781,
36.767800,40.073440,41.805542,41.914715,41.991368,41.995455,
36.075788,39.628312,41.369851,41.450091,41.500726,41.509746,
37.295689,40.272175,41.859472,41.967269,42.061300,42.072922,
37.263506,40.287606,41.960714,42.055902,42.124643,42.141784,
37.002982,40.205306,41.831941,41.936578,42.012899,42.026492,
36.547225,39.756326,41.711037,41.797353,41.866139,41.885948,
37.148946,40.107289,41.791258,41.879910,41.948046,41.955646,
36.858197,40.111809,41.795230,41.900037,42.009737,42.029204,
37.044632,40.017947,41.848840,41.931364,41.983809,41.997854,
36.863925,39.849930,41.890904,41.997938,42.046467,42.067287,
37.467483,39.906786,41.830354,41.928692,41.987764,42.000026,
37.408096,40.095864,41.788811,41.881698,41.966326,41.974705,
37.424945,40.148577,41.855794,41.933913,42.018820,42.032937,
37.319212,40.129570,41.806221,41.879148,41.943725,41.965217,
37.412981,40.261555,41.969508,42.059680,42.099154,42.122634,
37.377399,39.987707,41.620448,41.695667,41.789029,41.806331,
36.809336,40.259351,41.985390,42.069356,42.145734,42.160531,
36.748135,40.011462,41.890761,41.969767,42.029908,42.042206,
36.862459,39.941370,42.022439,42.129202,42.217790,42.229311,
37.311787,40.061549,41.795171,41.895529,41.973117,41.985921,
37.086673,40.136227,41.865825,41.938873,42.021526,42.035400,
36.898033,39.876917,41.787398,41.858795,41.949738,41.957176,
36.785496,39.841684,41.770568,41.857966,41.922472,41.931097,
36.081961,39.609002,41.740101,41.829541,41.897211,41.909384,
37.000944,39.589897,41.741084,41.821146,41.900588,41.908923,
37.177955,40.254640,41.808369,41.907073,41.973232,41.991118,
37.191940,40.040092,41.872745,41.976751,42.044916,42.064202,
37.445867,40.057902,41.765520,41.845564,41.915370,41.927758,
36.858357,39.826357,41.800124,41.894856,41.964554,41.982571,
37.150682,39.927670,41.871012,41.951091,42.019313,42.020907,
37.018473,40.060714,41.775067,41.870029,41.924360,41.928302,
37.485052,39.926983,41.575871,41.657171,41.723717,41.747217,
36.305595,39.998040,41.792631,41.905060,41.970109,41.970441,
37.344589,39.991841,41.787717,41.877392,41.946932,41.961935,
37.071850,39.911031,41.834121,41.924894,42.004518,42.009371,
37.333718,40.038264,41.725579,41.828437,41.894867,41.893236,
36.811217,39.788649,41.703170,41.778806,41.825417,41.842381,
36.720473,40.014845,41.794065,41.857966,41.892217,41.905683,
37.263264,39.854961,41.829099,41.917654,41.990472,42.005835,
37.149123,39.640449,41.754484,41.833297,41.919724,41.926823,
37.139678,39.904387,41.797662,41.890985,41.950038,41.962028,
35.986448,39.851987,41.774631,41.846360,41.898925,41.911020,
37.192917,40.190371,41.791656,41.885480,41.952134,41.965870,
36.764706,39.933863,41.659748,41.727304,41.797771,41.807270,
36.972325,39.698142,41.549784,41.655251,41.729806,41.735932,
36.493296,39.937842,41.787110,41.867759,41.945344,41.957238,
37.445374,39.873901,41.745139,41.843650,41.946303,41.967227,
37.363734,40.184428,41.829340,41.913097,41.964492,41.983507,
36.276033,40.026231,41.868043,41.965880,42.029078,42.045001,
36.867145,39.851433,41.906859,42.007299,42.082713,42.101655,
37.435324,40.136003,41.868853,41.958045,42.018526,42.045707,
37.286403,40.127595,41.770311,41.857451,41.926546,41.925643,
37.050631,39.942150,41.809208,41.885998,41.943498,41.951421,
36.384596,39.897105,41.743515,41.853007,41.939378,41.952165,
36.937243,39.769951,41.644491,41.719780,41.796496,41.812787,
37.192948,39.665953,41.865572,41.960000,42.023699,42.029750,
36.437360,39.761717,41.771053,41.880438,41.964875,41.986389,
37.283195,39.888652,41.816479,41.900088,41.973439,41.988742,
36.876009,39.482992,41.312503,41.406365,41.459808,41.478288,
37.700120,40.102160,41.808588,41.893878,41.954045,41.977914,
36.812877,40.038317,41.788771,41.872451,41.951442,41.966668,
37.159754,39.815508,41.845886,41.917787,41.978372,41.988191,
36.910404,39.852757,41.684826,41.767331,41.836605,41.846753,
36.464187,39.692436,41.896814,41.989222,42.054200,42.059616,
37.539275,40.157005,41.874652,41.973501,42.035210,42.034789,
37.675400,40.249480,41.911143,41.996842,42.087004,42.100832,
37.571824,40.162418,41.782658,41.876407,41.915227,41.927450,
37.093199,40.148481,41.881881,41.967217,42.056505,42.065739,
36.800321,40.181459,41.798100,41.888369,41.939141,41.958872,
37.230449,39.800160,41.807719,41.898609,41.967124,41.985068,
37.443227,40.191018,41.844818,41.939110,42.005260,42.017740,
37.097799,40.322790,41.852179,41.944952,42.023688,42.031422,
36.671641,39.930003,41.866129,41.966885,42.020687,42.029929,
37.158093,40.201661,41.889173,41.994996,42.071170,42.084352,
36.543139,39.883999,41.814858,41.913496,41.973937,41.983164,
37.462900,40.238838,41.963011,42.046288,42.106735,42.124321,
36.753236,39.812163,41.937978,42.019942,42.092248,42.111918,
37.031638,40.034404,41.953879,42.044167,42.109036,42.118211,
37.000571,40.185397,42.010846,42.126556,42.186046,42.196959,
36.490667,40.076959,41.749799,41.821587,41.894510,41.911092,
37.236258,39.947803,41.800094,41.889509,41.963757,41.974290,
37.604012,39.843806,41.909343,42.000840,42.063111,42.080691,
36.646271,39.871406,41.846390,41.961076,42.030592,42.049645,
37.277957,40.204615,41.724403,41.825848,41.873942,41.881170,
37.522172,40.150186,41.799556,41.889254,41.958945,41.982009,
36.830748,39.767596,41.853441,41.932762,41.966440,41.976813,
37.132864,40.003911,41.764659,41.875261,41.940933,41.956039,
37.203697,39.900400,41.955057,42.028247,42.082989,42.103130,
37.068400,39.934914,41.772014,41.883070,41.955801,41.982675,
37.579021,39.929213,41.901466,42.004184,42.059468,42.079074,
36.825867,40.155632,41.870647,41.956008,42.031244,42.041183,
36.704675,40.198618,41.857279,41.943550,42.015884,42.028058,
37.176906,39.659284,41.471339,41.575843,41.670043,41.683457,
37.162550,40.276217,41.919755,42.044652,42.123515,42.135822,
37.190954,39.825028,41.912023,42.010386,42.093656,42.111446,
37.391237,40.182132,41.893307,41.994380,42.068762,42.079298,
37.208600,40.200060,41.862435,41.950781,42.035768,42.051209,
36.946274,39.994393,41.930213,42.020876,42.074929,42.088122,
36.230489,39.841480,41.794842,41.858310,41.924955,41.944622,
37.126413,40.163738,41.888450,41.955843,42.034610,42.057743,
37.376848,39.931164,41.865066,41.971364,42.031359,42.045433,
37.315156,40.083623,41.813347,41.906491,41.973138,41.983361,
37.436993,40.006161,41.857521,41.972983,42.032159,42.047502,
37.259786,39.737339,41.723442,41.802558,41.871833,41.887107,
36.835763,40.034836,41.868083,41.942066,42.018736,42.036979,
36.625978,39.826971,41.722012,41.825306,41.886070,41.911695,
37.478743,40.143126,41.899863,41.983663,42.039023,42.046784,
37.133473,39.884172,41.892798,41.974000,42.039339,42.055976,
37.457394,40.180848,41.922011,42.016188,42.069080,42.086258,
37.488686,40.103711,41.869096,41.968347,42.040593,42.050047,
37.194654,40.176790,42.010333,42.122001,42.187616,42.210528,
37.236812,40.225015,41.816299,41.915175,41.982914,41.992243,
36.532570,40.015123,41.827744,41.936341,42.036768,42.053819,
36.925617,39.787099,41.779571,41.867425,41.943189,41.967165,
37.687433,40.061463,41.931508,41.996560,42.064701,42.082032,
37.634912,40.088200,41.911941,42.008481,42.040066,42.049180,
37.004704,39.900033,41.716169,41.811137,41.859068,41.864003,
36.832476,39.963513,41.952578,42.032863,42.099699,42.104232,
36.747605,39.953059,41.825647,41.924339,41.966492,41.974955,
36.746020,40.178410,41.875423,41.961107,42.032811,42.055257,
36.364539,39.869744,41.776158,41.870272,41.909609,41.932166,
37.441863,39.782873,41.878864,41.950224,42.000558,42.000308,
36.562860,39.491967,41.824845,41.895865,41.946891,41.964834,
37.183807,40.115218,41.879169,41.976917,42.074728,42.083319,
37.051707,39.976291,41.747463,41.816719,41.858805,41.869411,
36.925954,39.966323,41.925807,42.020603,42.075928,42.075673,
36.510348,39.729668,41.875941,41.969249,42.052825,42.055617,
36.826555,40.081461,42.011035,42.092653,42.159470,42.167276,
36.964825,39.840890,41.711643,41.780176,41.829250,41.845423,
36.716131,40.035640,41.805143,41.892248,41.975837,41.988316,
36.815414,40.166886,41.734135,41.826972,41.915278,41.931251,
37.455061,40.007744,41.844224,41.929432,41.985765,41.998105,
36.539713,40.079119,41.579917,41.694850,41.752382,41.766450,
37.308808,40.028346,41.678209,41.774026,41.836645,41.844294,
37.112796,39.984968,41.746705,41.841011,41.871559,41.892207,
37.258892,40.045229,41.866483,41.961676,42.038527,42.040719,
36.555133,39.690436,41.937000,42.028373,42.088698,42.102531,
37.170857,40.197487,41.956018,42.059489,42.137503,42.149332,
36.873375,40.166024,41.849173,41.954675,42.039992,42.047502,
36.735630,39.726097,41.924052,42.012700,42.109101,42.118018,
37.425630,40.113628,41.896579,41.991493,42.074993,42.087419,
37.039021,40.270962,41.909578,42.020760,42.099272,42.101580,
36.901254,40.012347,41.943550,42.039318,42.101291,42.107795,
37.348970,40.253271,41.976564,42.054887,42.130751,42.155615,
36.629818,39.810397,41.852280,41.937010,42.025085,42.041415,
36.041521,39.567070,41.610480,41.713402,41.808828,41.830545,
37.647408,39.993578,41.822900,41.912074,42.002564,42.017886,
36.896705,39.895085,41.829963,41.911736,41.980128,41.986868,
37.509392,39.940337,41.917214,42.006243,42.083213,42.095321,
37.400721,40.344603,41.867060,41.935600,41.994683,42.006463,
37.078206,39.969292,41.868843,41.976180,42.040624,42.044842,
36.826977,39.381082,41.859017,41.943591,42.009224,42.025915,
37.167956,40.024249,41.793677,41.892564,41.994725,42.006086,
37.718934,40.254528,41.962059,42.059659,42.136814,42.155388,
37.534500,40.087480,41.706614,41.834031,41.987295,41.990961,
36.864779,39.827902,41.630803,41.712043,41.767905,41.779640,
36.986245,39.875085,41.818752,41.910243,41.998272,42.011904,
37.105259,39.960417,41.833800,41.928764,42.007540,42.020708,
36.892161,40.112336,41.802628,41.880316,41.920483,41.940377,
37.223154,40.014442,41.912360,42.014386,42.072179,42.081106,
36.986782,39.843507,41.966512,42.047755,42.068327,42.081329,
36.411115,39.882267,41.773828,41.864722,41.911122,41.927522,
37.193342,40.068899,41.696193,41.796815,41.849102,41.859199,
37.125016,40.128437,41.830374,41.914100,42.010323,42.019124,
37.246496,40.084812,41.699622,41.795858,41.856774,41.863325,
37.081973,40.008721,41.847318,41.929196,41.991941,42.008816,
36.767340,39.707993,41.822248,41.900557,41.975993,41.984641,
37.650670,40.253159,41.864803,41.954954,42.041120,42.048209,
37.185044,39.743706,41.832032,41.933502,42.023940,42.035547,
37.227755,40.218824,41.878956,41.981687,42.071659,42.082372,
36.754674,40.067675,41.939007,42.005710,42.084544,42.088122,
36.495556,39.805108,41.918228,41.993150,42.049223,42.065814,
36.791443,39.952017,41.801750,41.880885,41.958210,41.975827,
36.651254,40.030097,41.829762,41.922257,41.988899,41.996654,
36.942245,39.802911,41.839955,41.942746,42.023247,42.037211,
37.210603,40.186243,41.855056,41.954820,42.012909,42.025663,
37.159148,39.849421,41.909026,41.975214,42.048843,42.063482,
35.711843,39.724996,41.869715,41.965238,42.027837,42.036674,
36.882200,40.090237,41.763304,41.853986,41.923354,41.939800,
36.528916,39.652583,41.770885,41.844123,41.887046,41.893399,
36.726918,40.040917,41.907329,42.002334,42.077448,42.086982,
37.327853,40.257973,41.903079,42.005804,42.072986,42.094542,
37.132077,40.109498,41.784089,41.883507,41.983122,41.999963,
36.886570,40.048459,41.899108,42.014994,42.076789,42.091096,
36.761032,39.953020,41.877118,41.956959,42.024728,42.038443,
36.865787,40.233600,41.650538,41.749819,41.815648,41.821617,
37.364588,40.174945,41.914838,41.986088,42.063545,42.070077,
37.015560,40.251735,41.963011,42.055627,42.126513,42.147549,
36.633310,40.311542,41.857147,41.941036,42.016010,42.045285,
37.531413,40.042700,41.761031,41.845040,41.912135,41.932978,
36.893810,40.007395,41.875555,41.957755,42.031254,42.043387,
37.559773,40.051364,41.843146,41.944694,42.021243,42.036547,
36.625518,39.648753,41.672463,41.799047,41.901292,41.907339,
37.419192,40.218747,41.743593,41.839220,41.905408,41.925807,
37.172688,39.955041,41.805023,41.892258,41.966222,41.975266,
36.348089,39.933142,41.913425,41.997917,42.085715,42.093731,
36.371751,39.890984,41.789576,41.859775,41.922421,41.942653,
37.062818,40.238128,41.923560,42.024171,42.090872,42.103173,
37.133745,40.424000,41.908177,41.999754,42.073973,42.100052,
36.489255,39.707383,41.828607,41.938636,42.006703,42.014575,
36.898388,39.830429,41.795758,41.886955,41.973844,41.981490,
36.793092,40.031344,41.927850,41.995017,42.057584,42.071234,
37.420996,40.188499,41.869867,41.949769,42.022208,42.038106,
37.364082,40.104703,41.924904,42.017037,42.059849,42.079457,
37.001842,39.900329,41.717460,41.794055,41.887382,41.903610,
37.271731,40.025389,41.739904,41.837309,41.890171,41.902895,
36.657282,40.189634,41.764175,41.844869,41.903538,41.915237,
36.212045,39.876014,41.766776,41.864368,41.951710,41.968761,
36.906608,39.988055,41.712121,41.804833,41.871468,41.891382,
37.120445,39.901566,41.857481,41.944725,42.002679,42.002595,
37.646660,40.223073,41.898211,41.994130,42.069780,42.074366,
37.015613,40.007282,41.908310,41.998815,42.063259,42.071998,
36.902174,39.812075,41.841233,41.919755,41.972474,41.985526,
36.855124,39.932578,41.923816,42.038243,42.095513,42.107655,
36.899408,39.691099,41.670478,41.759697,41.805942,41.825116,
37.734113,39.987838,41.935281,42.019134,42.091811,42.108480,
36.798514,40.110369,41.929956,42.041320,42.112057,42.121840,
37.350244,39.726549,41.828286,41.927881,41.977956,41.992274,
37.384067,39.901900,41.970503,42.045074,42.104392,42.124633,
37.705780,40.054579,41.794623,41.872330,41.910294,41.923898,
36.387408,39.887008,41.690900,41.748468,41.803047,41.810477,
37.006813,40.208512,41.864104,41.942437,41.995809,42.001822,
36.811802,39.733136,41.786076,41.875210,41.926731,41.944838,
37.074318,40.206328,41.895947,41.969995,42.041847,42.054855,
37.540763,40.060186,41.819142,41.919611,41.988659,42.001342,
36.800333,39.778895,41.842914,41.949026,42.016922,42.018348,
37.128178,40.074861,41.730934,41.819593,41.877514,41.893705,
37.549703,39.949463,41.785967,41.889723,41.980076,41.993067,
42.451592,44.485505,45.986171,45.994127,45.998110,46.004616,
41.823331,44.643098,46.169252,46.187589,46.211425,46.216385,
41.236451,44.497032,46.247760,46.258575,46.291884,46.293905,
42.505697,44.865771,46.220467,46.245317,46.273047,46.273382,
42.143964,44.362890,46.272935,46.303345,46.316866,46.317995,
42.458050,44.645728,46.165326,46.202980,46.230661,46.225132,
42.505943,44.446008,46.248010,46.277658,46.304132,46.305483,
42.473137,44.570593,46.017264,46.044551,46.055987,46.059708,
41.887209,44.648917,46.081942,46.117933,46.155176,46.155176,
41.916527,44.499741,46.066068,46.080633,46.111201,46.113569,
41.500391,44.829282,46.307200,46.323360,46.338758,46.344206,
41.759400,44.823577,46.097740,46.113704,46.118661,46.114673,
42.050934,44.779155,46.176839,46.193974,46.209801,46.210792,
41.894591,44.231774,45.879794,45.891597,45.887506,45.890676,
42.240995,44.856388,46.233123,46.263867,46.274360,46.273689,
42.285203,44.626817,46.276819,46.304076,46.313989,46.320874,
42.011359,44.784049,46.308776,46.331873,46.333459,46.332439,
42.627456,45.051167,46.121114,46.139384,46.143178,46.146432,
41.404571,44.615895,46.071424,46.091066,46.119982,46.116747,
42.664556,44.686531,45.989074,46.006139,46.023931,46.022982,
41.773986,44.113510,46.104909,46.134512,46.137976,46.138301,
42.881118,44.490709,46.064178,46.087130,46.104935,46.106978,
41.456462,44.282782,46.161895,46.174928,46.184222,46.182908,
42.576696,44.777769,46.069851,46.099109,46.105553,46.105016,
42.977257,44.689575,45.958546,45.968038,45.975961,45.975543,
41.644232,44.546653,46.028734,46.053915,46.059549,46.059230,
42.485730,44.732674,46.070145,46.083332,46.092003,46.092754,
41.858168,44.175374,46.043968,46.061996,46.068066,46.068599,
41.420760,44.462692,46.093879,46.113865,46.136650,46.132970,
41.803975,44.700704,46.060612,46.077294,46.085846,46.085525,
41.515626,44.218110,46.100075,46.119065,46.117663,46.111201,
41.455071,44.301154,46.017396,46.024300,46.043120,46.039731,
41.729864,44.664433,46.055535,46.051844,46.039863,46.042405,
39.929511,43.686663,45.959819,45.977056,45.975491,45.977161,
42.552035,44.686880,46.144370,46.163801,46.177331,46.179299,
41.236153,44.678030,46.025329,46.037482,46.049668,46.048077,
41.807380,44.796674,46.020320,46.031850,46.050172,46.049642,
42.328819,44.749535,46.052083,46.068226,46.088094,46.093022,
41.874683,44.439082,45.944850,45.956078,45.955767,45.954417,
42.656095,44.407703,45.974448,45.982565,46.003199,46.001834,
42.361253,44.701054,45.970929,45.992660,46.007558,46.007427,
42.302375,44.679520,46.086274,46.106306,46.121492,46.117717,
41.572861,44.365086,45.986668,46.000785,46.039149,46.038831,
41.920083,44.471426,45.946068,45.949074,45.970278,45.975074,
42.625261,44.543764,45.959091,45.979327,46.005194,46.007611,
41.644809,44.435019,46.112762,46.133673,46.153518,46.154279,
42.086311,44.727760,46.016816,46.038487,46.044949,46.047069,
41.326921,43.444817,46.118741,46.133971,46.135594,46.134404,
42.465680,44.482971,46.064018,46.081862,46.100075,46.100934,
42.208315,44.271123,45.995856,45.994729,46.003750,46.005850,
41.957218,44.132885,46.023351,46.037482,46.044578,46.045532,
41.628473,44.515813,46.087933,46.109183,46.141579,46.144181,
41.783522,44.190754,46.011606,46.025382,46.036476,46.037852,
42.234168,44.534639,45.994493,46.007794,46.019371,46.018739,
41.277165,43.447206,45.922455,45.942132,45.969966,45.966425,
42.002940,44.767093,46.037402,46.063087,46.074812,46.078549,
42.107409,44.577487,46.130267,46.155176,46.177741,46.178725,
42.323798,44.344274,46.022375,46.051473,46.085793,46.083867,
42.612702,44.505706,46.089058,46.090262,46.099806,46.096480,
42.049656,44.655167,45.942132,45.968820,45.976013,45.974761,
42.326522,44.615495,46.115589,46.144560,46.159554,46.163583,
41.517354,44.479717,46.010686,46.042829,46.060134,46.062049,
42.111650,44.381660,46.072117,46.094898,46.124055,46.121249,
42.017415,44.630184,45.959039,45.982826,46.006087,46.004616,
41.403724,44.877847,46.181049,46.190465,46.224138,46.223034,
42.031706,44.514509,46.151236,46.173344,46.178698,46.179681,
41.206505,44.601445,46.080152,46.106844,46.116101,46.114700,
42.537653,44.811331,46.100343,46.114512,46.124649,46.127025,
41.221456,44.238727,46.078042,46.081702,46.084375,46.085124,
42.338651,44.334235,46.195236,46.210737,46.231380,46.232597,
42.325959,44.546390,45.722634,45.745232,45.765561,45.766555,
42.236472,44.392388,45.978779,45.986929,45.994677,45.992791,
41.920616,44.561110,45.950577,45.969497,45.988813,45.992372,
42.625200,44.659614,46.033806,46.062182,46.072838,46.072091,
40.602330,44.296421,46.066494,46.079858,46.082423,46.090450,
41.467606,43.991275,46.245789,46.268524,46.280706,46.277686,
42.526381,44.394888,46.164019,46.177632,46.196361,46.198118,
41.632568,43.892665,46.118256,46.135675,46.154659,46.153355,
41.978943,44.099756,46.041558,46.060187,46.081621,46.082691,
42.329055,44.533142,46.172962,46.184632,46.192960,46.194496,
42.285850,44.388694,46.067506,46.076600,46.099189,46.100370,
41.927932,44.625059,46.051446,46.085953,46.087130,46.088843,
41.284704,43.543203,46.060639,46.079377,46.103914,46.107892,
42.267432,44.737183,46.101444,46.109909,46.116801,46.116262,
42.037464,44.544683,46.014710,46.031243,46.056678,46.057741,
41.494616,44.009663,45.979562,45.995646,45.989781,45.993236,
40.378226,44.114886,45.950033,45.965956,45.987871,45.990173,
41.967103,44.418240,45.881146,45.906716,45.937941,45.937631,
41.843861,44.614275,46.051101,46.066068,46.072571,46.073958,
41.722335,44.298796,46.069132,46.086783,46.108457,46.109748,
42.096815,44.313481,46.195291,46.227813,46.230467,46.225934,
41.333750,44.307029,45.974813,46.004721,46.029156,46.027255,
42.265778,44.285344,45.944695,45.957688,45.961716,45.965045,
42.381179,45.015686,46.059655,46.071824,46.087960,46.089995,
42.050892,44.546127,45.972597,45.981154,45.979379,45.978230,
42.342502,44.514080,45.964317,45.977161,46.009739,46.012264,
42.286731,44.639531,46.015368,46.029024,46.055828,46.057741,
42.701742,44.547047,45.946223,45.965904,45.977369,45.975908,
41.843549,43.928688,46.018080,46.043571,46.050889,46.054712,
41.959596,44.644384,45.971086,45.972050,45.981233,45.985099,
41.932803,44.278545,45.903611,45.925754,45.950681,45.954002,
42.109572,44.405104,46.057130,46.065908,46.078068,46.078175,
42.937050,44.339618,46.033806,46.044816,46.059575,46.061384,
42.338143,44.609207,45.989938,46.019424,46.049032,46.046486,
42.080383,44.143477,46.013289,46.015947,46.034837,46.036318,
41.980076,44.738144,45.671924,45.679835,45.693990,45.695163,
41.818962,44.342232,45.963797,45.977421,45.971268,45.973457,
42.095855,44.493952,46.087371,46.096238,46.105903,46.111174,
42.620115,44.421905,46.030397,46.041293,46.056465,46.056678,
41.834574,44.596335,46.013500,46.014316,46.022323,46.023588,
42.686171,44.583786,45.897433,45.909104,45.905407,45.903252,
41.648640,44.378914,46.038514,46.072464,46.091173,46.092030,
42.403236,44.371445,45.821610,45.832372,45.842073,45.844400,
41.017712,44.175288,46.016685,46.006192,46.005483,46.006638,
41.511285,44.332788,46.048262,46.060240,46.071424,46.071531,
42.241602,44.480401,46.002516,46.026596,46.047971,46.044896,
41.741615,44.446760,46.014395,46.033013,46.045505,46.043067,
42.882192,44.619253,45.992450,46.002910,46.008162,46.011527,
41.897650,44.189855,45.941485,45.959117,45.972962,45.974839,
41.981198,44.294880,46.005457,46.017580,46.041664,46.044737,
42.228705,44.097504,46.089138,46.108107,46.145374,46.141362,
41.930531,44.509649,46.112062,46.117205,46.126160,46.129618,
42.546714,44.701949,46.029262,46.052508,46.064524,46.060373,
41.395440,43.734409,46.097123,46.122220,46.140278,46.141687,
42.264047,44.250509,46.006665,46.028681,46.053889,46.052827,
41.966771,44.684496,46.201303,46.221405,46.229029,46.228697,
42.454582,44.030394,45.936623,45.961092,45.984864,45.989781,
41.624478,44.401999,45.992974,46.003592,46.019582,46.020530,
41.725696,44.277098,45.849642,45.875485,45.906485,45.909053,
42.192918,44.539733,46.024881,46.034996,46.024432,46.025804,
41.795380,44.618814,45.955351,45.974448,46.012053,46.008267,
42.227517,44.602224,45.926425,45.932128,45.941847,45.940812,
42.121163,44.571952,46.061304,46.079511,46.081969,46.082931,
42.431594,44.661136,46.078416,46.087371,46.097445,46.094335,
42.702687,44.629552,46.077481,46.091307,46.101390,46.103109,
42.021830,44.273431,46.131943,46.142473,46.156807,46.158221,
42.258934,44.606904,45.914373,45.925213,45.934090,45.934504,
41.740996,44.430795,46.132970,46.155257,46.165163,46.165926,
42.331128,44.624638,46.153463,46.190410,46.213050,46.217129,
41.590746,44.272920,45.986563,46.010554,46.035234,46.038937,
41.483736,44.424477,45.896358,45.909746,45.939959,45.943582,
41.156338,44.020507,46.059363,46.074865,46.088014,46.088442,
41.775126,44.848051,46.160262,46.174354,46.192082,46.193179,
42.882179,44.654551,46.144370,46.155094,46.166416,46.165000,
41.467292,44.336005,45.832422,45.863573,45.874848,45.879335,
41.648669,44.269256,46.070358,46.084883,46.106870,46.104720,
40.305926,44.308095,46.131348,46.150041,46.151670,46.152757,
40.969149,44.664047,46.142202,46.151915,46.142798,46.144859,
40.916540,44.563012,45.939726,45.965670,45.996799,45.997428,
42.352705,44.476262,46.031111,46.051977,46.059309,46.060160,
42.556104,44.594058,46.046327,46.062767,46.083359,46.087639,
42.086365,44.713265,45.995305,46.016263,46.023747,46.024696,
42.516644,44.639358,46.021295,46.045479,46.073771,46.072171,
41.580524,44.458717,45.991770,45.993969,46.002674,46.007716,
41.468206,44.681456,46.123056,46.143937,46.157188,46.162303,
41.807060,44.380648,45.937734,45.952601,45.940269,45.945446,
42.602781,44.657515,46.081087,46.099538,46.115670,46.112977,
41.464633,44.320780,46.059761,46.069985,46.077988,46.079911,
42.889850,44.616468,46.081247,46.100370,46.136596,46.135513,
42.170641,44.526206,46.000286,46.024274,46.034520,46.035789,
42.035073,44.231477,45.979614,45.991508,45.999473,46.001886,
41.369490,44.670434,46.031956,46.057023,46.069611,46.068865,
41.984818,44.185639,45.965071,45.980710,45.966945,45.969861,
40.990945,44.319497,46.062182,46.065802,46.076573,46.077855,
41.140084,44.348683,46.192905,46.206361,46.222233,46.222233,
41.883985,44.250036,46.137164,46.169306,46.193152,46.192274,
41.341145,44.486968,46.141741,46.153355,46.166634,46.170670,
41.914541,44.437763,46.076974,46.092888,46.114592,46.114269,
41.644857,44.426357,46.002490,46.011212,46.010896,46.014684,
41.774452,44.327092,45.903945,45.902201,45.906922,45.906100,
41.857966,44.339439,46.044233,46.063885,46.089727,46.089727,
42.072529,44.249633,46.146350,46.163338,46.157460,46.160289,
40.686267,43.649867,45.994388,46.019713,46.043915,46.042855,
41.681885,44.739321,46.176239,46.198612,46.217543,46.216991,
42.517244,44.516726,46.184714,46.180010,46.184386,46.190849,
41.800932,44.613589,45.928204,45.935201,45.938200,45.937166,
41.448601,44.093258,45.982251,46.007033,45.999368,45.995908,
42.051969,44.329412,45.965904,45.980763,45.984341,45.984969,
42.817280,44.638840,46.071478,46.088870,46.105715,46.106145,
40.241519,43.971567,45.532452,45.542496,45.547031,45.548354,
42.577161,44.599203,46.052083,46.076333,46.104291,46.106548,
42.597339,44.594570,46.088817,46.114727,46.142175,46.143042,
42.618501,44.582025,46.236418,46.241128,46.245123,46.246566,
42.587501,44.451054,46.011869,46.028338,46.039652,46.039969,
41.604432,44.362549,45.996406,46.013184,46.017817,46.017290,
42.575230,44.438551,45.804576,45.828260,45.847666,45.842705,
41.524414,44.370597,46.062501,46.084027,46.087987,46.086301,
42.627263,44.686454,45.917717,45.929959,45.930579,45.930062,
42.097862,44.513894,46.105903,46.113381,46.134350,46.130996,
42.149245,44.345976,45.979353,45.980580,45.989676,45.994598,
41.439460,44.373320,46.077134,46.095461,46.114485,46.114485,
41.256870,44.181547,46.041372,46.056412,46.069078,46.069158,
42.055141,44.620704,45.726499,45.743970,45.769166,45.769265,
42.183028,44.497551,45.986851,46.022982,46.055509,46.054659,
41.059317,44.564445,45.989964,46.005509,46.005719,46.009398,
41.808518,44.207872,46.204189,46.220494,46.221598,46.218067,
41.796177,44.717187,45.975439,45.995541,46.002779,46.005824,
41.997552,44.626034,45.907641,45.934736,45.935046,45.937424,
42.226571,44.405885,45.899791,45.913524,45.901713,45.905921,
42.363852,44.391627,46.121735,46.135594,46.132781,46.134404,
41.780553,44.643175,46.071558,46.083760,46.076386,46.074251,
42.266167,44.713870,46.073424,46.094656,46.098733,46.100450,
41.871934,44.454489,46.173999,46.186849,46.180611,46.179408,
41.641327,44.110199,46.071104,46.090343,46.104720,46.106010,
41.712698,44.616639,46.142825,46.164264,46.174518,46.173972,
41.319916,44.065012,46.119955,46.135919,46.150557,46.149580,
42.227715,44.630126,46.036503,46.045293,46.055589,46.059097,
41.436396,44.577770,45.960573,45.979040,45.986563,45.989807,
42.724691,44.591307,46.061198,46.067506,46.074225,46.076894,
40.977351,44.195962,46.142852,46.170615,46.186685,46.185809,
42.091693,44.741224,46.118499,46.145076,46.152676,46.154523,
41.717323,44.561016,46.007926,46.020056,46.021110,46.023430,
42.087387,44.236856,46.011948,46.036000,46.048395,46.055721,
41.482151,43.763461,44.956623,44.973053,44.995638,44.993474,
40.938081,44.230587,46.108914,46.118930,46.131132,46.128861,
42.340808,44.541438,45.991979,46.029605,46.038593,46.038593,
42.436787,44.530542,45.979040,45.992817,45.997114,45.994493,
42.290213,44.505966,46.047918,46.073104,46.090959,46.096104,
41.490491,44.068945,46.006166,46.031718,46.057900,46.061410,
41.425780,44.736222,46.159200,46.178206,46.195072,46.188602,
42.624706,44.562202,46.102437,46.116666,46.125836,46.124541,
42.151375,44.598101,45.941614,45.952341,45.957844,45.956494,
42.020362,44.425262,46.113138,46.116397,46.133673,46.135729,
41.783950,44.523162,45.841972,45.848172,45.854357,45.853849,
41.431428,44.718007,45.927998,45.945446,45.944099,45.941821,
41.928877,44.452193,45.842907,45.854230,45.860524,45.866014,
42.084767,44.656803,46.142527,46.164836,46.185700,46.187671,
41.413556,44.518479,45.932644,45.950707,45.975361,45.975361,
42.790692,44.503810,45.971763,46.004406,46.024933,46.025356,
42.420111,44.161440,46.046671,46.067080,46.074118,46.075292,
41.732505,44.477536,45.988211,46.010712,46.035710,46.036238,
42.224470,44.603061,46.066201,46.084589,46.083306,46.082557,
42.250951,44.584354,46.065189,46.077401,46.084027,46.088094,
42.782820,44.610750,46.088335,46.097660,46.111846,46.111523,
42.648851,44.430759,45.969262,45.966503,45.981102,45.978491,
41.169669,44.318910,46.042326,46.068919,46.090718,46.089111,
41.902966,44.492877,46.022455,46.048528,46.062767,46.065429,
41.157095,44.245183,46.095809,46.130483,46.133836,46.131997,
41.521121,44.158538,46.049191,46.067293,46.081915,46.085766,
42.486197,44.570744,46.124433,46.127160,46.130077,46.131916,
41.826941,44.346460,46.074545,46.098948,46.124001,46.124892,
42.335694,44.267760,46.197651,46.214180,46.230412,46.230080,
42.040087,43.868354,45.698955,45.710521,45.721625,45.722314,
42.597494,44.495918,46.135702,46.142202,46.165790,46.163283,
42.489410,44.462268,46.097687,46.103888,46.113138,46.112600,
40.885821,44.151455,46.104640,46.098277,46.089700,46.089593,
41.852220,44.479754,46.079617,46.107220,46.143611,46.143503,
41.552703,44.196256,46.051579,46.059336,46.053915,46.054446,
41.818191,44.562899,46.061224,46.078229,46.100182,46.097928,
42.050480,44.082417,46.033357,46.049191,46.056731,46.059283,
41.833830,44.318910,46.000863,46.025883,46.040472,46.036556,
40.884569,43.749285,46.124541,46.139411,46.140170,46.138436,
42.329202,44.693282,46.137976,46.150014,46.149254,46.151209,
42.218295,44.442507,45.676961,45.698881,45.729036,45.730219,
42.308929,44.600115,46.090021,46.110716,46.113838,46.111685,
40.783395,44.059623,46.096614,46.105258,46.121950,46.120009,
42.148759,44.448411,46.145021,46.164373,46.179982,46.181951,
41.460167,44.196707,45.760916,45.792457,45.803899,45.807310,
41.173439,44.347786,45.965904,45.994886,46.013368,46.015684,
41.863265,44.394580,46.036794,46.056386,46.067693,46.063220,
41.873131,44.197850,46.048130,46.052535,46.051579,46.055084,
42.222942,44.498349,46.092084,46.107327,46.114969,46.118310,
42.017981,44.749417,46.079965,46.098572,46.112977,46.111362,
42.341485,44.624543,46.013684,46.018238,46.035022,46.038196,
40.854724,44.619062,46.055243,46.068972,46.069611,46.073878,
42.456739,44.704128,45.915016,45.944540,45.959065,45.959793,
41.901997,44.254052,46.102249,46.123920,46.134620,46.137760,
42.869009,44.746606,45.997795,46.004538,45.995620,45.995096,
42.161929,44.323471,45.930450,45.940761,45.931663,45.931353,
42.015119,44.357137,46.060852,46.096265,46.106682,46.109371,
41.819082,44.714084,46.183346,46.220494,46.255514,46.262084,
41.781427,44.678495,46.147408,46.174327,46.174436,46.172907,
41.881017,44.608331,46.082878,46.089138,46.105661,46.109102,
42.664702,44.858081,46.017817,46.038593,46.043677,46.043359,
41.901843,44.649570,46.006875,46.035736,46.055774,46.055349,
41.680478,44.549526,46.020135,46.033066,46.053517,46.055429,
42.695720,44.274735,45.829571,45.859991,45.886381,45.888221,
41.636417,44.216770,46.054738,46.067879,46.094388,46.093316,
40.785360,44.192311,46.044048,46.068093,46.090102,46.091173,
41.593398,44.541270,45.967856,45.994336,46.025144,46.019766,
43.022885,44.748532,46.086381,46.106145,46.125108,46.123488,
42.168035,44.426083,45.916688,45.932670,45.960443,45.959403,
42.169935,44.544157,45.968689,45.982251,45.996275,45.999211,
42.870847,44.915871,46.004459,46.030767,46.049509,46.048448,
42.395509,44.494991,46.082423,46.095863,46.082985,46.088335,
41.358423,44.232018,46.139086,46.162085,46.170152,46.172553,
41.928199,44.568046,45.968663,45.990383,45.992267,45.991848,
41.106023,44.389889,45.981207,45.991325,45.992896,45.993210,
42.427848,44.380883,45.971320,45.978831,46.002070,46.001335,
42.346458,44.568310,45.978726,45.979170,45.990461,45.992032,
41.971011,44.320834,45.899663,45.919468,45.936390,45.937217,
42.364954,44.535968,46.095407,46.108000,46.118661,46.117906,
40.921009,44.273131,46.108484,46.114969,46.124028,46.125431,
41.321086,44.467573,46.015895,46.030635,46.030001,46.033700,
41.790681,44.792998,46.008872,46.020662,46.037032,46.037244,
42.343157,44.602529,45.870849,45.891827,45.904124,45.905972,
42.517421,44.903974,46.012342,46.020636,46.061836,46.067800,
41.852492,44.545208,46.128429,46.136568,46.148277,46.148385,
42.428389,44.570536,45.945731,45.979509,46.005588,46.008846,
42.739993,44.738771,46.052720,46.073691,46.076466,46.074331,
46.651427,49.661088,52.541483,52.547164,52.559737,52.558787,
48.393351,50.339563,52.380449,52.399640,52.431929,52.429507,
48.969599,50.654554,52.130644,52.126126,52.138829,52.140555,
47.637251,50.080173,52.577352,52.588338,52.589773,52.588936,
48.685874,50.948052,52.466551,52.484609,52.523070,52.522364,
48.873238,50.191101,52.253972,52.270276,52.284523,52.284523,
48.413422,49.974954,52.402388,52.404336,52.436198,52.438161,
46.329920,50.124015,52.167818,52.195254,52.209914,52.209914,
48.191154,50.068779,52.269721,52.290213,52.321920,52.323607,
46.266153,49.657433,52.560331,52.562707,52.577591,52.580931,
49.095237,50.597406,52.227154,52.250210,52.260509,52.262061,
47.497027,50.651415,52.113032,52.120433,52.131827,52.131074,
48.174895,50.568924,52.174552,52.186090,52.194490,52.193726,
46.527690,50.242766,52.388093,52.406285,52.422827,52.422366,
46.492735,50.058216,52.466203,52.472718,52.481458,52.480292,
46.800879,50.514812,52.336450,52.355560,52.378626,52.374982,
48.242146,50.293291,52.376234,52.382159,52.368612,52.369180,
47.579477,49.946488,52.281960,52.291776,52.293563,52.294010,
48.126222,50.363136,52.235193,52.231447,52.217592,52.222975,
48.677703,50.773047,52.243026,52.260509,52.268721,52.270610,
47.291281,49.842706,52.075365,52.085896,52.091651,52.090904,
48.591159,50.287092,52.332278,52.337466,52.349898,52.350350,
46.416175,50.445496,52.218361,52.234201,52.290547,52.291664,
47.942426,49.900142,51.889743,51.896875,51.894938,51.896467,
48.985843,50.700372,52.304525,52.314617,52.305869,52.307886,
46.505976,50.522459,52.261728,52.260952,52.276726,52.279064,
48.099940,49.851293,52.133335,52.148543,52.152326,52.153300,
47.968264,50.186146,52.292781,52.298369,52.305533,52.308671,
48.437630,50.424015,51.974861,51.969777,51.964596,51.965217,
47.941319,49.851993,52.091438,52.100084,52.096559,52.101473,
47.354986,50.902885,52.393005,52.402388,52.416156,52.412481,
48.410954,49.828307,52.120004,52.118608,52.117750,52.116141,
46.410147,50.053211,52.358508,52.365658,52.378057,52.378512,
48.470489,50.278514,52.127202,52.124407,52.122688,52.122903,
48.659617,50.221152,51.756418,51.760171,51.750104,51.750893,
48.095264,50.068578,50.951577,50.954695,50.952234,50.952398,
46.608310,50.323209,52.154598,52.160120,52.162287,52.161745,
48.557236,50.082119,52.041815,52.046457,52.057447,52.055225,
48.165730,50.273249,51.823872,51.831499,51.830696,51.831499,
45.996616,49.602979,51.945375,51.957145,51.972578,51.972370,
47.302736,49.447135,52.113675,52.117750,52.122581,52.120004,
48.586684,50.403362,52.063906,52.069844,52.088240,52.086109,
48.345647,50.120559,51.798180,51.807060,51.809358,51.809458,
48.585162,50.346907,51.345202,51.351853,51.354282,51.352752,
47.755825,50.169948,52.280511,52.288762,52.289320,52.294233,
47.848645,50.204201,52.315403,52.318098,52.307662,52.307662,
48.724012,50.526324,52.050152,52.056918,52.067828,52.068889,
48.834679,50.523722,52.293451,52.302286,52.317537,52.319447,
48.520154,49.707956,52.071542,52.074728,52.100084,52.102221,
48.016274,50.739407,52.103718,52.103932,52.093891,52.094318,
47.980372,50.350048,52.200828,52.208161,52.225394,52.225394,
49.146787,50.471783,51.906675,51.918751,51.939089,51.939604,
48.165989,50.541672,52.142712,52.158062,52.154706,52.155247,
48.816782,49.382934,52.042659,52.044030,52.039391,52.040656,
48.797759,50.566521,52.322257,52.321695,52.304301,52.306205,
48.834075,50.171729,52.007059,52.005281,52.006954,52.007163,
45.954132,48.915887,51.141618,51.150453,51.150195,51.151913,
47.910058,50.021183,52.240597,52.245456,52.249657,52.249104,
47.962243,50.019660,51.677763,51.680381,51.685623,51.684749,
47.612049,50.185596,51.907594,51.920903,51.918648,51.918033,
48.511120,50.363924,52.457261,52.484609,52.538409,52.537818,
48.003233,50.243741,52.234862,52.242805,52.258624,52.254415,
47.783064,50.203718,52.149515,52.147679,52.141310,52.143252,
48.220925,50.595819,52.265279,52.286642,52.315066,52.312484,
48.287655,50.159546,51.829792,51.835720,51.841152,51.840649,
48.013604,49.753655,52.108640,52.110032,52.120433,52.122366,
49.011845,50.711533,52.311475,52.323270,52.346051,52.350690,
48.508035,50.471195,52.188924,52.199953,52.209147,52.208161,
49.041014,50.639261,52.013443,52.009151,52.018474,52.020781,
46.502794,49.927852,51.869228,51.868012,51.860119,51.861737,
47.720485,49.224783,51.776207,51.782956,51.777298,51.777001,
47.906598,50.513403,51.957249,51.973719,51.975069,51.972785,
48.522076,50.264978,52.386380,52.393462,52.395978,52.398152,
48.531133,50.874348,52.489749,52.496182,52.515892,52.515892,
48.638330,49.133114,52.061681,52.074090,52.085683,52.081106,
47.858693,50.190688,52.302174,52.310689,52.307102,52.307326,
48.630537,50.555052,51.936516,51.952495,51.993275,51.990878,
46.782028,50.509549,52.239384,52.234752,52.243689,52.246451,
47.944231,50.188416,52.046457,52.057870,52.086428,52.086322,
48.462066,50.537270,52.081532,52.107891,52.131720,52.131827,
47.811589,50.334508,52.059775,52.051420,52.032443,52.032232,
48.608723,50.074606,52.088559,52.092077,52.126664,52.128600,
48.593398,50.736362,51.910560,51.914858,51.923057,51.922339,
48.294856,50.583443,52.234201,52.240597,52.249767,52.252090,
48.440665,49.753841,52.451812,52.445675,52.442206,52.445212,
46.404040,50.028604,52.036547,52.037811,52.040972,52.040340,
47.927479,50.769820,52.256297,52.263614,52.262948,52.263725,
48.337373,50.260498,52.324957,52.325632,52.348540,52.349332,
48.739706,50.718913,52.290547,52.307550,52.311699,52.310914,
48.454120,50.733709,52.032863,52.032443,52.026135,52.026240,
47.171276,50.606336,52.245235,52.241039,52.229905,52.229465,
49.192935,50.628208,52.164130,52.175966,52.185545,52.183911,
48.489710,50.571027,52.216495,52.217922,52.235193,52.235083,
48.412005,50.111018,52.094851,52.098481,52.117321,52.116570,
46.763070,50.359771,52.222096,52.246119,52.272166,52.270054,
47.645978,49.084818,52.183584,52.194162,52.212326,52.210134,
46.728720,50.473986,52.207285,52.215726,52.233319,52.231116,
48.074662,50.183603,52.075046,52.082489,52.081532,52.082489,
46.804002,49.773745,51.921416,51.927265,51.914960,51.918136,
48.856700,50.161871,51.934870,51.936928,51.967808,51.967911,
46.910430,49.988206,51.910355,51.926649,51.954561,51.953735,
46.189013,50.417555,51.986816,51.997760,52.011977,52.013443,
47.658948,49.470050,51.183464,51.198545,51.217949,51.218123,
46.907197,50.640941,52.202906,52.204001,52.214739,52.214520,
48.541904,50.385830,51.958800,51.962732,51.977977,51.974965,
48.254955,50.118595,52.381931,52.391748,52.384783,52.387864,
48.274306,50.449002,51.573069,51.577046,51.585485,51.584631,
47.541945,50.078294,52.151029,52.154381,52.177162,52.177488,
46.045320,48.812269,52.123225,52.159903,52.212765,52.214300,
48.209786,50.730668,52.259178,52.277282,52.304973,52.301054,
48.146898,50.563895,52.129675,52.143683,52.135488,52.133765,
47.375530,50.228576,52.050575,52.061893,52.094958,52.096346,
47.580270,50.011198,52.007582,52.010197,52.006640,52.008628,
48.094541,49.815975,52.110996,52.124085,52.141310,52.140015,
49.035998,50.572680,51.966253,51.977146,51.984423,51.981406,
48.528973,50.113790,51.541574,51.552769,51.571082,51.573637,
47.244466,49.952610,52.360663,52.382958,52.391062,52.390834,
48.214937,49.886258,51.847297,51.852240,51.866595,51.863558,
45.125090,48.755952,52.228584,52.223195,52.223964,52.223854,
48.744786,50.748791,52.393691,52.407890,52.456217,52.458189,
47.589185,49.933428,52.369635,52.365658,52.363614,52.364408,
48.734731,50.812744,51.884758,51.892798,51.914653,51.916906,
48.655313,50.698978,52.394034,52.406514,52.424438,52.424669,
47.548234,50.472517,52.401472,52.408005,52.423632,52.423978,
48.801107,50.078160,51.979847,51.976523,51.967393,51.971022,
48.919584,50.356194,52.122581,52.126234,52.116785,52.116141,
48.189330,50.180511,52.263614,52.288427,52.310241,52.313158,
47.967934,50.499189,52.072922,52.085470,52.081957,52.079085,
47.325738,49.758513,51.030957,51.034383,51.033882,51.031458,
48.938427,50.515702,52.163805,52.166299,52.171510,52.172922,
47.829338,50.075276,52.183584,52.164672,52.116463,52.117536,
46.427824,49.968736,52.171076,52.176944,52.201812,52.200500,
49.234328,50.803063,52.256076,52.263836,52.285750,52.288538,
48.606523,50.382735,52.129890,52.130859,52.144439,52.140339,
48.950362,50.681601,52.245677,52.257516,52.261506,52.265057,
47.681797,50.125778,52.373275,52.375437,52.379082,52.379538,
46.533914,50.392892,52.007895,52.009883,52.034021,52.035705,
48.015815,50.753647,52.106714,52.110139,52.099763,52.096559,
47.819597,50.337996,52.084299,52.083979,52.104039,52.103718,
46.249649,49.784641,52.355560,52.346391,52.337466,52.335097,
48.324946,50.352763,52.076853,52.096132,52.114640,52.113997,
48.580883,50.722801,52.306205,52.313831,52.329686,52.331376,
48.361159,50.415959,52.218141,52.218251,52.231337,52.232658,
48.331357,50.087830,52.305421,52.328447,52.360549,52.360322,
48.605711,50.464811,52.435390,52.436544,52.420065,52.421676,
48.081137,50.143514,51.826781,51.845584,51.853451,51.855976,
46.840865,50.340988,52.215068,52.215617,52.248440,52.249988,
46.568784,49.407178,52.401243,52.413744,52.433197,52.434121,
47.634308,49.996756,52.044557,52.046879,52.086855,52.088346,
46.674159,49.494318,52.272499,52.273611,52.285638,52.287757,
47.113003,50.537345,52.230456,52.246119,52.251427,52.253972,
46.541781,50.290683,51.995048,51.999326,52.030865,52.032653,
47.486267,50.229271,52.242032,52.258070,52.273278,52.275725,
46.673087,50.415089,51.796685,51.807759,51.829792,51.831198,
46.006166,48.905941,51.925006,51.925828,51.930038,51.931374,
48.683830,50.492764,51.959317,51.968430,51.980991,51.981510,
48.640257,50.353120,51.938060,51.956732,51.950017,51.951566,
47.928746,50.326404,52.230125,52.227374,52.245567,52.243357,
46.405076,50.206204,52.308671,52.312933,52.314168,52.316413,
46.115158,50.452437,51.799974,51.808259,51.818161,51.816859,
48.269881,50.584046,51.912913,51.901772,51.898609,51.897997,
47.995710,50.383958,52.377373,52.394834,52.407546,52.408005,
46.910980,50.457485,52.133442,52.143467,52.142820,52.140662,
45.983505,50.124489,52.047618,52.050152,52.053639,52.055225,
48.639053,50.412191,51.957145,51.958490,51.963767,51.962835,
48.382034,50.461733,52.268054,52.274056,52.299488,52.298593,
46.506330,50.306279,52.174552,52.170424,52.189470,52.192743,
48.884128,50.559396,52.245788,52.265834,52.283408,52.285192,
46.887268,49.672437,52.210353,52.215397,52.235193,52.233099,
48.938375,50.434269,52.075896,52.095492,52.115819,52.114640,
48.048816,50.370377,51.712903,51.724550,51.747050,51.745769,
48.401596,49.762129,51.480001,51.485470,51.496149,51.496056,
47.976525,50.099948,51.753556,51.761950,51.774621,51.775117,
48.524092,50.383454,52.033074,52.050997,52.056071,52.056177,
48.577606,51.008461,52.197767,52.200500,52.229795,52.231006,
48.203683,50.445277,52.289543,52.289878,52.289543,52.290213,
48.680911,48.534329,52.197330,52.209147,52.211668,52.209147,
48.148877,50.047213,52.247224,52.252312,52.238501,52.235083,
48.665185,49.965271,52.083128,52.086641,52.097413,52.097734,
48.506960,49.978034,52.225944,52.232658,52.264835,52.262948,
48.335801,50.707577,52.250873,52.272388,52.288315,52.286530,
48.006271,50.615208,52.223634,52.241480,52.281514,52.285527,
47.156189,50.163991,52.068040,52.072603,52.070480,52.069738,
47.658833,49.784452,52.217702,52.215287,52.223085,52.226054,
46.028047,50.292163,52.007163,52.018369,52.029498,52.027291,
47.746914,50.036570,51.938575,51.946818,51.952392,51.950636,
48.040122,50.483623,52.238501,52.244462,52.256741,52.254636,
47.930341,50.190068,52.117536,52.133227,52.154706,52.155896,
48.622230,50.398738,52.303293,52.313494,52.320458,52.320908,
48.112592,49.882665,52.300719,52.305533,52.333292,52.329573,
48.455782,50.213879,51.697586,51.690287,51.692524,51.691843,
47.183659,50.544733,52.400441,52.409726,52.416846,52.415122,
48.557236,50.044683,52.158278,52.156221,52.181188,52.181624,
48.293611,49.947399,52.394491,52.396893,52.410300,52.412251,
47.321647,49.993795,52.184346,52.201375,52.215397,52.215617,
49.010586,50.495422,52.229685,52.233650,52.254415,52.255301,
48.553127,50.424669,52.241812,52.253308,52.272499,52.269832,
48.426426,50.482445,51.786732,51.788820,51.776207,51.775612,
48.180221,50.585704,52.313270,52.313045,52.303069,52.305533,
47.683883,49.530119,52.304525,52.317649,52.342886,52.343225,
47.934475,50.022905,52.264502,52.268832,52.288762,52.291106,
48.021242,49.837372,52.144871,52.154273,52.159361,52.160986,
47.853264,50.485022,52.202469,52.225174,52.246230,52.245677,
45.636755,50.622577,52.255411,52.273389,52.292893,52.293675,
48.179961,50.160230,51.966253,51.970088,51.975484,51.975588,
48.692597,50.511105,51.999848,52.005490,52.006431,52.007686,
48.368167,49.866663,52.257516,52.260619,52.248109,52.247666,
48.494272,50.253788,51.823672,51.832303,51.822769,51.825577,
47.963398,50.923209,52.262948,52.275836,52.283074,52.280734,
47.764636,50.334508,52.168253,52.179882,52.192852,52.193835,
48.399500,50.458656,52.137751,52.158820,52.197658,52.195691,
47.259267,49.633813,51.784745,51.787329,51.804763,51.806361,
48.097091,49.705493,51.989211,51.995361,52.036126,52.037284,
47.946982,49.669505,52.241480,52.253308,52.262505,52.263836,
48.038822,50.087830,51.848810,51.841555,51.854865,51.852240,
49.067084,50.404880,51.871559,51.876428,51.894836,51.895753,
48.702310,50.024362,51.248141,51.256932,51.277395,51.282260,
48.042262,50.530491,52.142928,52.153949,52.148975,52.151245,
47.279644,50.234135,52.069738,52.073347,52.080893,52.081106,
45.388220,49.229856,52.282740,52.289878,52.303629,52.301614,
47.013565,50.840158,52.267943,52.276281,52.270165,52.268388,
49.002672,50.110342,52.304749,52.303181,52.303069,52.303629,
48.640691,50.129577,52.176727,52.181733,52.206190,52.207942,
47.399103,49.975347,52.075471,52.089412,52.118823,52.118287,
48.536303,49.362235,51.930141,51.928086,51.932710,51.932813,
48.745970,50.275143,52.385810,52.410185,52.451928,52.453434,
44.584751,50.535332,52.244462,52.245125,52.248330,52.250320,
48.720968,50.522830,51.756714,51.763631,51.776306,51.777993,
48.022997,50.118662,52.232218,52.239715,52.257184,52.258070,
48.230383,50.575086,52.251869,52.218910,52.204220,52.202797,
49.299548,50.361990,52.154273,52.174552,52.193071,52.195473,
48.010644,50.014766,51.125452,51.121868,51.100850,51.101699,
47.138631,49.975609,51.560500,51.544864,51.558991,51.560312,
47.157148,49.444583,52.001206,52.005908,52.005490,52.004236,
44.155106,50.323989,52.034863,52.043608,52.056600,52.056495,
48.307286,50.164470,52.036758,52.038970,52.058928,52.058717,
47.762353,50.316684,52.110996,52.126019,52.139476,52.140662,
48.234461,49.985579,52.149515,52.144655,52.160445,52.161311,
45.325209,49.138243,51.873181,51.883741,51.916394,51.918136,
44.707827,49.997678,52.053111,52.071223,52.089092,52.087600,
46.307819,50.454119,52.535455,52.541365,52.575802,52.573418,
48.065959,50.546077,52.161745,52.169338,52.187398,52.188379,
48.077708,49.991164,52.244793,52.248883,52.252644,52.252976,
46.677989,49.338409,52.305869,52.310802,52.328560,52.329573,
47.887924,49.909875,52.026030,52.020047,52.006118,52.006536,
47.703407,50.582689,51.873993,51.874703,51.887199,51.886385,
48.876441,50.434269,52.313270,52.320683,52.328222,52.329911,
48.094839,50.163512,51.931580,51.922544,51.897997,51.902691,
48.377815,50.730200,52.225174,52.238170,52.264613,52.264058,
48.557473,50.960116,52.318435,52.324732,52.330475,52.327434,
47.473102,49.997217,52.358508,52.373844,52.402961,52.403648,
48.672895,50.438276,52.005804,52.017740,52.032022,52.032548,
47.790663,50.609594,52.026240,52.034547,52.033284,52.031706,
47.764361,49.805253,51.933224,51.943004,51.936928,51.937134,
47.116461,50.504884,52.097093,52.088879,52.079404,52.080893,
48.426747,50.659613,52.392891,52.396207,52.419605,52.419490,
46.367093,50.096511,52.449379,52.457725,52.469692,52.466900,
48.745625,50.195991,51.104926,51.108412,51.115305,51.114794,
48.971730,50.698127,52.191215,52.188488,52.207833,52.209038,
47.404355,50.208830,51.709679,51.719065,51.738193,51.740258,
48.156584,50.257211,51.903508,51.905448,51.927470,51.927984,
48.835435,50.587514,52.418915,52.436083,52.451001,52.447874,
47.682608,50.319874,52.172488,52.187398,52.191324,52.188488,
48.870443,50.480899,52.240156,52.247114,52.222535,52.222315,
48.069548,50.200543,52.179229,52.187071,52.190015,52.189034,
48.720526,50.562020,52.191215,52.198642,52.212984,52.210462,
47.297676,50.047613,52.224074,52.231447,52.245125,52.247666,
48.401779,50.306986,52.240377,52.242584,52.256076,52.257627,
48.445084,49.982100,52.243689,52.257184,52.280734,52.277950,
48.362243,50.185596,52.192088,52.202797,52.207833,52.203891,
47.561366,50.174472,52.274723,52.278618,52.303405,52.304749,
47.283625,49.919372,52.269276,52.283185,52.275725,52.277171,
48.596926,50.663142,52.135812,52.145842,52.160445,52.158495,
47.743817,50.487823,52.221436,52.230676,52.237949,52.234421,
49.003929,50.469286,52.354200,52.348087,52.333067,52.332841,
48.180178,50.284208,52.228474,52.231887,52.244572,52.245014,
48.612263,50.279989,52.240156,52.251648,52.258292,52.259622,
47.498323,50.238100,52.191324,52.200828,52.213203,52.210791,
46.473417,50.150397,52.042132,52.053428,52.064648,52.064648,
46.215475,50.748164,51.958696,52.019732,52.167601,52.166191,
48.517110,50.388495,52.117106,52.128384,52.128062,52.129245,
47.128382,50.752393,52.121292,52.127309,52.130213,52.133012,
47.984181,50.359342,52.319334,52.334871,52.364295,52.363727,
48.293121,50.148761,52.278062,52.286419,52.282405,52.282182,
47.377186,50.267359,52.237288,52.236847,52.242695,52.242364,
46.225574,50.531831,52.256962,52.283408,52.324057,52.322482,
47.662793,50.476044,51.787229,51.798977,51.815358,51.819964,
48.430739,50.496825,52.353521,52.360095,52.375551,52.375779,
47.219353,49.966120,51.904733,51.917111,51.931169,51.931785,
48.497674,50.383598,51.963353,51.966357,51.989524,51.990461,
47.388293,49.853012,52.122366,52.115927,52.119896,52.120326,
48.403877,50.174472,51.922954,51.919981,51.920903,51.922031,
48.742812,50.316613,52.271276,52.275836,52.292557,52.295462,
48.341373,50.309957,52.003818,52.014491,52.024455,52.025610,
47.831217,50.152103,52.229025,52.250763,52.289878,52.289878,
46.898608,49.262310,52.112818,52.128169,52.165323,52.165323,
46.661251,50.267850,52.269498,52.262837,52.282628,52.282628,
48.723324,50.335575,51.889845,51.874601,51.886385,51.887301,
47.786545,50.154696,51.875616,51.869836,51.872573,51.874500,
45.932463,49.899885,52.237177,52.255522,52.286976,52.286753,
