22.412981,31.451619,39.903060,40.034935,40.160421,40.171428,
22.294119,31.706445,39.688817,39.815483,40.095184,40.117518,
22.366017,31.423153,39.229933,39.399862,39.540893,39.560355,
22.222703,31.481300,39.961286,40.183857,40.456789,40.473715,
22.256117,31.429702,39.210032,39.314770,39.620209,39.637848,
22.299590,32.027421,39.847296,40.028743,40.133808,40.148100,
22.294828,31.544943,39.499945,39.697626,39.752142,39.761985,
22.214060,31.540172,39.582925,39.944771,40.350962,40.359485,
22.290601,31.487554,39.717693,39.975033,40.304442,40.319505,
22.256705,31.612630,40.310643,40.520289,40.740845,40.765323,
22.270670,31.846129,40.035566,40.154717,40.455341,40.498221,
22.217542,31.709366,39.196936,39.466203,39.818098,39.836205,
22.386640,31.784355,39.635672,39.758743,39.981201,39.994525,
22.605821,31.914367,39.860700,40.179838,40.653321,40.677803,
22.315591,31.540390,39.763183,39.912083,40.039414,40.062124,
22.808326,31.692229,39.919915,40.177737,40.420994,40.442680,
22.175010,31.382098,39.670677,39.814763,39.978467,39.985474,
22.078193,31.352767,39.672437,40.097414,40.238448,40.256582,
22.172306,31.300421,39.431148,39.689908,39.953887,39.974666,
22.013843,31.234501,39.355892,39.716187,39.976363,39.987122,
22.310288,31.414193,39.493568,39.820638,40.286403,40.299399,
22.007007,31.484952,39.717854,39.736793,39.868158,39.871636,
22.074037,31.110341,38.916061,39.095510,39.295653,39.295160,
22.259307,31.289091,39.185834,39.541658,39.762297,39.784634,
22.215626,31.569811,39.122125,39.514278,39.852286,39.837664,
22.042563,31.389548,39.698646,39.939648,40.247129,40.275902,
22.181210,31.326545,39.563964,39.722171,39.954070,39.965767,
21.960319,31.352829,39.546172,39.737853,39.861025,39.865571,
21.970991,31.181444,39.521353,39.646305,39.876564,39.896204,
22.147271,31.819281,40.144815,40.310183,40.509534,40.524852,
22.512136,31.729005,39.259193,39.580771,40.022977,40.030614,
22.403756,31.253840,39.175768,39.473293,39.613104,39.624135,
22.428033,31.188196,39.223245,39.457542,39.791417,39.807824,
22.195562,31.516305,39.783656,39.959960,40.109863,40.118683,
22.672316,31.748391,39.494383,39.606751,39.744433,39.752466,
22.269783,31.518369,39.870971,40.175700,40.758877,40.787152,
22.529540,31.940821,39.653581,39.876616,40.110437,40.130052,
22.731460,31.527594,39.525758,39.808896,40.168797,40.171181,
22.278455,31.377504,39.044286,39.353064,39.906728,39.931741,
22.725151,31.656294,39.823794,39.764225,39.757566,39.764524,
22.363716,31.318631,39.596202,39.764893,40.130263,40.147622,
22.409287,31.751060,39.095354,39.284229,39.511057,39.530432,
22.438766,31.299310,38.878440,39.253675,39.492424,39.502259,
22.422100,31.679300,39.867839,40.027205,40.236744,40.266091,
22.504142,31.295162,39.012533,39.198420,39.403042,39.419934,
22.412340,31.418941,39.662861,39.809173,40.079824,40.101890,
22.055468,31.308534,39.115988,39.281956,39.404144,39.411526,
22.003643,31.167398,39.571371,39.709589,40.027099,40.034929,
22.046525,31.564414,39.176983,39.489512,39.614225,39.631137,
22.398881,31.466740,39.219424,39.406454,39.640418,39.647994,
21.968329,31.269258,39.168227,39.473632,39.854681,39.861312,
22.259847,31.377688,39.618206,39.819166,39.961384,39.980204,
22.139757,31.336530,39.769364,40.116084,40.539888,40.558909,
21.965552,31.404431,39.565669,39.694303,39.761081,39.769720,
22.012317,31.199810,39.360194,39.662197,39.903028,39.903157,
22.550178,31.525203,39.502759,39.512694,39.592494,39.601861,
21.727778,30.963920,39.923001,40.098398,40.289176,40.305403,
22.017443,30.861084,39.273225,39.617675,39.780392,39.792585,
22.041778,31.388094,39.784509,39.979339,40.217972,40.225182,
22.050752,30.983319,39.247349,39.390279,39.540182,39.554024,
22.520064,31.056129,39.378107,39.577261,39.723309,39.733632,
22.569188,31.677096,39.946488,40.054092,40.171462,40.173930,
22.173262,31.344304,39.617572,39.879671,40.179186,40.191011,
22.382557,31.778361,39.994031,40.028531,40.375926,40.390981,
22.115307,31.763077,39.488926,39.508850,39.539032,39.553370,
22.066021,31.170838,38.913732,39.354188,39.800494,39.808808,
22.423099,31.394340,39.629600,39.797003,39.934252,39.952538,
22.176938,31.224067,39.318502,39.621151,40.419920,40.435274,
22.152100,31.876466,39.655674,39.787174,39.798481,39.796217,
22.480802,31.211532,39.295300,39.445401,39.638375,39.645583,
22.444322,31.274693,39.468965,39.654012,39.924082,39.939596,
22.366475,31.600038,39.508385,39.697030,39.896365,39.903524,
22.005145,31.346007,39.531994,39.805480,40.195888,40.205990,
21.964053,31.470170,39.425165,39.662325,39.808083,39.817498,
22.451098,31.583945,39.552746,39.679560,40.042334,40.048592,
22.355430,31.203787,38.461571,38.784064,39.293878,39.308124,
22.087308,31.529201,39.245549,39.249571,39.135224,39.148677,
22.496798,31.450488,39.519218,39.733161,39.897696,39.908882,
22.301512,31.253972,39.136450,39.358545,39.648340,39.655150,
22.084585,31.155669,39.144276,39.287404,39.406644,39.431911,
22.258131,31.325819,39.107284,39.164106,39.157958,39.178041,
22.115321,31.568003,39.388951,39.659388,40.298305,40.302852,
22.139628,31.645452,39.549579,39.760825,40.039009,40.050691,
22.127844,31.428466,39.309546,39.503047,39.675046,39.693302,
22.313273,31.571982,39.509939,39.676385,39.839791,39.844975,
22.526427,31.710545,39.345187,39.563660,39.725640,39.735944,
22.147235,31.298886,39.045814,39.247443,39.557313,39.582015,
22.616148,31.308355,38.964053,39.116498,38.982272,38.984273,
22.187362,31.037885,38.601665,38.798378,39.156173,39.169734,
22.117996,31.050447,39.524594,39.667143,39.849313,39.856829,
22.900680,31.824738,39.535834,39.776047,40.032001,40.047959,
22.190955,31.185660,39.496512,39.705253,40.010154,40.028445,
22.372253,31.410802,38.645535,38.812444,39.057523,39.068418,
22.515340,31.192732,38.838227,39.040571,39.407236,39.421721,
22.524833,31.387750,39.329830,39.404133,39.375829,39.388035,
22.364536,31.093155,39.261254,39.528647,39.686481,39.705327,
22.300408,31.188336,39.380557,39.567797,39.919055,39.927003,
22.470120,31.241496,39.182279,39.493831,39.972302,39.989277,
22.299342,31.793135,39.325485,39.448249,39.633861,39.650607,
22.104826,31.321898,39.216980,39.606371,40.043019,40.059979,
21.942190,31.099181,39.512706,39.645473,39.822845,39.828085,
22.170929,31.175315,39.802508,39.877845,40.022534,40.026376,
22.152842,30.982768,39.313808,39.394540,39.576604,39.592865,
22.122079,30.966225,38.991313,39.107305,39.387377,39.402026,
21.958360,31.253085,38.877540,39.260182,39.664556,39.676281,
22.510683,31.110883,39.360717,39.514520,39.723203,39.728795,
22.223069,31.535980,39.767977,39.919074,39.767583,39.779114,
22.384727,31.183170,39.380237,39.505492,39.706065,39.725640,
22.257113,31.105978,39.024358,39.122728,39.168902,39.183355,
22.602733,31.617253,38.954710,39.070604,39.176215,39.184660,
22.086745,30.900075,38.678184,38.824314,39.256711,39.269075,
22.455023,31.349146,39.002949,39.124790,39.425748,39.426810,
22.550839,31.274841,38.903734,39.179726,39.759130,39.792717,
22.084639,31.142846,38.959882,38.978906,39.033282,39.047353,
22.116683,31.116868,39.236687,39.479542,39.821928,39.841753,
21.934027,31.051865,39.211450,39.509056,39.699581,39.721399,
22.279138,31.048287,38.887324,39.201231,39.660893,39.664770,
22.401598,31.311483,39.132811,39.453503,39.895644,39.919663,
21.999810,30.876581,39.440556,39.593573,39.854923,39.854745,
22.051384,30.893651,38.756803,38.806434,38.829016,38.841551,
22.864515,31.642044,39.444763,39.538096,39.756432,39.757279,
22.976334,31.688241,38.697939,38.800312,39.075271,39.076485,
22.981293,31.786936,39.036352,39.248474,39.301349,39.322558,
22.916184,31.673421,39.290491,39.425061,39.721368,39.729358,
22.476266,31.427465,39.480331,39.608791,39.782760,39.781933,
22.496929,31.211570,39.250214,39.475430,39.759348,39.772007,
22.176759,31.101617,38.877626,39.013294,39.175833,39.197686,
22.507650,31.280930,38.982068,38.931441,38.921850,38.932039,
22.291640,31.138647,39.137011,39.305035,39.475967,39.489090,
22.631968,31.313573,38.966004,39.173959,39.526502,39.548107,
22.455926,31.050280,38.339921,38.545112,38.830797,38.849197,
22.504705,31.513573,39.311328,39.410548,39.453555,39.452974,
22.830327,31.562045,39.235968,39.462487,39.617892,39.530332,
22.177511,30.996621,39.040349,39.305821,39.629346,39.640079,
22.505503,31.447337,39.304064,39.484460,39.685341,39.697737,
22.627776,31.940968,39.260587,39.665550,39.956926,39.977929,
22.305019,31.271535,39.332338,39.502818,39.805997,39.806929,
22.307946,31.348197,39.179759,39.309029,39.626437,39.661228,
22.213065,31.202565,39.361928,39.554964,39.853318,39.871342,
22.371932,31.582936,39.374905,39.502571,39.673524,39.687799,
22.453795,31.567734,39.091243,39.272618,39.595314,39.607527,
22.048776,31.444910,39.989008,40.252098,40.447278,40.452781,
22.195754,31.245024,38.961666,39.283157,39.597145,39.596304,
22.457551,31.514554,39.069934,39.302229,39.599325,39.615286,
22.100244,31.734504,39.537960,39.719082,40.064885,40.077824,
22.125780,31.214809,38.945196,39.229575,39.596664,39.608689,
22.755682,31.800145,39.108593,39.655047,39.859858,39.868261,
22.485234,31.279007,38.936838,39.055736,39.231346,39.243019,
22.125859,31.485095,39.069939,39.147318,39.207479,39.211059,
22.271627,31.329233,38.772885,39.058181,39.565091,39.572249,
22.503152,31.042490,39.643434,39.694426,39.719972,39.724891,
22.607989,31.694491,39.211367,39.364477,39.559378,39.569152,
22.346537,31.293562,38.899656,39.053150,39.183240,39.185752,
22.553505,31.445178,39.447558,39.603256,39.881921,39.898597,
22.383346,31.289584,39.297200,39.377296,39.450030,39.467479,
22.321093,31.513981,38.801682,38.966446,39.192842,39.194855,
22.643100,31.579257,39.144017,39.419974,39.695869,39.719027,
22.666984,31.388297,39.391389,39.478233,39.603460,39.624050,
22.737129,31.550611,39.591888,39.752092,40.012618,40.030203,
22.335203,31.446814,38.909450,39.161389,39.529510,39.540757,
22.017934,31.368632,39.666496,39.851980,39.933246,39.936206,
22.297730,31.497976,39.354847,39.532650,39.757952,39.767683,
22.249836,31.346346,38.976334,39.486175,39.742290,39.751931,
22.284033,31.543547,39.501977,39.698960,39.917574,39.932442,
22.398148,31.471212,38.873990,39.049639,39.331067,39.322806,
22.403001,31.570056,39.889667,40.023786,40.298827,40.315487,
22.500621,31.754348,39.670054,39.879543,40.144965,40.141179,
22.146844,31.437410,38.825581,38.970711,39.067791,39.079458,
22.475828,31.595811,39.375687,39.536071,39.747807,39.769420,
22.401804,31.124320,38.844398,39.058170,39.328526,39.342864,
22.487436,31.414107,39.186806,39.313723,39.366766,39.389397,
21.863508,31.186285,39.260476,39.520303,39.804044,39.823535,
22.417097,31.501424,39.304289,39.540508,39.848868,39.851796,
22.444039,31.550577,39.803704,40.033249,40.221846,40.236291,
22.283166,31.671549,38.981391,39.042864,39.163481,39.169854,
22.048217,31.058774,39.707069,39.740230,39.758388,39.779753,
22.238686,31.332784,38.783223,39.184610,39.678434,39.682890,
22.178706,31.396091,38.735179,38.831718,38.789914,38.791031,
22.373610,31.262542,39.635672,39.880094,39.955654,39.972119,
22.565044,31.469069,38.770596,39.013058,39.429843,39.446561,
22.625833,31.751334,39.611935,39.783769,40.027895,40.049751,
22.517925,31.331785,39.356721,39.551385,39.710877,39.728987,
22.288263,31.201748,39.175125,39.451940,39.872724,39.874977,
22.142727,31.282041,39.088886,39.334174,39.827883,39.837798,
22.578478,31.139604,39.030198,39.250264,39.635678,39.645334,
22.331755,31.345841,39.034505,39.157931,39.528204,39.545828,
22.361037,31.163926,38.873156,39.107713,39.227170,39.237261,
22.170582,31.259477,39.805732,39.985467,40.242494,40.248685,
22.010576,31.271310,39.117627,39.182651,39.583697,39.601284,
22.323602,31.081300,39.138243,39.313442,39.501760,39.523029,
22.242791,31.024481,39.477667,39.618290,39.717996,39.718341,
22.088641,31.074792,39.207622,39.376314,39.806431,39.818294,
22.310909,31.361929,38.421343,38.765069,39.171035,39.186588,
22.496052,31.392183,39.160672,39.388848,39.604338,39.620994,
22.352219,31.554655,39.460602,39.647593,39.879204,39.879742,
22.201692,31.144124,38.900633,39.308546,39.835843,39.856574,
22.348376,31.952085,39.345957,39.697270,40.041881,40.054459,
22.707349,31.647634,39.861606,39.999884,40.222255,40.241463,
22.332225,31.447456,38.797075,38.903171,38.985984,39.005055,
22.697426,31.724610,39.747919,39.970424,40.212399,40.236097,
22.445319,31.553567,39.554220,39.712683,39.859736,39.879172,
22.355903,31.137572,39.043731,39.295093,39.473089,39.498724,
22.215897,31.072959,39.203512,39.360324,39.543917,39.561415,
22.389966,31.293271,39.416090,39.634818,39.890226,39.901546,
22.118237,30.685302,38.958031,39.244862,39.468773,39.480401,
22.235435,31.231630,39.552693,39.698517,39.843532,39.881139,
22.453340,31.533587,39.703948,39.866011,40.048692,40.059418,
22.638971,31.762710,39.165753,39.456868,39.930120,39.940194,
22.088211,31.088946,39.271442,39.408115,39.601302,39.616571,
22.478265,31.600136,39.564071,39.728448,39.901037,39.905522,
21.901309,31.024497,39.403674,39.623053,39.865443,39.882979,
22.255367,30.956129,39.180593,39.378095,39.649337,39.657390,
22.406497,31.077582,38.487207,38.795906,39.012270,39.021706,
22.531060,31.493775,38.505260,38.615117,38.714700,38.726812,
22.115151,31.245779,39.427526,39.434253,39.631924,39.645601,
22.446471,31.261289,38.367646,38.813387,39.082433,39.097971,
22.315994,31.380411,39.042631,39.179993,39.392701,39.406080,
22.372026,31.464573,39.289546,39.350039,39.637381,39.638690,
22.347844,31.146404,38.953431,39.354830,39.853324,39.863042,
22.298739,31.105662,39.155028,39.317257,39.530154,39.530344,
22.597922,31.414589,39.813393,40.122754,40.097966,40.109599,
22.459986,31.658672,39.014627,39.216062,39.430328,39.452179,
22.239137,31.344357,39.504792,39.635727,39.748752,39.764574,
22.373952,30.993953,39.531509,39.689240,39.765142,39.780173,
22.276199,31.308446,39.167324,39.484665,39.719144,39.750581,
22.655162,31.503238,38.814389,38.976443,39.179290,39.188287,
22.118146,31.368725,39.524694,39.671593,39.912135,39.917639,
22.228857,31.488467,39.679909,39.868983,40.169845,40.193559,
21.875130,31.060771,39.517726,39.794206,40.035480,40.062612,
22.083532,31.802028,40.114020,40.174184,40.202227,40.211236,
22.180869,31.337270,39.474928,39.610248,39.801261,39.824053,
22.176885,31.308258,39.422361,39.662971,39.878582,39.895606,
22.106724,31.241503,39.048560,39.392140,39.585990,39.588051,
21.844301,31.125494,39.208116,39.467380,39.860470,39.883114,
22.508239,31.608239,39.573622,39.857192,40.119692,40.126605,
22.085122,31.292925,40.166941,40.240217,40.352505,40.384520,
22.177805,31.345292,39.296774,39.407644,39.541836,39.558491,
22.193285,31.597612,39.646263,39.791624,40.005910,40.011799,
21.838813,31.296206,39.467124,39.768758,40.041635,40.040119,
22.141279,31.210613,39.649276,39.772795,39.920096,39.941285,
22.172441,31.188903,39.376326,39.693676,40.104238,40.115481,
22.292717,31.298851,39.281861,39.546142,40.016333,40.031888,
22.293664,31.492683,39.467199,39.615732,39.854872,39.868299,
22.362027,31.531686,39.329644,39.638060,40.042879,40.055459,
22.398419,31.180942,39.330547,39.462045,39.661014,39.660795,
22.044242,31.374871,38.485082,38.772209,39.159939,39.177283,
22.131439,31.128990,39.510898,39.650771,39.828136,39.848626,
22.190560,31.221116,38.717107,38.754305,39.062585,39.067642,
22.392951,31.268598,38.628504,38.929268,39.188894,39.201922,
22.080514,30.811690,39.519224,39.668278,39.969436,39.973625,
22.057812,31.269866,39.096323,39.347845,39.637557,39.657092,
22.477914,31.567892,39.319961,39.634806,39.970450,39.975400,
22.583689,31.451319,39.822896,39.938888,40.363315,40.381519,
22.095661,31.407500,39.245222,39.399466,39.545679,39.550049,
22.099893,31.126166,39.671685,39.605818,40.124503,40.133380,
22.375224,31.445762,39.214742,39.455385,39.697552,39.705099,
22.328210,31.658574,39.788423,39.901559,39.963624,39.984738,
22.162141,31.656864,39.507968,39.728182,39.984817,39.997678,
22.180348,31.354824,38.701616,38.899355,38.845448,38.862633,
21.991000,31.452954,39.088192,39.186440,39.304272,39.298707,
22.081076,30.997001,38.915374,39.058387,39.247737,39.252793,
22.106240,31.776430,38.761036,39.172968,39.871368,39.884153,
22.150654,31.312174,39.563940,39.641049,39.649719,39.660551,
22.267099,31.334411,39.160211,39.368845,39.426585,39.429588,
22.212331,31.200923,39.910250,40.037985,40.207068,40.235408,
22.234621,31.503009,39.652109,39.772070,39.951072,39.954330,
22.420568,31.545450,39.413948,39.439421,39.354444,39.359352,
22.197604,31.425891,39.808221,39.994518,40.211126,40.222345,
22.130564,31.489449,39.324109,39.626129,40.018734,40.031749,
22.341637,31.596213,39.601446,39.772376,39.991157,40.004723,
21.982100,32.019557,39.677462,39.891620,40.168372,40.174074,
22.069000,31.385837,38.667943,39.005967,39.557301,39.469496,
22.006531,31.383523,39.090826,39.145504,39.133831,39.156580,
21.994179,31.165606,39.633565,39.879761,39.915616,39.923506,
21.988419,31.441461,39.803786,40.028352,40.366490,40.389201,
22.069352,30.979356,39.288679,39.761150,40.002178,40.028757,
21.980197,31.523176,39.220123,39.330440,39.520315,39.538333,
22.106126,31.283079,39.321848,39.470435,39.618326,39.612779,
22.080684,31.109167,39.126600,39.219556,39.207331,39.228438,
21.898284,31.149656,38.996900,39.136158,39.089517,39.103515,
22.136473,31.070709,39.066303,39.216326,39.384649,39.407994,
21.997548,31.271901,39.638539,39.957343,39.909979,39.923733,
22.277076,31.481427,39.394133,39.773395,40.311174,40.314091,
21.919114,31.091767,39.071843,39.227346,39.399816,39.407029,
22.293963,31.273156,39.173464,39.363629,39.439467,39.450367,
22.203693,31.158881,38.951749,39.029191,39.188664,39.190588,
22.207198,31.659284,39.265241,39.440625,39.678349,39.687535,
22.036176,31.032654,39.485800,39.732355,39.955778,39.974548,
22.301658,31.429924,39.471718,39.622274,39.748653,39.756594,
22.315021,31.562868,39.285095,39.455670,39.745209,39.752597,
22.122327,31.515784,39.658365,39.883454,40.177470,40.194606,
22.383917,31.704708,38.970150,39.097361,39.301382,39.310996,
22.260415,31.288430,39.182984,39.545970,39.638430,39.646633,
22.186365,31.403756,39.865328,40.025084,40.292114,40.289578,
22.336917,31.482983,39.313498,39.399472,39.599205,39.608153,
22.156346,31.231906,40.036663,40.237878,40.432085,40.443599,
22.214361,31.033444,39.481272,39.599403,39.791059,39.810617,
22.092480,31.478739,39.503100,39.728962,39.807610,39.824635,
22.260707,31.493367,39.510686,39.824629,39.992893,40.011640,
22.117805,31.290395,39.314674,39.584457,39.967591,39.976206,
25.897004,34.632407,41.936598,42.059489,42.171782,42.178391,
26.172859,35.162678,43.899677,44.032045,44.160787,44.160701,
25.989613,35.058082,43.971090,44.052817,44.124328,44.138793,
25.359704,34.223237,43.324901,43.438370,43.601783,43.597376,
25.548570,34.907181,43.404692,43.749410,44.165615,44.175805,
25.915450,35.066240,43.028968,43.085523,43.220527,43.221965,
25.566072,34.945750,43.569096,43.717830,43.839631,43.848316,
25.533796,34.591561,43.776378,43.875038,44.008087,44.027546,
25.380896,35.124831,43.444686,43.541506,43.649836,43.663369,
25.625506,34.762617,43.683816,43.769012,43.876485,43.882618,
25.413089,34.189504,43.851721,43.868338,43.949346,43.960565,
26.239503,35.335046,42.740191,42.844703,42.964278,42.959848,
25.771404,34.550784,43.039594,43.080070,42.971795,42.975649,
25.679274,34.696608,43.466745,43.538528,43.683723,43.695741,
25.860112,34.930693,44.076130,44.238342,44.448631,44.461734,
25.871094,34.695942,43.118710,43.197285,43.319606,43.320115,
25.787706,34.834078,43.618121,43.784433,44.033812,44.042427,
25.530720,34.220714,42.231447,42.458398,42.734400,42.734066,
25.666576,35.088620,42.626081,43.246508,43.638767,43.637290,
25.428939,34.547999,43.324462,43.467346,44.199998,44.194664,
25.977676,35.068020,42.269221,42.199964,42.255511,42.254094,
25.624884,34.517181,42.593590,42.687517,42.826048,42.828524,
25.479973,34.580531,43.148683,43.265331,43.372806,43.380504,
25.765044,34.564228,43.038679,43.109641,43.244102,43.249556,
25.592124,34.526546,43.496486,43.606300,43.735795,43.754271,
25.216413,34.572114,42.562624,42.864331,43.391236,43.396879,
25.132850,34.579451,43.040562,43.258350,43.503448,43.508721,
25.209367,34.543914,42.684558,42.795530,42.934007,42.943961,
25.231170,34.900196,43.669897,43.761236,43.898869,43.905600,
25.393952,34.314399,42.606550,42.661904,42.727839,42.732434,
26.016803,34.687785,43.691454,43.859869,44.176908,44.189890,
25.454992,34.279028,43.473865,43.577121,43.653212,43.663307,
25.954072,34.812443,43.010889,43.120250,43.292777,43.290416,
25.224094,34.534283,41.949759,42.034463,42.138894,42.147138,
25.833054,34.905902,42.621596,42.942106,43.246522,43.249639,
25.535802,34.681218,43.103108,43.221979,43.247245,43.258657,
25.691274,34.806363,43.470245,43.551449,43.679125,43.686525,
25.826510,35.068536,43.488815,43.585657,43.687264,43.721694,
25.845713,34.620874,42.264946,42.354540,42.476969,42.467296,
26.095607,34.743568,43.224747,43.270952,43.320031,43.323485,
25.940325,34.552646,43.411407,43.453840,43.558380,43.569936,
26.136973,35.161002,43.010863,43.015372,42.925961,42.930719,
25.920480,34.389880,42.669962,42.883728,43.135630,43.137461,
25.674161,34.336584,42.615155,42.556852,42.443211,42.444599,
26.284607,34.981177,43.225730,43.340469,43.490198,43.502282,
25.763120,34.368327,43.516383,43.612335,43.701284,43.704313,
25.362502,34.421983,43.819756,43.865834,43.960631,43.962468,
25.111776,34.271646,43.499214,43.487477,43.586710,43.603716,
25.769654,35.553984,43.488315,43.664027,43.826461,43.825825,
25.604150,34.718393,42.599568,42.715337,42.964291,42.965595,
25.826625,34.620620,44.143853,44.153529,44.050522,44.060311,
25.149635,34.290251,43.146820,43.512417,43.916544,43.922571,
25.170396,34.546261,43.379744,43.571045,43.965521,43.967163,
25.164658,34.586969,43.835024,44.110861,44.330162,44.340674,
25.124156,34.386774,43.484551,43.700496,43.942776,43.950819,
25.850301,34.767332,42.928081,43.179508,43.700697,43.706076,
25.641327,34.526525,42.742370,42.797462,42.882435,42.888786,
25.176647,34.597281,43.177508,43.311718,43.476519,43.474114,
25.043520,34.246446,43.258922,43.406828,43.600077,43.602070,
25.337384,34.476689,42.445756,42.790354,43.263752,43.251882,
25.715518,34.439803,42.757548,42.815906,42.892529,42.878088,
25.843761,34.910070,43.031880,43.128570,43.291835,43.303083,
25.157830,34.255005,43.372491,43.498919,43.734098,43.738427,
25.319146,34.108105,42.805989,43.158079,43.310984,43.305776,
25.484903,34.585353,42.276337,42.504653,42.773477,42.776310,
25.427943,34.871189,43.134708,43.321786,43.522517,43.524237,
25.729098,35.201258,43.398117,43.459565,43.592567,43.601964,
25.275967,34.791145,42.785084,42.816196,42.899292,42.910970,
25.431482,34.094142,43.003160,43.095401,43.192075,43.188985,
25.788229,34.947512,43.339801,43.403754,43.460500,43.472677,
25.988350,34.738852,42.480572,42.667197,42.808831,42.811398,
25.572185,34.444189,43.375457,43.653731,43.993769,43.987577,
25.117402,33.982064,41.871924,42.246263,42.362410,42.348675,
25.523865,34.430190,42.803237,42.905745,42.982373,42.984259,
25.362878,34.405495,43.390402,43.498005,43.610307,43.606844,
25.779459,34.654886,43.012642,43.130913,43.276342,43.274493,
25.622445,34.576084,43.519641,43.558200,43.639376,43.651867,
25.655716,34.613486,43.445924,43.521123,43.563121,43.572649,
25.461960,33.927926,42.172260,42.175063,42.188041,42.195986,
25.633409,34.645769,42.818427,42.876311,42.943209,42.952209,
25.901831,34.726121,42.601510,42.859492,43.413315,43.415282,
25.782065,34.449323,43.182057,43.261965,43.231092,43.234587,
25.560938,34.670261,42.752243,42.859861,43.091587,43.091265,
25.920662,34.543949,43.288196,43.336008,43.355423,43.357521,
25.871027,34.637604,41.892024,41.939717,41.944591,41.945261,
25.802973,34.535354,43.379041,43.441818,43.558858,43.551404,
26.031928,34.739028,42.799469,42.905681,43.092648,43.101856,
25.903785,34.247208,42.612942,42.542075,42.409967,42.413928,
25.414907,34.148889,42.739015,43.065406,43.393423,43.392747,
25.866836,34.516933,43.695248,43.758339,43.875343,43.877998,
25.699238,34.867118,42.654504,42.731285,42.844095,42.847076,
25.786416,34.673235,42.507821,42.558336,42.605073,42.598465,
25.818813,34.980662,43.274269,43.228015,43.216946,43.207767,
25.818487,34.695973,42.432794,42.561614,42.757883,42.766296,
25.860400,34.799087,42.571321,42.451487,42.349366,42.350497,
25.455470,34.439169,42.460928,42.533105,42.508431,42.515198,
25.785515,34.467978,41.671001,41.734557,41.806591,41.809068,
25.511680,34.223560,42.686685,42.801089,42.849285,42.852790,
25.065718,34.086269,42.534699,42.559856,42.673326,42.682895,
25.165779,34.206822,42.476177,42.721115,43.013209,43.030119,
25.228898,34.213850,42.942936,43.188628,43.571225,43.571525,
25.838888,34.279454,43.629502,43.758840,43.850346,43.863685,
24.916022,34.095712,43.204017,43.268085,43.213576,43.218784,
25.501749,34.249550,42.210572,42.270865,42.259910,42.261307,
25.455244,34.271174,42.683396,42.802571,42.961072,42.964565,
26.203269,34.576356,41.984194,42.039149,42.095833,42.093176,
25.449838,34.384242,42.390548,42.478822,42.584036,42.581683,
25.970144,34.564433,43.118967,43.185266,43.298279,43.294170,
25.832259,34.466849,43.583807,43.655427,43.792503,43.794949,
25.782374,34.061679,42.132882,42.357918,42.578545,42.579547,
25.845105,35.160083,43.043748,43.112851,43.209877,43.227627,
26.229443,34.536097,42.342672,42.374982,42.433624,42.443096,
25.291264,34.224952,42.309590,42.218569,42.058177,42.062105,
25.967921,34.496156,42.508549,42.699853,42.863414,42.855065,
25.488518,34.731822,42.700466,42.797725,42.800386,42.802144,
25.288012,34.170249,41.652475,41.698862,41.777804,41.781387,
25.478942,34.618583,41.659603,41.966419,42.113268,42.119091,
25.288241,34.440431,43.305057,43.198001,42.947116,42.953770,
25.013146,33.975789,43.118940,43.130981,43.183825,43.199680,
25.357650,34.303269,42.484983,42.716913,42.859772,42.863643,
26.252879,34.762629,41.948830,42.019092,42.096773,42.106254,
26.166968,34.588204,42.863197,43.382327,43.391294,43.397801,
26.285480,34.500165,42.644597,42.743448,42.972330,42.966795,
25.925886,34.656092,42.332379,42.438773,42.542489,42.545187,
26.227705,34.647511,42.987980,43.090875,43.219310,43.220139,
25.808955,34.630258,41.994141,42.082351,42.234476,42.240917,
26.249901,34.857194,42.514434,42.593339,42.664799,42.669438,
26.054145,35.075997,43.033258,43.078744,43.184868,43.189534,
25.562811,34.010479,43.548853,43.463980,43.189918,43.195814,
25.916333,34.770323,43.511042,43.745913,44.007523,44.018994,
25.926606,35.091680,42.439270,42.679719,43.009124,43.013130,
25.629540,34.318502,42.601906,42.658853,42.733584,42.739411,
26.166012,34.615794,43.098533,43.114268,43.065713,43.070359,
26.221072,34.738306,42.833835,42.713971,42.379800,42.388378,
25.860191,34.784175,42.252622,42.319874,42.339249,42.338437,
26.180328,34.407038,43.815932,43.893230,43.937863,43.949902,
25.926088,34.482758,42.631004,42.743894,42.919246,42.913959,
26.097691,34.717915,42.115873,42.181123,42.246130,42.249225,
25.474275,34.148892,43.119588,43.169177,43.255658,43.268784,
25.468383,34.341081,43.206140,43.284180,43.315349,43.321347,
25.568844,34.510892,42.783245,42.919117,43.064112,43.069398,
25.301551,34.644578,42.521598,42.597482,42.656095,42.673033,
25.576322,34.477405,42.169002,42.271554,42.507633,42.518221,
25.465604,34.415226,42.172901,42.439062,42.742271,42.737220,
25.767414,34.693243,42.926297,42.984534,43.097162,43.093561,
26.125507,34.443813,42.123096,42.186798,42.291664,42.294993,
26.024159,34.981164,43.673718,43.676482,43.987857,43.987131,
25.814335,34.644440,42.068104,42.125009,42.157802,42.159665,
25.532249,34.135858,43.252759,43.449596,43.764307,43.765138,
25.499344,34.775517,43.889340,44.001179,43.926767,43.931065,
25.430669,34.315077,42.693270,43.285514,43.383131,43.394100,
25.872341,34.675696,42.844272,42.902363,43.031006,43.037459,
26.229352,35.049514,42.869915,42.721226,42.617658,42.618007,
25.105679,34.362507,43.810780,43.914142,44.008087,44.006662,
25.706593,34.262600,42.868793,43.020124,43.156144,43.161598,
25.563019,34.399033,43.181015,43.263277,43.389582,43.397786,
25.951241,34.366290,42.055976,42.147452,42.199450,42.198707,
25.991637,34.171540,42.730593,42.857062,43.003595,43.010020,
26.178110,34.717784,42.753261,42.816826,42.930047,42.918988,
26.277633,34.920342,42.552189,42.817645,43.224387,43.224442,
25.353167,33.833547,42.472531,42.786260,43.259159,43.273205,
25.743728,34.639914,42.993765,43.185581,43.451419,43.454979,
25.686194,34.442050,42.048293,42.360651,42.593530,42.598273,
25.637644,34.266726,42.553541,42.662999,42.800285,42.801089,
25.997457,35.051576,42.399422,42.444322,42.520268,42.525969,
25.494989,33.732603,43.368039,43.550792,43.929143,43.939233,
25.711381,34.187245,42.722755,42.632152,42.802458,42.806781,
25.442947,34.227808,43.041969,43.174045,43.355851,43.363263,
25.678525,34.732769,43.214667,43.222657,43.214418,43.223432,
25.646361,34.171694,43.340754,43.437948,43.526032,43.528332,
26.242498,34.765078,43.443797,43.802407,43.850538,43.856041,
25.827615,34.731486,42.777659,42.856032,43.003976,43.009453,
25.958937,34.401516,43.435434,43.523273,43.655718,43.659037,
25.929065,35.341947,43.349336,43.338437,43.363720,43.358963,
25.590262,34.609180,43.555585,43.646372,43.727782,43.734565,
25.841897,34.490194,42.395486,42.483547,42.571703,42.569273,
25.480667,34.158349,43.169655,43.179165,43.313187,43.310489,
25.689031,34.575965,43.401476,43.511766,43.645991,43.659327,
25.567536,34.087420,43.669407,43.790610,44.025647,44.023184,
25.464300,34.230164,42.940576,42.992177,43.080726,43.080565,
25.915561,34.888157,43.157643,43.263291,43.336192,43.340910,
26.263572,34.751144,43.209408,43.281767,43.347598,43.348723,
25.680100,34.649509,42.297139,42.419870,42.647396,42.667319,
25.647731,34.375963,42.735513,42.809095,42.910030,42.910803,
25.651417,34.210307,42.394914,42.448152,42.508584,42.505533,
25.609881,34.134236,42.843752,42.958520,43.134748,43.147513,
25.947269,35.533319,43.398939,43.228071,43.078624,43.082266,
25.374171,34.212204,43.026481,43.104912,43.271792,43.275376,
25.181311,34.225152,43.039992,43.150166,43.196873,43.212637,
25.529618,34.799124,43.080378,43.203769,43.276146,43.278220,
25.385259,34.194174,43.064152,43.235572,43.390143,43.389784,
25.261919,34.552289,43.082347,43.173922,43.275221,43.275894,
25.703250,34.481493,42.553043,42.599244,42.682663,42.683201,
25.692872,34.588511,42.886583,43.011917,43.112608,43.106097,
25.366348,33.848239,41.808948,42.070735,42.754242,42.754739,
25.988103,34.542441,41.971530,42.197450,42.655379,42.671046,
25.809486,34.571887,43.276398,43.143653,43.068396,43.076844,
25.804109,34.782215,43.571900,43.590684,43.538826,43.535241,
26.035690,34.544990,42.623802,42.667928,42.630413,42.636985,
25.961855,34.548408,42.545175,42.723507,42.915081,42.921079,
25.979605,34.754460,43.340370,43.487418,43.542846,43.550584,
25.660779,34.233942,42.126503,42.198806,42.254968,42.257361,
25.349542,33.828266,42.416122,42.488218,42.595254,42.602014,
25.930875,34.561086,43.301378,43.315703,43.321913,43.322309,
26.116776,34.938401,43.358977,43.456030,43.709929,43.716993,
25.923346,34.966252,42.500351,42.569631,42.668317,42.677827,
25.852025,34.369747,43.635296,43.764119,43.929550,43.925384,
25.322549,34.418053,43.626890,43.630262,43.694137,43.700697,
25.382834,34.622598,43.222034,43.312354,43.415716,43.424172,
25.946174,34.736322,42.164217,42.249225,42.468749,42.471169,
25.684325,34.631829,43.119953,43.372920,43.695248,43.696791,
25.753776,34.435121,43.010402,43.233685,43.400841,43.413084,
25.586885,34.409070,42.744452,42.870413,43.055156,43.056061,
25.639381,34.626144,42.360016,42.488311,42.670218,42.680415,
25.786678,34.746154,42.824419,42.945233,43.080846,43.088272,
25.552814,34.654649,43.473879,43.568662,43.680539,43.674824,
25.494358,34.155520,42.929102,43.054943,43.244366,43.255338,
25.632817,34.567353,43.445224,43.514089,43.567418,43.567179,
25.708855,34.540514,42.583045,42.633504,42.727160,42.738631,
25.674936,34.602831,42.775598,42.943728,43.255198,43.259369,
25.796905,34.443845,43.019213,43.073594,43.166444,43.179850,
25.622890,33.731643,42.613423,42.709149,42.789089,42.781194,
25.838703,34.702258,42.389086,42.706286,43.036000,43.037008,
25.999661,34.233420,42.646402,42.749289,42.851634,42.856820,
25.943776,34.583570,43.153801,43.219697,43.313597,43.313201,
26.117847,34.806525,43.232534,43.251380,43.284433,43.292960,
25.570070,33.995988,42.388172,42.507739,42.616395,42.620151,
25.271500,33.966059,42.644791,42.710170,42.795806,42.802031,
25.147931,34.059680,42.828587,42.917402,43.021867,43.015174,
25.456641,34.651448,42.828650,43.001056,43.204899,43.210470,
25.797654,34.465424,43.436117,43.562403,43.806172,43.803324,
25.502204,34.588409,42.563528,42.700294,42.872889,42.875443,
25.738186,34.320057,43.531139,43.663736,43.762646,43.752082,
25.276623,34.393449,43.222948,43.301857,43.441643,43.447905,
25.751226,34.575506,41.886995,41.920380,42.020981,42.016618,
25.653342,34.598285,43.317993,43.380935,43.482567,43.476915,
25.727321,34.483256,43.293495,43.430133,43.580020,43.581162,
25.957215,34.909096,43.329451,43.432514,43.566819,43.580155,
25.264930,34.345560,42.132506,42.395795,42.751920,42.760968,
25.516488,34.206090,43.033496,43.103404,43.175372,43.179467,
26.391497,34.985886,43.471080,43.694985,43.999292,43.998895,
25.755815,35.003621,42.366146,42.470076,42.590957,42.589701,
25.344307,34.528405,43.056301,43.071081,43.125957,43.129965,
25.954596,34.451095,43.226270,43.207739,43.222574,43.228943,
25.443355,35.001539,42.668086,42.799469,42.962219,42.964969,
25.206914,34.701270,43.259662,43.329848,43.595853,43.598146,
25.402218,34.100318,42.191379,42.256630,42.247545,42.252998,
25.735954,34.923197,42.826288,42.941639,43.140067,43.146738,
25.306712,34.248667,42.974159,43.015596,43.152820,43.164109,
25.804879,34.163958,42.710415,42.789427,42.925057,42.927124,
25.773517,34.114601,42.272444,42.407913,42.505298,42.508631,
25.828971,34.849297,43.421882,43.573654,43.611957,43.617166,
25.892952,34.395399,43.336249,43.363363,43.562867,43.575995,
26.064268,34.304488,43.980783,44.036665,44.079584,44.076147,
25.589411,34.362678,43.055475,43.199239,43.269693,43.272043,
25.618574,34.803995,43.299659,43.398045,43.521286,43.516472,
25.402221,34.275969,42.449009,42.581779,42.818792,42.819599,
25.583181,34.602175,42.115734,42.029340,42.047702,42.041341,
25.683333,34.456104,43.169641,43.183729,43.323244,43.326318,
25.279865,34.375914,42.170989,42.425129,42.968426,42.971037,
25.958893,34.725729,42.891785,42.943403,42.614590,42.620067,
25.625529,34.616964,42.774188,42.864038,42.970685,42.975492,
25.904764,34.576379,43.367352,43.419507,43.485286,43.491861,
25.424624,34.640996,42.930836,43.104656,43.236016,43.235017,
25.480889,34.511229,43.423911,43.579614,43.670987,43.676098,
25.520479,34.234843,43.109183,43.182372,43.284685,43.288856,
25.400039,34.823695,42.998559,43.082789,43.225896,43.222353,
25.224880,34.476236,42.509429,42.601702,42.823144,42.826579,
25.809253,34.731454,43.088446,43.134138,43.319832,43.326672,
25.404845,34.209117,42.556056,42.626274,42.676704,42.671680,
25.472414,34.561012,42.857202,42.909631,42.960655,42.968844,
25.014928,34.552686,43.568332,43.674793,43.733957,43.740812,
25.791515,34.970389,43.293031,43.402543,43.459901,43.462883,
25.556621,34.681469,42.545211,42.705696,42.741058,42.751386,
25.349378,34.348876,43.639162,43.868787,44.198681,44.240738,
25.681251,34.644001,42.461869,42.641364,42.729580,42.735896,
25.443331,34.728484,42.430499,42.665724,42.900474,42.903392,
25.437418,34.307354,43.181001,43.245005,43.383433,43.380576,
24.968980,34.046536,42.095268,42.112828,42.425106,42.423264,
25.252914,33.902513,42.368760,42.457655,42.554431,42.563064,
25.055514,34.615689,41.846279,41.972474,42.163512,42.167547,
25.367773,34.363024,42.697265,42.927292,43.260164,43.281711,
25.955252,34.842976,42.776947,43.252592,43.320766,43.330231,
25.375141,34.297583,42.853616,42.912825,43.011838,43.025780,
25.313011,34.596937,42.878906,42.971168,43.114403,43.123698,
25.334455,34.843429,43.267721,43.443564,43.667919,43.666938,
25.196450,34.526531,43.552718,43.612501,43.664885,43.665866,
25.875594,34.597991,42.925741,42.975544,43.060231,43.067381,
25.609156,34.315789,42.334837,42.451128,42.571786,42.567845,
25.891824,34.664253,43.322876,43.350960,43.538082,43.545006,
25.650690,34.402901,43.179617,43.266785,43.448051,43.445195,
25.203006,33.848850,42.580167,42.624091,42.643568,42.647154,
25.160597,34.151894,42.898265,43.229609,43.539481,43.552001,
25.655109,34.357811,43.323881,43.440144,43.581252,43.568407,
26.081792,34.517088,43.239654,43.323230,43.383705,43.386693,
25.628149,34.837811,43.047202,43.119156,43.329125,43.335482,
25.501479,34.433572,42.719463,42.978173,43.565112,43.568092,
25.075676,34.386190,42.497915,42.769698,43.335184,43.332572,
25.543629,34.557901,42.401346,42.645518,42.358031,42.365215,
25.321905,34.581721,43.506549,43.602931,43.743447,43.747880,
28.921316,37.630767,46.865701,46.899350,46.959254,46.956441,
29.291535,38.249726,46.599629,46.631392,46.703327,46.706443,
28.677631,37.820355,46.433472,46.503914,46.709931,46.712156,
29.165355,37.763888,46.476928,46.501793,46.526387,46.524996,
28.377817,38.341207,48.261749,48.291076,48.424134,48.431611,
28.976540,37.564437,48.778222,48.763924,48.786136,48.793116,
28.675249,38.080909,47.842668,47.865579,47.843429,47.853264,
28.928997,37.811374,47.976732,48.027889,48.072590,48.069717,
29.206615,38.699951,47.856601,47.878374,47.837980,47.838981,
28.803582,38.224968,47.588202,47.605363,47.655452,47.658372,
28.322141,37.424293,48.056979,48.046756,48.099983,48.100238,
28.728249,38.386535,48.414474,48.583688,48.701626,48.716994,
28.175819,37.261072,47.379059,47.402000,47.447002,47.448320,
28.995302,38.682779,48.592207,48.639968,48.687529,48.678529,
29.746378,38.506554,48.947931,48.941472,48.894025,48.893412,
29.406012,38.731679,48.012562,48.051885,48.131832,48.126436,
29.148036,38.091314,47.834897,47.830657,47.881447,47.877323,
28.644529,37.699856,47.602252,47.643718,47.702087,47.701233,
29.167217,37.785952,47.235358,47.254678,47.292340,47.297181,
28.855225,37.579745,48.589159,48.625397,48.674789,48.674643,
28.534740,38.431579,47.516619,47.502102,47.495768,47.494547,
28.257049,37.584778,45.159361,45.564553,46.497938,46.496585,
29.017647,38.370466,47.754961,47.790148,47.994423,47.991103,
28.937071,37.406584,46.629694,46.665712,46.713237,46.708572,
28.500956,37.630805,48.103728,48.067732,48.077877,48.073309,
28.352466,38.372603,48.341103,48.411228,48.535645,48.532120,
28.297297,37.032060,47.986004,48.027721,48.095519,48.098452,
28.248551,38.116830,47.770113,47.790029,47.797561,47.795855,
27.894503,37.834009,45.683467,45.616826,45.444582,45.442390,
28.554935,37.755982,47.758616,47.791178,47.829978,47.830258,
29.129219,38.457398,45.463015,45.489962,45.435107,45.435752,
29.508504,38.367416,46.646159,46.689010,46.743915,46.745129,
29.338815,38.129437,47.382556,47.430235,47.484863,47.485343,
28.342402,37.283953,48.045916,48.046252,48.048942,48.042808,
29.429762,38.203539,46.992319,46.887815,46.936872,46.935798,
28.281418,37.930489,48.161845,48.197066,48.221056,48.221756,
28.983859,37.957441,46.861605,46.871660,46.870281,46.874546,
29.628844,38.088373,48.033121,48.079062,48.144319,48.145179,
29.014212,37.905264,47.187036,47.232048,47.274892,47.277672,
29.369953,38.384577,47.757043,47.767709,47.810594,47.811947,
29.389957,37.443259,47.924741,47.907819,47.972104,47.971443,
29.212667,37.458539,46.831930,47.011479,47.145591,47.142212,
29.502217,38.559671,47.075245,47.076286,47.071047,47.072860,
28.787844,37.685534,47.300683,47.330831,47.425207,47.424734,
28.869144,38.358048,47.523021,47.568398,47.649159,47.652727,
28.807906,38.103660,47.952118,48.031321,48.186465,48.192414,
28.759711,38.232308,47.560689,47.600621,47.622326,47.624918,
28.126292,37.969692,48.460309,48.483200,48.583830,48.582261,
28.004265,37.039185,48.423538,48.471925,48.513739,48.514067,
28.503709,37.209546,47.964676,47.982400,48.027638,48.033247,
28.723986,38.382688,48.056221,48.070900,48.059212,48.061024,
28.288116,38.204737,48.009769,48.044488,48.119850,48.116988,
28.742043,38.355710,47.625871,47.648469,47.756611,47.755314,
28.248359,37.326927,47.772874,47.808088,47.826142,47.828299,
28.444500,37.433872,46.841820,47.030491,47.378087,47.379816,
29.095003,38.021451,47.530252,47.630641,47.765069,47.763258,
27.640473,37.313839,48.228060,48.206341,48.232970,48.224338,
29.058248,38.118389,47.939146,48.231347,48.673284,48.675031,
28.229042,36.852694,45.730417,45.738781,45.746369,45.748671,
27.804115,37.409166,48.360346,48.413696,48.441954,48.434550,
29.188764,38.970966,47.244046,47.295697,47.356957,47.347754,
29.542932,37.946308,47.901394,47.947475,48.019028,48.023373,
28.433585,37.042451,48.346547,48.409081,48.497814,48.501358,
29.266172,38.125953,47.785675,47.780771,47.817604,47.819278,
27.967690,37.520373,47.683883,47.700962,47.716316,47.718614,
28.562130,38.278439,48.143374,48.202376,48.335980,48.345782,
29.251188,38.011949,47.864088,47.852501,47.942795,47.940457,
28.726838,37.621312,46.465965,46.455699,46.443046,46.443075,
28.692096,37.826062,46.274890,46.286810,46.321721,46.319152,
29.283488,38.724797,47.073599,47.045547,46.965899,46.964425,
28.801477,38.002514,48.206951,48.235822,48.299307,48.300510,
28.939330,38.119000,47.024775,47.074069,47.199118,47.197010,
28.400356,37.363159,47.887478,47.894329,48.024459,48.024292,
28.538193,37.514314,47.662793,47.756139,47.858210,47.864088,
29.260202,38.868234,47.080388,47.106332,47.143953,47.147709,
29.136412,38.027278,47.415350,47.522611,47.634575,47.637022,
29.020023,38.619511,48.814475,48.856143,48.907221,48.905428,
29.317293,38.265247,47.378843,47.421240,47.408089,47.422622,
29.250915,38.295475,47.411064,47.414768,47.434904,47.437533,
29.030130,37.149650,47.795855,47.865700,47.901191,47.905907,
29.000883,37.952726,46.984515,47.009758,47.054933,47.052292,
28.877526,37.892666,47.727116,47.730318,47.791099,47.794071,
29.488290,38.459376,47.908552,47.971525,48.096964,48.099302,
28.944181,37.964251,47.417494,47.467546,47.527455,47.531633,
29.343467,37.756332,45.285090,45.302254,45.362280,45.363232,
29.742908,38.059473,46.798703,46.816931,46.826343,46.821016,
29.417343,38.074641,47.681294,47.778242,47.881406,47.878131,
29.342903,38.355985,48.159688,48.178532,48.257777,48.259366,
28.486619,37.973636,47.509893,47.560539,47.651230,47.654224,
28.130544,36.898298,47.516396,47.710596,48.114854,48.111611,
29.816532,38.370977,47.185312,47.242266,47.352908,47.352836,
29.286212,37.873425,47.173509,47.209224,47.243278,47.242091,
29.049822,37.999807,45.891008,45.902585,45.974474,45.974683,
29.726081,38.349011,46.830120,46.878558,46.995386,46.996078,
29.238049,38.267727,47.585594,47.605857,47.658641,47.664331,
28.916205,37.941196,48.252267,48.305368,48.364639,48.372331,
29.580545,37.904386,46.786992,46.839274,46.940811,46.941495,
28.995961,38.184218,47.938080,47.966614,48.007895,48.005772,
28.287779,37.303281,44.082231,44.092649,44.089861,44.089236,
28.905740,37.189129,48.338766,48.383532,48.410451,48.412782,
28.786657,37.970596,47.374666,47.417639,47.464238,47.464274,
29.502802,37.710926,47.341141,47.369234,47.391978,47.387174,
28.207821,37.589352,47.779427,47.824505,47.880598,47.875263,
28.622245,37.025071,47.568285,47.558887,47.545014,47.542656,
28.443694,37.329733,47.859941,47.939309,48.063934,48.067183,
29.420989,37.946530,46.937165,46.959712,46.996639,46.994627,
28.157746,37.368846,48.218695,48.255043,48.338092,48.334768,
28.929490,37.418668,47.551307,47.542806,47.553332,47.557122,
28.791401,38.311875,47.227453,47.252052,47.300542,47.298348,
29.048823,38.048521,47.670800,47.679170,47.709040,47.701427,
29.076843,37.779775,46.520617,46.525824,46.657343,46.656763,
29.681370,37.835986,47.220847,47.230341,47.281793,47.277672,
28.395542,37.363486,46.484868,46.506271,46.551805,46.552908,
28.111052,36.840741,46.903481,46.945961,46.990540,46.996012,
28.982784,37.186477,45.672435,45.688786,45.704954,45.704734,
28.169543,37.827648,47.462217,47.489333,47.566103,47.563583,
28.097323,37.531357,47.153657,47.198738,47.250478,47.246248,
27.935727,37.636712,47.215257,47.225713,47.268706,47.272606,
27.719953,37.429962,47.260494,47.213696,47.150101,47.152870,
28.224711,37.134607,46.257100,46.301067,46.376522,46.373834,
30.491238,38.362750,46.676119,46.719578,46.798104,46.801257,
30.290614,39.188303,47.279785,47.285141,47.354197,47.362660,
29.485990,38.230979,46.333232,46.369605,46.381473,46.383621,
30.194576,38.006808,46.301461,46.338049,46.355122,46.356318,
29.195348,37.134236,47.830338,47.879951,47.968677,47.968553,
29.493434,37.772211,45.121575,45.132387,45.140944,45.143527,
29.668116,38.450444,46.969308,46.988959,47.047182,47.045613,
29.572630,38.155317,46.795993,47.391544,48.100068,48.100068,
28.788000,37.021807,46.321157,46.448335,46.715865,46.713176,
28.828279,37.640273,47.393857,47.450956,47.504883,47.503919,
29.256735,37.720372,47.703679,47.746561,47.803596,47.803040,
29.888015,38.292014,47.456271,47.450077,47.462988,47.460748,
29.708345,38.468414,45.413467,45.455003,45.371802,45.371939,
29.443240,38.018669,47.788208,47.912583,48.138736,48.138007,
29.313872,37.612159,46.483021,46.482875,46.491883,46.494880,
29.908399,39.289652,47.377943,47.470341,47.640120,47.646400,
29.865063,38.337081,48.028809,48.068323,48.133032,48.135733,
29.134511,38.520567,46.789256,47.329833,48.022370,48.019070,
28.402280,37.819027,48.429821,48.476608,48.584211,48.582357,
28.866963,37.902564,47.688176,47.765384,47.934639,47.922821,
29.262573,37.829806,47.977766,48.048395,48.099813,48.106581,
28.682206,37.848830,48.161068,48.231040,48.376591,48.379448,
29.132558,37.698654,47.064876,47.105689,47.213904,47.216541,
28.910154,37.965970,46.395700,46.407870,46.505121,46.505475,
28.176781,37.405652,47.772361,47.793159,47.873203,47.875707,
29.347649,38.065432,46.888973,46.970586,47.057676,47.057709,
29.035052,37.985303,46.567081,47.124949,47.649236,47.654147,
29.311597,37.809774,47.313512,47.340534,48.041675,48.041087,
29.192392,38.738597,47.341069,47.391797,47.374774,47.370672,
28.997816,38.025906,47.847883,47.860987,47.842026,47.841625,
28.782354,37.663154,45.121489,45.156488,45.199050,45.198745,
28.840863,37.870047,47.235149,47.295449,47.399103,47.403992,
30.064494,38.333457,47.795062,47.787812,47.819916,47.822110,
29.360208,37.581999,46.597281,46.598816,46.639103,46.640228,
29.545797,37.699868,47.420985,47.426081,47.461997,47.469606,
29.380151,38.472708,48.212317,48.289076,48.343307,48.346277,
29.042363,38.000975,46.336859,46.329241,46.330260,46.331505,
29.264636,38.197175,46.895029,46.918329,46.956409,46.955918,
29.127790,37.790746,46.830183,46.869576,46.892709,46.896415,
28.782286,37.623641,45.143311,45.157546,45.224249,45.218198,
28.978728,38.621947,47.154102,47.142724,47.139006,47.142895,
28.520986,38.593322,48.506914,48.601364,48.715230,48.719250,
29.075050,39.151868,47.264317,47.325560,47.371392,47.379600,
28.910739,38.022412,47.727467,47.887276,48.072337,48.074239,
28.870235,38.479852,46.139872,46.154768,46.171761,46.168515,
28.796691,37.586150,47.988283,47.999907,48.039577,48.047302,
29.768474,38.497427,45.718330,45.724185,45.719338,45.719732,
28.940729,38.900961,47.385983,47.431110,47.499360,47.508148,
29.343745,38.871393,46.344944,46.252956,46.037958,46.040763,
29.296312,37.783669,47.533611,47.597362,47.723916,47.724735,
29.490614,37.494129,48.075127,48.090422,48.107646,48.107859,
29.353682,37.498112,47.959895,47.982483,47.978138,47.978345,
29.925939,38.712677,48.357727,48.369343,48.389212,48.393761,
28.990747,37.966775,45.710766,45.730811,45.738534,45.736731,
29.358296,37.915770,47.893153,47.935908,47.999117,47.988698,
28.742584,36.722948,47.786941,47.834057,47.917434,47.914539,
29.201784,37.689333,47.663870,47.113918,46.132456,46.131618,
28.523211,37.152350,45.595722,45.641630,45.765586,45.765486,
28.914548,37.867333,47.883308,47.934352,47.960760,47.967315,
28.539567,37.931765,45.598327,45.606488,45.647841,45.647334,
29.640910,38.370285,48.043606,48.159990,48.339889,48.339170,
29.454138,37.840335,47.606882,47.630412,47.658448,47.651576,
28.906202,37.384994,45.767027,45.790832,45.834290,45.835300,
29.092257,38.374229,47.046648,47.102172,47.144704,47.147128,
29.536597,38.170889,47.532417,47.599787,47.668836,47.671224,
29.034233,38.458091,47.648239,47.764676,47.948994,47.938982,
28.370842,37.617592,47.540300,47.616385,47.662408,47.664447,
28.302602,37.005196,46.814209,46.826470,46.807981,46.804791,
28.541081,37.750052,46.286642,46.904095,47.840183,47.843630,
28.740648,38.568830,47.756611,47.773623,47.841826,47.841786,
28.183911,37.179149,48.197675,48.252531,48.394899,48.393351,
28.884133,37.854832,47.900053,47.869692,47.836818,47.834217,
29.237875,38.957124,46.808581,46.853106,46.942245,46.943744,
29.080221,38.334337,47.485048,47.492143,47.562343,47.560990,
28.158728,36.873985,46.897640,46.926373,46.951410,46.949974,
28.941056,38.410597,48.424363,48.476144,48.539879,48.543034,
28.782317,37.778886,45.984864,46.021136,46.085391,46.082931,
29.865653,38.413436,47.841385,47.846919,47.874091,47.875586,
29.016433,37.815253,47.653264,47.687634,47.757633,47.761173,
29.183750,37.736295,47.211372,47.233755,47.323247,47.323354,
28.905748,38.574426,47.453485,47.510376,47.582573,47.580685,
29.608768,38.325739,47.669876,47.703562,47.776663,47.770744,
28.906390,37.990220,47.144738,47.329299,47.521792,47.524958,
29.455302,38.384990,47.077933,47.111444,47.124677,47.130015,
28.767114,37.973355,47.782629,47.801014,47.860383,47.860625,
28.863625,39.013294,48.222325,48.280909,48.363238,48.366538,
29.547495,36.807412,46.937816,46.934529,46.952324,46.954840,
29.272902,38.400644,47.573557,47.616309,47.677511,47.677009,
29.658351,38.344454,47.297146,47.330225,47.407690,47.420839,
29.443185,39.143481,48.025756,47.942057,48.040626,48.038444,
28.273055,37.284150,47.591569,47.707369,47.789435,47.794071,
28.742085,36.727876,47.329227,47.395014,47.452495,47.448027,
28.393623,37.834369,47.591417,47.650233,47.737904,47.741114,
29.458061,38.046210,47.889058,47.944601,48.006063,48.006021,
29.388379,37.980434,47.738569,47.802086,47.949487,47.949693,
29.371651,38.023226,47.303905,47.428121,47.653763,47.657257,
28.967662,38.687719,47.286446,47.309893,47.338034,47.339855,
29.466581,38.073838,46.732413,46.723790,46.725154,46.726952,
30.004837,38.712349,46.831199,46.852467,46.781902,46.780426,
29.067914,38.056802,47.674116,47.673152,47.658986,47.657449,
29.248256,37.708403,46.626269,46.681578,46.715123,46.716298,
28.666850,37.573437,45.782317,46.312185,47.408706,47.413315,
28.943366,37.775798,46.862181,46.913439,47.005226,47.004367,
28.522643,38.735130,47.670839,47.720173,47.725203,47.726608,
29.216703,38.365498,48.511681,48.534658,48.600553,48.599598,
30.000028,38.260588,46.740834,46.768389,46.986259,46.989354,
28.756499,37.783032,47.989693,48.036138,48.165341,48.168927,
28.538160,37.187670,47.743699,47.871104,47.995752,47.995295,
28.332405,37.442996,48.004606,47.979338,48.069126,48.072379,
29.040165,37.197874,48.103259,48.197414,48.288454,48.293166,
29.015741,37.597934,47.785081,47.807611,47.880962,47.874172,
29.019638,38.069793,47.625909,47.681063,47.788802,47.790188,
28.481140,38.008870,46.629027,46.648594,46.673730,46.676855,
28.388115,37.184968,47.414986,47.410411,47.483092,47.485897,
29.033576,37.090248,47.128654,47.169490,47.208669,47.207007,
29.203590,38.667788,48.264001,48.245928,48.196935,48.196283,
28.613824,37.225216,45.340369,45.342533,45.344494,45.344585,
29.686787,38.290649,46.673852,46.687289,46.679921,46.682591,
28.077774,37.974277,47.794705,47.830777,47.914050,47.910058,
28.848862,37.293721,47.285317,47.355953,47.446599,47.450407,
29.056101,38.148653,46.352590,46.881095,48.097984,48.106283,
29.147496,37.704914,45.556091,45.566451,45.571676,45.572579,
28.986869,37.914083,46.671311,46.694269,46.736326,46.738098,
28.164161,37.024928,47.432241,47.459684,47.614597,47.613874,
28.566135,38.415736,46.938760,46.978991,47.057375,47.059517,
27.949863,37.113833,48.013187,48.043312,48.091399,48.086859,
29.308264,38.178441,47.766802,47.781996,47.494547,47.493807,
28.392493,37.846037,47.249114,47.279045,47.307341,47.309255,
28.693291,38.576761,47.410810,47.406711,47.426518,47.425571,
28.801750,37.830869,46.174463,46.669535,47.843429,47.847883,
28.578702,38.190442,47.699138,47.768733,47.889666,47.891409,
28.916443,37.516046,45.951589,45.979353,46.002621,46.005378,
28.705927,37.601998,47.520898,47.600583,47.675967,47.675658,
29.187842,38.153095,48.181781,48.236524,48.260690,48.265150,
28.435336,37.375584,47.733054,47.753114,47.785952,47.787812,
28.972666,38.076832,46.076386,46.097284,46.166416,46.162548,
28.894922,38.064875,47.666025,47.714369,47.724306,47.733836,
29.709372,37.923238,47.107889,47.144635,47.214840,47.219527,
28.347240,37.346859,47.605895,47.768536,48.085926,48.087368,
27.808698,37.495913,47.658064,47.693440,47.778479,47.776070,
28.862398,38.138350,47.906192,47.954503,48.010603,48.013729,
28.472770,38.187732,47.951255,47.967356,47.976112,47.981158,
28.637156,37.406196,46.848671,46.886496,46.895319,46.895673,
28.743877,38.474855,48.120577,48.140668,48.238807,48.238368,
28.318184,36.981393,48.320558,48.324319,48.327276,48.332837,
28.268400,37.567867,48.153267,48.206515,48.251871,48.254074,
29.438807,37.887575,48.563479,48.589159,48.676537,48.681835,
28.595435,37.538311,47.592704,47.612696,47.685468,47.684424,
28.642079,38.283908,47.333361,47.371104,47.472955,47.475754,
28.393722,37.688048,47.674656,47.717173,47.790584,47.787337,
27.997451,37.367671,48.069590,48.106751,48.182085,48.185597,
28.331061,37.803735,46.870826,47.066519,47.197493,47.201642,
28.228527,37.426806,46.628936,46.602069,46.601948,46.603154,
28.569188,37.915407,46.391708,46.410550,46.454214,46.454243,
28.542447,38.075449,47.713007,47.693402,47.723019,47.721654,
28.309923,37.527738,47.792446,47.813620,47.844191,47.843590,
28.327682,37.599613,48.465535,48.545532,48.718220,48.733845,
28.326013,36.845636,45.496077,45.562038,45.648978,45.647334,
28.025030,36.682741,46.075426,46.575637,47.176431,47.179493,
28.207598,37.734504,47.931896,47.968223,48.009436,48.014522,
28.385049,37.275856,45.339017,45.361692,45.410398,45.410558,
28.122224,37.835914,46.308551,46.349604,46.418023,46.413492,
28.893497,38.008678,47.870136,47.902491,47.949652,47.942713,
27.984641,36.727070,47.533089,47.562644,47.604718,47.607755,
28.026037,37.053823,47.843470,47.837739,47.850653,47.859377,
28.425500,37.681233,48.430922,48.373600,48.278338,48.280465,
28.171247,37.536644,46.562391,46.614530,46.727200,46.727727,
28.567286,38.096590,46.058273,46.074225,46.089084,46.094067,
29.233752,37.809679,46.913828,46.992056,47.053930,47.050287,
29.016065,37.479974,46.674097,46.681547,46.700028,46.699042,
28.737177,37.480727,47.474023,47.544752,47.700535,47.705271,
28.403874,37.662054,46.783661,46.796718,46.837970,46.838256,
28.403307,37.288527,47.979131,48.035552,48.067563,48.060181,
29.499217,38.273164,48.222412,48.293611,48.385667,48.385894,
29.391951,37.578874,47.757633,47.806100,47.853988,47.856320,
28.768834,38.217711,47.597096,47.626825,47.696734,47.696153,
28.806241,38.002485,47.457592,47.503770,47.526299,47.524809,
28.334251,37.046765,46.097338,46.131618,46.245789,46.248565,
29.075451,38.161159,48.162276,48.177059,48.233145,48.228279,
28.169166,37.920649,48.036222,48.067394,48.108030,48.104707,
34.436912,42.593818,53.941665,53.942318,53.924392,53.924555,
33.728942,43.355794,55.153012,55.179855,55.257414,55.258961,
33.362824,42.032285,53.833144,53.847661,53.859020,53.857258,
33.014627,42.939539,51.010456,51.025280,51.046103,51.047444,
33.504431,42.359415,53.947384,53.957696,53.984822,53.987791,
33.855191,42.460011,52.087707,52.089625,52.098268,52.098909,
32.851393,41.219091,52.710686,52.771867,52.873450,52.870260,
33.534009,42.494836,54.124242,53.501662,52.014805,52.014595,
33.031182,42.298492,54.801210,54.831766,54.851251,54.848433,
33.528647,43.233033,53.706648,53.736449,53.766926,53.768494,
33.571865,42.774862,54.081202,54.081034,54.119817,54.123391,
32.536460,43.639711,54.587441,53.882312,52.271721,52.270832,
33.695859,43.517123,51.717304,51.757998,51.839240,51.839945,
33.414256,43.311831,52.434698,52.458885,52.485660,52.479009,
33.542085,42.473847,51.304978,51.341253,51.405244,51.403970,
34.442593,43.609974,52.668829,52.676753,52.718071,52.716347,
33.686041,43.297026,54.630662,54.696603,54.825358,54.813367,
33.532923,43.297477,53.836331,53.832189,53.841593,53.840317,
32.698479,41.167453,52.180208,52.304525,52.417765,52.419720,
32.631259,41.943066,52.669194,52.686037,52.689952,52.690686,
34.379223,43.284096,51.177066,51.207235,51.282614,51.279871,
33.658957,41.506827,54.106738,54.150204,54.156719,54.155175,
32.796282,43.000609,53.747364,53.447847,53.155517,53.154972,
33.821867,43.239015,51.842663,51.859917,51.876631,51.877747,
33.711607,43.053838,50.804490,50.817195,50.856898,50.856738,
33.807845,42.597099,52.367930,52.416271,52.509781,52.510486,
33.503054,42.469878,54.658882,54.677218,54.775216,54.777591,
32.819115,41.571205,53.589901,53.615121,53.664318,53.665391,
32.953974,42.119124,54.177184,54.181323,54.161526,54.161869,
33.591102,42.690331,53.852777,53.818677,53.737227,53.740188,
33.509022,42.997678,47.653187,47.657834,47.653494,47.652919,
33.177812,42.564514,53.876517,53.887308,53.859501,53.859180,
33.467457,42.041858,51.141960,51.251655,51.471857,51.471117,
32.589549,42.034789,54.851855,54.878515,54.917792,54.921269,
32.966485,41.333777,51.520672,51.529377,51.541386,51.542795,
33.495947,41.659912,53.724317,53.737072,53.725716,53.723852,
33.800814,41.968284,54.106738,54.145581,54.149005,54.138229,
33.600287,41.720945,52.323270,52.359188,52.408808,52.409382,
33.607841,42.877717,52.097307,52.105644,52.192525,52.190779,
33.688011,43.505441,52.258513,52.237839,52.193835,52.192088,
33.085560,41.850474,52.099870,52.117321,52.128922,52.132904,
32.897610,42.248274,52.458073,52.453550,52.446485,52.445675,
33.799770,41.924421,52.089199,52.105858,52.073984,52.081319,
33.490812,41.398121,53.464931,53.450762,53.445224,53.445953,
33.210249,41.471478,51.176980,51.171800,51.154576,51.154404,
33.159773,41.507582,54.611378,54.605286,54.612712,54.611188,
33.088943,42.556353,53.856458,53.842550,53.847501,53.843668,
32.915849,41.651925,50.207171,50.207241,50.207862,50.208139,
33.496528,41.938163,52.047301,52.030549,52.010825,52.011872,
33.438456,42.189524,52.915016,52.925212,52.956593,52.955682,
33.698097,41.316453,52.194381,52.190670,52.241812,52.242143,
33.347343,43.650905,53.082025,53.092755,53.154427,53.154700,
32.074892,42.967722,53.093426,53.099744,53.098130,53.098130,
32.297625,41.392507,54.805989,54.830564,54.833571,54.834573,
32.466713,41.282641,49.594629,49.590850,49.578576,49.579054,
33.340819,41.505196,51.707824,51.715445,51.747444,51.747542,
33.592015,42.175553,51.750400,51.776703,51.814057,51.816759,
32.601499,41.958314,53.575920,53.579824,53.640031,53.644603,
33.206570,41.779977,53.188889,53.218784,53.267442,53.268420,
33.244734,41.972599,52.927797,52.936985,52.939318,52.941133,
34.428614,41.088211,54.251421,54.272514,54.343933,54.343217,
32.520442,41.210037,55.128050,55.150423,55.190073,55.189855,
34.342203,43.029603,53.040562,53.097995,53.181344,53.182166,
34.057714,43.185691,52.582364,52.563658,52.586545,52.649142,
33.520114,42.374345,50.891302,50.890978,50.908322,50.908972,
33.065890,42.246086,53.054916,53.076938,53.069184,53.076536,
33.721852,42.423437,52.711916,52.703559,52.715362,52.714746,
32.522980,41.552242,53.735670,53.737383,53.771476,53.774460,
33.476085,41.585864,49.492149,49.487287,49.460672,49.461661,
33.697396,41.814557,54.916770,54.931511,54.981840,54.993890,
33.159605,41.586776,53.811382,53.638812,53.332941,53.333367,
32.818172,42.088527,51.895142,51.912811,51.934561,51.936310,
33.748896,41.567725,50.268831,50.277741,50.314629,50.314488,
33.495148,43.406684,54.183739,54.169606,54.189613,54.184948,
33.214870,42.568738,50.084134,50.022838,50.054078,50.052544,
34.709058,42.456136,54.122199,54.169606,54.281687,54.284690,
33.541744,41.791975,53.937096,53.953929,53.942972,53.945749,
33.757768,41.952505,48.840981,48.845726,48.809163,48.808712,
34.133533,43.173758,51.782658,51.801071,51.797084,51.799775,
33.453814,42.241392,54.203292,54.240913,54.328020,54.326414,
33.088708,42.878944,53.519701,53.527115,53.494144,53.494438,
32.308247,40.327206,52.002564,52.006640,52.038443,52.038759,
33.354122,42.911614,53.135399,53.139877,53.157561,53.159606,
33.854498,42.164076,49.579054,49.597211,49.602919,49.602438,
33.205059,41.864529,52.979559,53.011996,53.046936,53.047202,
33.182956,42.257848,54.150204,54.140279,54.359725,54.362782,
33.474830,42.197636,53.490169,53.500630,53.529936,53.529639,
34.254001,41.537714,53.949019,53.979383,54.056487,54.058667,
33.363986,41.971738,51.628023,51.627831,51.625723,51.627256,
32.477080,40.686367,51.705677,51.701873,51.695151,51.695638,
33.071168,42.309467,54.061519,54.244063,54.306123,54.308255,
32.846472,42.930435,52.155788,52.164021,52.184237,52.184128,
34.420803,41.661206,49.983150,49.988732,49.994453,49.994321,
34.609270,43.003266,50.415452,50.443161,50.487307,50.484507,
32.726819,41.422277,53.147758,53.134586,53.135942,53.135264,
33.150441,41.498512,53.962944,53.978230,54.012450,54.015604,
34.245274,40.888472,53.369713,53.370143,53.384912,53.383045,
33.620933,41.315445,52.616166,52.622789,52.625803,52.624959,
33.525886,40.582697,49.684489,49.684734,49.677327,49.677572,
33.304711,41.052227,51.163954,51.171023,51.180956,51.183204,
32.834328,40.703849,53.327835,53.318064,53.318064,53.320611,
33.705582,42.731779,50.910272,51.270416,53.101627,53.102569,
33.245419,42.480840,51.558142,51.566166,51.563143,51.561727,
32.684352,41.364373,53.943952,53.978560,54.063870,54.066054,
33.079151,41.064828,53.082561,53.094367,53.131739,53.131468,
33.485430,42.513047,53.396418,53.393970,53.394690,53.395842,
33.253293,43.367567,53.686278,53.693058,53.685201,53.682893,
33.868248,42.474953,52.689585,52.691666,52.714131,52.712531,
33.756948,41.583540,53.746584,53.769750,53.793355,53.794933,
33.397858,42.216418,48.731581,48.735174,48.723815,48.724846,
33.055607,42.461880,52.638848,52.755559,52.775736,52.774238,
33.015317,41.970482,53.961303,54.039086,54.159980,54.160495,
33.797948,42.539378,51.932916,51.924185,51.921826,51.919981,
33.544336,42.062475,53.306199,53.299293,53.292257,53.291133,
32.663675,41.268713,49.485472,49.498953,49.527636,49.528582,
33.571312,41.346145,51.400967,51.397785,51.384443,51.383537,
32.927813,42.576851,54.757251,54.960317,55.207302,55.214301,
33.653250,43.347855,52.800147,52.788237,52.779607,52.770620,
33.696362,42.921143,53.352714,53.340896,53.352999,53.352143,
33.308049,42.935664,52.600791,52.748234,53.054384,53.052388,
33.492006,41.753980,52.415697,52.438161,52.433082,52.432967,
33.765235,41.477232,52.274278,52.274723,52.288204,52.288873,
33.771541,42.159827,52.171076,52.207504,52.262505,52.261839,
33.950151,42.960265,52.474814,52.456449,52.452855,52.451580,
33.150041,41.636341,52.304413,52.311699,52.321470,52.321020,
33.738592,42.119896,55.107073,55.074312,54.988484,54.986199,
32.797271,40.907673,50.924187,51.025781,51.128527,51.127673,
33.746507,40.796782,52.201922,52.215836,52.246782,52.253308,
32.497317,41.498019,51.988795,51.998282,52.031811,52.031391,
33.052197,41.911337,51.774819,51.783751,51.800772,51.799775,
33.512129,42.328177,51.611664,51.618258,51.623616,51.623233,
34.379934,42.898920,53.005674,53.032211,53.065579,53.067715,
33.545541,42.146231,51.755530,51.768479,51.916804,51.913834,
33.537328,42.624139,51.473522,51.479168,51.486676,51.489553,
33.611076,41.113644,51.893715,51.901874,51.906470,51.908003,
34.011220,42.597806,51.553428,51.973512,52.452275,52.451580,
33.222325,42.561816,50.471856,50.478103,50.485464,50.484138,
33.511187,42.698773,51.976834,52.011558,52.064330,52.065283,
33.099526,42.806064,54.444321,54.464533,54.522378,54.523685,
33.647870,41.709484,53.567523,53.575020,53.587493,53.586740,
33.852446,41.424079,48.893106,48.901590,48.915374,48.913578,
32.112184,41.018695,55.207958,55.216709,55.382323,55.388926,
33.734652,43.729555,55.095770,55.089385,55.053803,55.053803,
35.036570,43.162103,52.655694,52.711178,52.818641,52.819650,
32.854779,41.581320,53.611941,53.639726,53.661562,53.663705,
34.534087,42.798302,50.304371,50.281535,50.270022,50.270373,
33.938295,43.179275,54.206761,54.213535,54.317325,54.321956,
33.367050,41.726265,50.580279,50.592344,50.612324,50.610428,
34.739491,43.154631,50.658079,50.672285,50.695652,50.695420,
34.164617,42.119360,53.769436,53.759091,53.761753,53.757838,
32.746111,42.080319,52.533448,52.484842,52.463995,52.458653,
32.726833,41.329318,53.055981,53.097189,53.198923,53.199060,
33.986254,43.979663,52.507903,52.543613,52.646596,52.647323,
33.586653,42.534050,53.453680,53.475038,53.362848,53.359705,
33.269373,42.209564,51.166453,51.164902,51.164730,51.164299,
34.061635,42.637009,52.518479,52.530497,52.547638,52.549771,
34.052498,42.579189,54.339636,54.360085,54.388224,54.389672,
32.459879,41.082840,50.499263,50.503404,50.517780,50.518522,
34.464480,44.218075,51.940737,51.914858,51.891474,51.891983,
33.449453,41.140581,51.803067,51.861029,51.943004,51.942385,
33.920978,42.637554,53.458790,53.486344,53.528896,53.529936,
33.742943,43.138384,51.006467,51.041663,51.145390,51.144446,
33.686257,42.160152,54.033912,54.018761,54.056319,54.056654,
32.878890,41.381925,51.949501,51.955388,51.988482,51.989107,
34.034916,44.568102,53.955403,53.975268,53.991423,53.991754,
32.827728,41.356280,53.590504,53.605892,53.648874,53.648417,
33.450552,41.578969,50.024494,50.063896,50.139362,50.138478,
33.745341,42.193966,53.372433,53.550031,53.938238,53.937585,
32.963503,41.269013,53.355423,53.524296,53.724628,53.726337,
33.845126,42.613255,53.719816,53.731157,53.751426,53.750332,
33.795407,42.146296,50.500668,50.546675,50.577118,50.576516,
33.876242,43.153447,51.413265,51.421208,51.430814,51.427701,
32.825074,42.181014,52.594201,52.580693,52.592166,52.590012,
33.759257,42.108737,52.500281,52.496650,52.502156,52.499344,
33.032406,43.122630,53.918866,53.947547,53.949346,53.951146,
34.105953,41.715445,52.387864,52.374641,52.421676,52.419490,
32.654552,41.540324,52.322145,52.340627,52.365090,52.362819,
32.327025,41.766202,50.341273,50.339777,50.330809,50.331734,
33.227072,41.922811,52.260730,52.280400,52.285861,52.287646,
32.645992,42.065782,52.715116,52.715854,52.703805,52.708473,
33.993326,41.734361,53.342603,53.367710,53.416048,53.409832,
34.692059,44.224135,52.448569,52.480525,52.532149,52.533329,
33.493513,41.592067,52.024140,52.075471,52.142388,52.147895,
32.970799,42.338301,50.421981,50.424088,50.414510,50.415307,
33.592634,41.496996,54.409448,54.393656,54.418915,54.418186,
34.352517,42.453341,50.928427,50.937329,50.932835,50.934387,
33.870408,41.824424,52.165974,52.155355,52.140555,52.142065,
33.491318,43.333878,52.876132,52.911923,52.937115,52.937115,
33.156261,42.031233,51.975173,51.999326,52.067510,52.066874,
34.217262,42.776335,53.817090,53.796828,53.807264,53.810906,
33.923437,42.350486,49.756270,49.759822,49.766185,49.767059,
33.032104,41.133656,52.177162,51.792701,51.378919,51.377833,
33.626446,42.407145,54.510077,54.558738,54.647726,54.654070,
33.711862,42.976878,53.762850,53.782323,53.752364,53.753145,
32.952295,42.292971,52.274501,52.298481,52.343338,52.342434,
33.135006,42.697731,53.236516,53.338337,53.466687,53.464053,
33.123724,41.167892,50.160572,50.202406,50.227951,50.228368,
32.888525,41.999337,50.230035,51.621032,53.626039,53.627710,
33.465358,43.394776,49.364454,49.368098,49.367586,49.363885,
33.922099,42.625791,51.986296,51.999848,52.002773,52.003086,
33.374045,41.202262,51.634257,51.683681,51.743800,51.744489,
33.975587,41.903120,52.452970,52.480175,52.530851,52.530969,
32.832950,43.210305,49.154264,49.166971,49.161319,49.161101,
33.178813,41.079299,51.810257,51.816759,51.854158,51.853956,
32.890481,40.808591,50.193166,50.201854,50.219627,50.220321,
33.637635,43.102825,52.664203,52.673948,52.677485,52.682614,
33.347225,41.463082,54.898007,54.936025,54.995763,54.992018,
32.730146,42.035189,54.134472,53.514222,52.481341,52.479709,
33.434601,42.099496,53.126729,53.150887,53.214777,53.218923,
32.474666,41.302150,50.309816,50.342627,50.422490,50.421328,
32.207343,42.116141,54.023584,54.058667,54.144897,54.139425,
33.098539,42.027343,53.653762,53.624977,53.644755,53.644450,
33.349201,43.292004,52.334758,52.338143,52.370545,52.370204,
34.144727,42.032190,53.745179,53.786103,53.835375,53.835375,
33.245481,42.233441,51.991191,51.985255,52.003609,52.001415,
33.609796,41.424426,53.011601,53.025991,53.029299,53.027049,
33.208286,42.568488,55.252112,55.260288,55.286915,55.291368,
32.885092,41.875119,52.666759,52.714131,52.806932,52.808315,
33.617358,42.849246,52.940874,52.960890,52.967539,52.956853,
32.788404,40.906966,53.450179,53.539898,53.678434,53.679663,
32.420490,43.233546,53.072524,53.075867,53.141371,53.140148,
33.852462,42.135381,53.701856,53.695063,53.726182,53.726182,
32.716529,41.467098,54.178391,54.201731,54.172016,54.170466,
33.161528,42.138894,48.915630,48.919533,48.925753,48.926731,
32.787640,40.670362,54.687869,54.712173,54.735830,54.735830,
33.627760,41.163171,52.906774,52.901888,52.888927,52.888671,
33.040205,41.639232,53.702010,53.726337,53.753614,53.755022,
33.978889,41.805173,51.798479,51.810757,51.841555,51.840448,
33.169912,41.413556,53.262831,53.299997,53.358991,53.362991,
33.513521,41.826701,51.856178,51.832705,51.793597,51.794195,
34.071326,42.307292,50.924921,50.959294,51.015864,51.016613,
33.335255,42.120100,49.544807,49.548487,49.553358,49.553299,
33.958477,42.326702,52.755062,52.769997,52.799143,52.797637,
33.688790,41.271104,54.290348,54.292472,54.323561,54.321600,
34.544495,41.749010,51.151397,51.131005,51.151999,51.152342,
34.620015,42.833948,53.754709,53.781536,53.861584,53.862065,
33.486177,42.039012,52.994894,52.870898,52.750716,52.750467,
33.238364,41.001038,53.186418,53.247217,53.343741,53.341323,
33.820861,42.822740,53.398434,53.353997,53.347157,53.346160,
32.780408,41.089904,53.005016,53.014502,53.053186,53.054783,
32.320901,40.854596,53.411710,53.402038,53.417206,53.417785,
32.918900,41.761199,52.508607,52.619537,52.882909,52.880734,
33.178179,41.202810,51.182512,51.250073,51.456628,51.457457,
34.289923,42.099347,53.385055,53.386348,53.372720,53.361705,
33.165562,42.731866,52.987023,52.985189,53.010283,53.010678,
32.786296,42.327186,50.002224,50.014303,50.026880,50.026483,
33.258446,42.086194,52.882909,52.896365,52.923145,52.922499,
33.645715,44.171671,52.733992,52.743894,52.774612,52.779732,
32.973613,41.374026,51.333633,51.324776,51.134255,51.140590,
33.829246,41.788671,48.707444,48.716112,48.708863,48.706661,
32.642752,42.520833,53.838403,53.825825,53.844466,53.846862,
33.527397,43.289193,52.090585,52.116034,52.153300,52.155355,
34.550232,43.596743,51.053654,51.070228,51.116242,51.117435,
33.330061,42.624429,53.102165,53.087387,53.091144,53.091547,
33.165331,41.830214,54.050455,54.096573,54.169606,54.169606,
32.016482,41.697664,48.089107,48.105772,48.116177,48.116262,
34.030446,43.211450,52.905230,52.917208,52.983355,52.983617,
33.503110,42.627770,52.188488,52.213532,52.258181,52.259511,
32.978330,43.069785,52.715608,52.712162,52.712900,52.711793,
33.980584,43.934536,52.721152,52.765387,52.814105,52.813853,
32.652522,41.805912,54.797231,54.649455,54.330341,54.330877,
33.706937,43.315264,51.480557,51.491131,51.465020,51.465390,
33.602824,41.948376,50.465838,50.481635,50.509030,50.508438,
32.362764,41.359865,53.976749,54.007142,54.060512,54.061519,
32.673220,41.629068,54.363862,54.358826,54.375033,54.378282,
32.492715,40.891650,52.523895,52.522717,52.501804,52.504149,
33.257180,41.343748,53.317357,53.307610,53.285935,53.286777,
32.650574,41.956742,51.876732,51.885775,51.897283,51.896365,
32.519942,41.853279,49.323894,49.443656,49.607190,49.606648,
32.725107,41.829973,54.566839,54.546522,54.492062,54.496698,
33.419714,43.425882,54.674124,54.770076,54.867791,54.868802,
32.778309,43.116104,52.240597,52.289096,52.360209,52.360209,
33.654024,41.587070,52.896878,52.908189,52.920950,52.921466,
33.631538,40.956140,54.184948,54.393294,54.703992,54.701851,
32.547298,42.246097,52.589295,52.575444,52.596117,52.593243,
33.304325,41.878519,53.168343,53.204569,53.303238,53.307046,
33.235689,42.078086,52.279064,52.271721,52.264724,52.265168,
33.430236,42.507152,52.044979,52.102435,52.194272,52.194818,
33.676628,42.395475,53.491935,53.488256,53.513038,53.513630,
33.139422,42.238071,50.372171,50.387774,50.411829,50.410959,
33.467835,42.514669,54.171327,54.160839,54.156719,54.156891,
32.718993,42.716285,51.846491,51.843569,51.858198,51.857188,
33.156690,42.490275,52.806052,52.803161,52.795756,52.796257,
33.642185,42.449819,50.289627,50.306209,50.335860,50.335433,
32.505099,41.501946,48.248920,48.247336,48.248964,48.249801,
33.395096,44.169382,53.958024,53.971649,53.955403,53.960975,
33.468628,42.254227,51.980575,51.952805,51.901262,51.902078,
33.304631,41.270831,54.216144,54.234794,54.251246,54.254579,
32.721347,42.549771,54.164790,54.185466,54.170810,54.163931,
33.828198,43.198193,55.287582,55.284245,55.215395,55.217366,
33.029503,42.285671,53.759404,53.709433,53.547347,53.546899,
33.024782,40.761184,49.750108,49.743644,49.730002,49.729569,
34.303258,41.939584,54.628940,54.632002,54.705938,54.704575,
33.963267,41.144429,51.977042,51.994944,52.007163,52.005490,
33.070851,40.860591,52.798139,52.810580,52.822804,52.825833,
33.434225,42.389680,52.334984,52.350577,52.351596,52.349558,
32.718810,41.150831,53.652234,53.687972,53.640031,53.640945,
33.465739,42.482566,51.650123,51.675340,51.712317,51.711633,
33.464850,41.564645,52.506143,52.516009,52.544323,52.545743,
33.412676,43.028425,53.982184,54.003497,54.028245,54.030244,
39.925863,49.101607,59.386593,59.395182,59.403788,59.404363,
41.070700,50.117985,62.606670,62.621102,62.628337,62.628337,
41.710842,49.181897,62.922886,62.935820,62.924178,62.925470,
40.771142,50.365716,62.148975,62.206628,62.316413,62.316413,
41.598107,53.666310,61.497916,61.479353,61.468253,61.468253,
41.449383,51.876022,63.450908,63.437803,63.468444,63.466980,
38.720708,48.355516,62.756926,62.763145,62.759413,62.759413,
38.724719,46.065456,54.845819,54.790873,54.686318,54.686318,
41.220470,50.387558,61.591944,61.595747,61.628214,61.628214,
40.309313,50.605351,60.637506,60.648966,60.658923,60.658923,
41.500596,47.649121,61.636850,61.650316,61.677375,61.677375,
40.929635,52.062846,61.296178,61.302399,61.319327,61.319327,
42.055236,50.288641,59.470925,59.483191,59.493145,59.493732,
39.464729,50.791348,54.328377,54.328734,54.327842,54.327842,
40.425453,48.164564,63.809481,63.812649,63.803150,63.809481,
41.610623,48.455875,61.279340,61.271387,61.272270,61.272270,
41.001370,48.181044,60.131750,60.135147,60.139226,60.139226,
39.462464,49.173720,60.798389,60.811870,60.834965,60.834965,
39.887933,51.084412,60.328322,60.277460,60.194682,60.194682,
41.788413,51.630803,60.373319,60.378348,60.374755,60.374037,
38.802987,47.692859,58.453797,58.459339,58.474614,58.475541,
41.399976,49.566158,59.924225,59.915170,59.888761,59.888119,
38.734165,48.784642,62.369521,62.367248,62.362705,62.358167,
39.938810,50.500446,62.015958,62.032758,62.009674,62.009674,
41.377915,48.391713,52.009988,52.017111,52.024350,52.024350,
39.988489,51.362659,59.155999,59.192497,59.264201,59.264201,
38.058120,47.696153,56.203584,56.206884,56.210737,56.210737,
40.366999,47.740605,58.681641,58.683586,58.693328,58.693816,
40.309985,50.479648,62.047512,62.034863,62.053851,62.053851,
39.163307,49.094220,59.796632,59.796632,59.789094,59.788467,
38.977151,49.397762,55.988289,55.971581,55.938872,55.938872,
40.660610,47.241428,60.060353,60.053011,60.132429,60.132429,
38.799393,45.142622,58.613603,58.589731,58.614561,58.614561,
40.816837,49.032043,57.944067,57.951871,57.972475,57.972062,
39.274937,46.552133,61.658995,61.678344,61.723178,61.723178,
39.152355,47.489111,61.679314,61.670594,61.640693,61.639732,
39.588842,48.537244,60.867826,60.873462,60.883947,60.883947,
39.852190,48.708520,59.537931,59.540893,59.539115,59.539115,
39.722802,47.461740,54.721542,54.726430,54.731323,54.731323,
39.105460,48.655023,59.936543,59.988141,60.094558,60.091866,
39.740726,51.513105,61.429624,61.671562,61.933944,61.932916,
40.457675,48.111526,62.077171,62.091011,62.145734,62.145734,
39.520067,46.936091,60.157633,60.141268,60.106695,60.103995,
40.264522,48.696353,60.851765,60.843757,60.829379,60.829379,
40.185349,51.978081,56.973572,56.974885,56.967669,56.967669,
39.603219,49.041701,62.341192,62.371796,62.457957,62.453318,
43.069999,49.764999,57.942836,57.935458,57.924822,57.924822,
40.204788,48.693279,59.369466,59.399196,59.496664,59.496664,
39.251462,49.130686,60.856577,60.853369,60.839758,60.842957,
40.045382,49.368497,62.728431,62.750716,62.766881,62.766881,
39.042119,50.583518,60.562619,60.599523,60.747225,60.747225,
37.628320,46.558750,59.073786,59.068466,59.068466,59.068998,
38.252064,47.018371,61.019278,61.031792,61.022612,61.021778,
39.378295,48.560120,61.577709,61.586244,61.599554,61.599554,
39.520934,48.131232,60.255045,60.255045,60.245972,60.245972,
41.486286,48.474382,55.467793,55.467561,55.469185,55.469185,
39.744371,49.115665,59.546231,59.545044,59.574214,59.574214,
39.604909,52.064436,59.311732,59.271994,59.233168,59.233720,
40.065186,53.315095,60.593477,60.597255,60.603307,60.603307,
40.324820,47.664986,60.652793,60.658923,60.664293,60.665061,
39.948421,48.702799,58.900567,58.900567,58.877611,58.877611,
39.789646,47.669413,61.548438,61.567300,61.580552,61.580552,
39.073445,47.977435,62.470739,62.473067,62.466086,62.466086,
38.019575,47.047950,60.056347,60.093212,60.141948,60.139226,
38.420995,46.092271,58.297437,58.180611,57.960101,57.960101,
41.004341,47.407364,61.131518,61.113602,61.074613,61.075457,
40.397459,51.846491,61.530595,61.513758,61.503501,61.503501,
39.931793,50.191651,60.927775,60.931855,60.953136,60.949855,
40.016617,50.341273,62.532857,62.544678,62.588697,62.588697,
39.685690,48.688455,61.099152,61.106796,61.141789,61.142646,
39.628251,50.426340,59.769682,59.799776,59.823750,59.824382,
41.057922,46.973670,61.442462,61.443380,61.416824,61.416824,
41.045944,48.928738,58.852752,58.844161,58.833068,58.832564,
39.653702,52.028132,59.364910,59.373456,59.377450,59.380305,
40.180573,48.217165,60.401410,60.405748,60.397077,60.397077,
40.551071,47.442978,61.102548,61.040155,60.924513,60.924513,
39.045534,49.105144,58.469053,58.473223,58.493201,58.493201,
40.571313,48.885912,55.110063,55.110277,55.112628,55.112628,
38.960794,46.948995,59.607792,59.595770,59.592170,59.592170,
40.911068,48.342048,59.951502,59.952154,59.952154,59.949548,
40.143174,47.870741,60.305643,60.305643,60.313425,60.313425,
39.847888,46.474090,60.092538,60.089847,60.071055,60.071055,
39.352286,47.666487,56.107892,56.128915,56.142988,56.142988,
43.543755,51.058191,59.653173,59.642238,59.608996,59.608996,
39.239301,50.251832,57.154854,57.156223,57.139825,57.140166,
42.737901,51.536785,59.814271,59.812377,59.807333,59.807963,
40.586337,48.766899,60.682758,60.680445,60.655091,60.655091,
40.195812,52.671753,61.437873,61.436955,61.412261,61.411349,
40.353620,47.862195,58.831557,58.846686,58.846686,58.846686,
39.759242,45.143979,57.039045,57.040044,57.028396,57.028396,
40.353906,51.817860,59.552764,59.506062,59.413563,59.413563,
38.845231,46.929328,60.900128,60.917997,60.989389,60.992700,
42.096420,48.145523,59.336543,59.330892,59.308922,59.308922,
40.668111,48.805258,60.188485,60.191238,60.196750,60.196750,
42.241536,47.955984,60.657389,60.654325,60.650496,60.649731,
39.855630,50.333227,60.873462,60.871851,60.855775,60.856577,
38.826782,46.792623,61.605271,61.612906,61.632050,61.628214,
41.166057,48.345287,56.110582,56.111927,56.110851,56.111927,
40.178980,51.101953,61.035136,60.993528,60.827784,60.827784,
41.131048,48.388666,62.530497,62.535219,62.542311,62.542311,
41.339109,47.646400,61.035136,61.020944,61.022612,61.022612,
41.652369,49.938946,62.367248,62.377487,62.376348,62.376348,
40.119509,50.990631,61.297067,61.305067,61.307737,61.307737,
38.484172,49.665294,59.303868,59.304991,59.308360,59.308360,
40.055286,49.656824,60.096578,60.089847,60.101971,60.101971,
43.079614,52.207504,57.971236,57.973715,57.975781,57.976195,
39.262638,48.448355,55.256309,55.257414,55.260510,55.260510,
39.937939,50.992866,58.439975,58.442736,58.452875,58.453336,
39.223659,47.443490,60.376192,60.392748,60.418788,60.418788,
41.245165,49.342938,58.594971,58.594018,58.609297,58.608818,
40.095353,52.189034,59.083911,59.087647,59.088181,59.088181,
39.820834,49.585158,61.009292,61.072926,61.175339,61.175339,
42.886519,54.055313,59.017201,59.015100,59.015625,59.015625,
40.641094,46.577224,56.225353,56.226182,56.220384,56.220384,
40.410959,50.777851,59.729259,59.731117,59.726165,59.726784,
38.644479,49.367700,54.300090,54.299026,54.296899,54.296899,
39.087461,45.764219,62.171727,62.238501,62.327659,62.328785,
39.536041,48.888564,55.386648,55.391433,55.392573,55.392573,
37.840467,46.616645,60.842157,60.842957,60.849361,60.850162,
40.881517,49.566933,58.921074,58.932910,58.973290,58.973811,
40.770159,49.571228,60.225800,60.245275,60.245972,60.245972,
41.536419,50.217688,60.120220,60.133787,60.165154,60.165154,
40.713249,47.374954,61.334529,61.332738,61.334529,61.333633,
39.271409,47.678089,62.324282,62.323157,62.335548,62.335548,
39.891652,49.194467,61.211761,61.216990,61.225717,61.225717,
42.467912,49.926038,59.847220,59.852948,59.854859,59.854222,
41.072471,48.584401,59.764687,59.759697,59.778438,59.778438,
39.575869,46.494145,60.825393,60.827784,60.831772,60.827784,
39.467077,48.142128,60.607093,60.614677,60.633693,60.633693,
39.670891,49.179933,60.924513,60.869436,60.777063,60.777063,
40.726289,48.273067,56.806496,56.807444,56.803024,56.803340,
43.466028,53.135535,60.129713,60.182297,60.304230,60.304230,
41.658204,48.921794,61.027617,61.020944,61.012618,61.012618,
40.656140,47.253417,60.229965,60.239005,60.231355,60.231355,
41.044670,47.671841,61.836323,61.834312,61.834312,61.834312,
42.472683,51.009625,62.817002,62.817002,62.798139,62.796884,
38.736129,48.806159,57.346538,57.347253,57.333682,57.334039,
40.175871,47.540038,61.497916,61.522168,61.578657,61.577709,
41.231321,48.513786,60.224412,60.240398,60.268340,60.268340,
41.476399,50.489445,61.370511,61.360586,61.346190,61.346190,
42.551027,49.000683,51.940634,51.939501,51.941252,51.941252,
40.810187,51.278279,61.401331,61.376838,61.340804,61.339907,
43.161652,52.715362,62.587501,62.564847,62.521069,62.525780,
41.227378,47.961255,59.076981,59.080178,59.074850,59.074318,
39.244408,47.929360,60.740970,60.731603,60.733163,60.733163,
39.556843,49.572721,59.294337,59.298259,59.280359,59.278127,
40.569081,48.656957,55.173346,55.173996,55.191597,55.191597,
41.622467,46.453166,59.121420,59.132736,59.152204,59.152204,
40.806227,50.639261,60.369731,60.369014,60.356122,60.355407,
40.087938,51.560406,61.411349,61.406793,61.390428,61.391336,
39.697982,47.620230,58.472296,58.472296,58.476933,58.476933,
38.232527,46.015158,58.796460,58.801457,58.805458,58.804958,
40.689123,47.277848,50.929080,50.929651,50.927775,50.927856,
41.374848,48.327724,59.036684,59.004086,58.923130,58.923130,
39.675034,48.983340,56.916839,56.912306,56.902287,56.902287,
39.632227,47.413860,58.722686,58.689429,58.627510,58.625589,
39.265658,49.150036,55.731575,55.698172,55.660654,55.660897,
39.632039,48.098324,59.991427,60.033714,60.070386,60.070386,
40.939161,51.842361,60.947396,60.947396,60.946577,60.945758,
38.646225,47.957342,56.546032,56.545140,56.539493,56.539493,
39.482670,53.846063,59.528464,59.526691,59.521967,59.521967,
39.740509,51.077061,61.331842,61.394059,61.506296,61.510025,
39.337657,47.734109,55.773694,55.771952,55.766977,55.766977,
39.930983,47.889423,55.651931,55.661140,55.651447,55.651447,
37.862389,49.113731,58.202332,58.199285,58.153396,58.153396,
41.959048,51.157757,59.422782,59.412987,59.422782,59.422782,
41.806371,49.036737,61.010123,61.005969,61.007630,61.007630,
39.824193,46.973835,60.071725,60.081112,60.019131,60.019131,
39.128793,48.715965,56.182744,56.182197,56.179463,56.179189,
41.454390,48.771514,61.744785,61.748725,61.763532,61.764521,
38.910152,50.395850,60.555126,60.552133,60.546899,60.546152,
40.718773,48.993936,61.056090,61.059452,61.061134,61.060293,
40.663833,47.306561,60.238309,60.229271,60.237613,60.238309,
40.983312,48.532683,60.744096,60.737845,60.741751,60.741751,
40.587635,46.670454,55.881836,55.883367,55.877244,55.877244,
39.963245,50.794827,61.295291,61.354282,61.406793,61.406793,
40.691332,50.397438,62.696444,62.697670,62.707490,62.707490,
41.908699,49.843405,60.624555,60.635980,60.603307,60.602550,
39.805890,49.441454,62.554158,62.561281,62.552972,62.552972,
42.484060,52.022145,62.169555,62.136027,62.128492,62.127417,
38.940925,46.843094,61.980471,61.974238,61.986712,61.986712,
39.513860,48.031781,59.562284,59.571228,59.590970,59.590970,
39.779371,52.049730,62.064436,62.054908,62.052794,62.052794,
42.069462,49.071976,60.371166,60.381943,60.399965,60.399243,
38.986422,51.943416,61.067868,61.072926,61.088981,61.088981,
40.407043,48.146296,60.150125,60.152171,60.167208,60.167208,
40.815207,47.799109,61.404061,61.402241,61.410438,61.410438,
38.917026,48.106794,62.287311,62.280623,62.267277,62.267277,
39.898643,46.476636,59.152204,59.157627,59.162514,59.162514,
40.394082,49.070646,57.305605,57.297818,57.474280,57.474280,
38.911495,51.786732,61.680284,61.681254,61.684166,61.685137,
40.553959,48.187637,55.576337,55.563034,55.572532,55.572294,
40.336116,47.507703,59.872097,59.875937,59.850401,59.850401,
39.034917,50.458876,59.387737,59.390599,59.402640,59.403214,
38.457648,49.316514,60.784160,60.789688,60.792850,60.789688,
39.965192,49.297194,61.013450,61.008461,61.013450,61.014282,
40.422243,50.191376,59.998007,59.973055,59.956065,59.956065,
40.960831,48.198066,60.920439,60.922883,60.918811,60.918811,
38.600018,49.833313,56.999247,56.997926,56.995617,56.995946,
40.478096,47.043078,57.234975,57.234278,57.222793,57.222793,
41.321086,53.305353,60.869436,60.869436,60.896077,60.896077,
40.528906,48.248216,61.986712,61.997134,62.012815,62.012815,
40.414988,49.554726,63.997208,63.962616,63.900712,63.902330,
41.224923,50.845037,61.230088,61.296178,61.313974,61.315757,
39.957122,48.760605,58.645318,58.640016,58.630393,58.630393,
38.843515,48.912552,60.202268,60.205030,60.221638,60.221638,
40.752589,51.171800,60.476485,60.428957,60.339706,60.339706,
39.775684,48.810415,61.950430,61.945271,61.940119,61.940119,
43.155817,52.653630,60.715260,60.719146,60.742533,60.742533,
42.350633,49.934596,57.788485,57.788089,57.787693,57.788089,
38.811021,48.194239,55.858924,55.857147,55.852835,55.853089,
40.403608,48.495763,61.539977,61.541856,61.537160,61.537160,
38.691495,47.360041,61.593845,61.592894,61.571082,61.571082,
39.814378,49.557462,61.151226,61.155522,61.155522,61.155522,
41.063456,49.673964,59.492559,59.493145,59.497251,59.497251,
39.799110,45.888630,61.083905,61.067026,61.047696,61.046858,
38.887314,50.602928,59.425667,59.403214,59.376879,59.376879,
39.199417,49.047358,58.543788,58.556527,58.559364,58.559836,
40.481355,51.122124,60.771551,60.766832,60.759764,60.758979,
42.291977,50.104602,61.721219,61.987753,62.562470,62.562470,
39.584972,48.718760,60.292233,60.294348,60.284489,60.284489,
40.741571,51.397057,55.536552,55.538202,55.538674,55.538674,
39.923454,49.697374,59.824382,59.882344,59.986827,59.986827,
39.269627,46.289557,61.767489,61.770459,61.778390,61.779382,
39.768014,49.718255,61.957662,61.942179,61.915472,61.915472,
40.518433,49.391229,58.795961,58.815478,58.857814,58.857814,
40.520683,52.018054,60.885563,60.882332,60.900939,60.900939,
40.637590,52.351256,60.858182,60.853369,60.839758,60.842957,
40.419659,51.198892,62.449842,62.446369,62.412940,62.409496,
40.657926,48.690842,54.912480,54.913910,54.923520,54.923520,
39.410703,49.401721,55.898714,55.902303,55.908976,55.909233,
39.424744,48.899135,52.363727,52.365544,52.363500,52.363500,
41.559632,51.047528,58.991010,58.999374,59.003562,59.003562,
40.670685,49.365877,59.473258,59.466261,59.448817,59.448817,
39.796808,47.556934,60.497121,60.500076,60.456680,60.456680,
39.886976,50.133244,61.916497,61.914448,61.910355,61.910355,
41.248220,50.957487,60.603307,60.595743,60.601793,60.601793,
39.972918,49.040169,57.775439,57.782945,57.784923,57.784527,
38.407113,47.872840,63.646280,63.653914,63.675361,63.675361,
39.422569,46.093638,58.018569,58.015231,58.009811,58.009811,
40.137145,47.018802,55.741449,55.740213,55.750850,55.750850,
40.138267,49.485180,59.698419,59.675126,59.663526,59.663526,
40.931006,48.707591,60.459608,60.453022,60.434779,60.434779,
40.707794,49.331626,61.048535,61.047696,61.051052,61.051052,
39.616016,46.982376,58.196674,58.196674,58.194935,58.194500,
39.311080,47.257900,54.073285,54.076315,54.107925,54.107755,
42.356886,49.231291,60.797597,60.806314,60.823004,60.823004,
41.157379,48.284813,58.120791,58.124211,58.117800,58.117800,
40.146975,49.292825,60.540179,60.536450,60.532725,60.532725,
40.567137,47.601721,60.834965,60.848560,60.853369,60.850162,
38.898414,49.587853,60.225106,60.223718,60.205030,60.205721,
40.814770,47.772755,58.718760,58.727107,58.724159,58.724159,
37.623805,50.261268,61.878763,61.891983,61.895040,61.894021,
40.759669,49.986630,61.239719,61.238842,61.237966,61.237966,
40.624714,50.172346,58.860854,58.863389,58.872018,58.872018,
43.437265,51.725334,59.699648,59.695347,59.699648,59.699648,
39.903086,46.929231,59.406661,59.404937,59.408385,59.408385,
40.139737,47.148050,59.822485,59.831982,59.863150,59.863150,
39.294130,48.191762,59.253647,59.261421,59.279243,59.279243,
40.478979,47.073666,59.530828,59.529646,59.532011,59.532603,
39.578235,47.938900,58.646765,58.647248,58.643871,58.643871,
39.129586,47.453925,62.917724,62.904845,62.880478,62.880478,
39.001855,50.461293,59.540893,59.540301,59.549793,59.549793,
39.468884,51.818561,61.051891,61.063658,61.072083,61.072083,
40.882397,52.154706,59.212785,59.206743,59.204000,59.204000,
38.791370,52.512600,61.052730,61.057771,61.057771,61.057771,
40.206798,48.625301,61.374125,61.365997,61.355182,61.355182,
40.518864,48.615806,52.312260,52.320346,52.337466,52.337015,
38.435134,45.546322,60.962993,60.970401,60.969577,60.969577,
38.907989,49.015993,60.425323,60.429684,60.447176,60.447906,
39.437603,47.494843,58.736454,58.750760,58.774047,58.773550,
41.448086,49.534023,56.088040,56.079751,56.072544,56.072544,
40.311769,52.595039,60.802350,60.803935,60.806314,60.806314,
40.417352,47.512159,59.137595,59.179388,59.224342,59.224342,
39.921662,51.463728,60.275354,60.319803,60.372601,60.371884,
39.280175,49.110509,59.057846,59.053606,59.051487,59.051487,
40.995425,48.412325,62.839747,62.820785,62.808189,62.808189,
39.672021,45.648785,61.912401,61.916497,61.937031,61.937031,
38.809924,46.533528,61.805263,61.826279,61.846390,61.846390,
39.647265,49.881383,60.769191,60.765260,60.762119,60.762119,
39.056420,46.500263,59.610802,59.456368,59.151120,59.149495,
39.798003,49.382133,59.485531,59.484361,59.479098,59.479683,
39.673017,48.546710,60.796806,60.766046,60.730044,60.730044,
38.115904,46.356403,61.607179,61.602412,61.590993,61.590993,
40.467943,46.954644,60.011858,60.020455,60.023103,60.023103,
38.699951,47.677163,61.255524,61.271387,61.299732,61.299732,
38.684501,46.928711,61.513758,61.513758,61.507228,61.507228,
40.511223,50.155379,59.353541,59.353541,59.368896,59.368326,
39.421738,49.933817,61.635889,61.626298,61.622467,61.623425,
40.750662,49.601716,60.500076,60.505254,60.496382,60.495643,
38.637835,49.542494,61.721219,61.726118,61.738881,61.738881,
39.970378,48.003067,61.185714,61.192645,61.203062,61.203062,
39.660801,48.173337,62.231887,62.232989,62.223085,62.223085,
40.677572,48.543081,61.786335,61.814257,61.862546,61.863558,
40.341523,48.199720,60.900939,60.897697,60.887179,60.887179,
39.562481,50.453534,60.973697,60.965461,60.951495,60.952316,
40.058410,49.616770,60.879911,60.897697,60.927775,60.927775,
39.849167,48.051549,60.175432,60.174060,60.150125,60.147397,
40.546511,49.501008,61.015114,61.069554,61.167573,61.167573,
39.675688,48.054410,54.395650,54.410539,54.412359,54.412359,
