============================
stefan
Ia=
0.411861,0.413595,0.413043,0.418190,0.414026,0.418962,0.422525,0.418846,0.418240,0.418663,0.420083,0.421936,0.420587,0.423884,0.423923,0.424970,0.424297,0.424434,0.424404,0.428356,0.427038,0.426554,0.430569,0.428627,0.431054,0.431620,0.430874,0.431582,0.433353,0.436108,0.435553,0.436486,0.435424,0.437284,0.438775,0.441304,0.441000,0.437507,0.440982,0.442601,0.443123,0.443233,0.444564,0.445059,0.447893,0.446445,0.448521,0.445193,0.449289,0.446265,0.449331,0.452821,0.453441,0.452122,0.454934,0.451519,0.455917,0.455513,0.452928,0.455936,0.456232,0.457970,0.460845,0.463588,0.460708,0.459010,0.463046,0.461672,0.466250,0.462886,0.465406,0.465504,0.465465,0.466969,0.467794,0.470695,0.465807,0.471845,0.471778,0.476134,0.473413,0.472555,0.473261,0.474988,0.478019,0.477026,0.478833,0.480144,0.479278,0.479095,0.479835,0.480560,0.484955,0.484593,0.482402,0.482194,0.484051,0.486198,0.486354,0.487818,0.488116,0.488300,0.488584,0.489586,0.491472,0.493100,0.493686,0.494971,0.493609,0.497077,0.496473,0.496136,0.497771,0.499766,0.498644,0.499906,0.502039,0.502121,0.503119,0.504107,0.502279,0.502834,0.504851,0.506861,0.506067,0.507111,0.508431,0.508923,0.508408,0.512613,0.512126,0.513086,0.513412,0.515676,0.515450,0.516398,0.516376,0.517591,0.517513,0.518610,0.519870,0.521155,0.520420,0.521684,0.526042,0.525633,0.525879,0.526471,0.527147,0.528040,0.528292,0.528411,0.529220,0.529360,0.530976,0.533947,0.533350,0.533792,0.538200,0.536414,0.537078,0.535756,0.538741,0.538010,0.538922,0.539655,0.538937,0.542530,0.542721,0.543324,0.544922,0.543827,0.544531,0.546357,0.548340,0.548876,0.547889,0.548590,0.549727,0.552177,0.554740,0.554230,0.553953,0.556385,0.557349,0.558280,0.557592,0.560618,0.558027,0.560606,0.562013,0.563734,0.562455,0.563554,0.564635,0.565784,0.565939,0.567192,0.566632,0.566052,0.568637,0.566920,0.570445,0.573283,0.572434,0.572280,0.574962,0.575402,0.577066,0.578510,0.579546,0.576603,0.579972,0.578470,0.582582,0.580461,0.582094,0.585253,0.586285,0.585876,0.588371,0.587131,0.587753,0.588437,0.589821,0.590200,0.590335,0.592786,0.592443,0.593937,0.594589,0.597246,0.594715,0.596120,0.596602,0.596367,0.601221,0.599013,0.600925,0.602078,0.602952,0.603267,0.604844,0.604984,0.606701,0.606962,0.608379,0.607165,0.606098,0.609753,0.610566,0.607936,0.612436,0.611296,0.613580,0.614595,0.615772,0.617153,0.615430,0.618329,0.619463,0.619078,0.621510,0.619693,0.622619,0.621430,0.623919,0.624596,0.625409,0.626184,0.626565,0.628814,0.627944,0.631172,0.631359,0.631496,0.630847,0.633694,0.633110,0.633707,0.635219,0.637180,0.638733,0.639473,0.642024,0.640252,0.639822,0.640889,0.641177,0.641967,0.642307,0.643538,0.644883,0.645936,0.646153,0.647423,0.648804,0.649853,0.648034,0.651420,
Ie=
0.830009,0.831859,0.832011,0.833584,0.833403,0.835565,0.835931,0.835442,0.835898,0.833112,0.833167,0.834839,0.834363,0.837570,0.835823,0.835893,0.836023,0.834634,0.837964,0.837753,0.837900,0.837257,0.838808,0.836564,0.838300,0.838726,0.836532,0.838444,0.839409,0.839231,0.841300,0.840309,0.840264,0.841443,0.838882,0.841977,0.841202,0.840757,0.840313,0.843309,0.842615,0.842532,0.843968,0.843234,0.845065,0.842790,0.846359,0.840666,0.844957,0.843654,0.843777,0.845535,0.846100,0.843155,0.846365,0.845312,0.848858,0.847385,0.846570,0.845635,0.846063,0.845663,0.847292,0.849127,0.849247,0.848486,0.849478,0.849118,0.848364,0.848989,0.851159,0.850159,0.848392,0.851066,0.849485,0.849239,0.852301,0.852853,0.852957,0.854432,0.852474,0.854570,0.852785,0.854369,0.855104,0.853273,0.855924,0.854152,0.855810,0.854640,0.855035,0.856164,0.855429,0.856488,0.854305,0.855630,0.856615,0.858172,0.857882,0.857365,0.856225,0.856309,0.858548,0.856896,0.859477,0.862454,0.859662,0.858440,0.861641,0.861761,0.862494,0.857119,0.861300,0.860851,0.862681,0.861496,0.860083,0.864293,0.862082,0.864362,0.863689,0.861115,0.863643,0.863100,0.864631,0.866179,0.865298,0.867033,0.865415,0.864466,0.864511,0.869382,0.865965,0.868091,0.865944,0.868595,0.864768,0.869395,0.867877,0.868079,0.867169,0.870874,0.868214,0.867849,0.870255,0.870852,0.870531,0.869379,0.870173,0.872122,0.872372,0.873358,0.871827,0.872609,0.872359,0.874351,0.874396,0.872758,0.876638,0.874079,0.875235,0.873746,0.874128,0.875303,0.875959,0.875396,0.873784,0.875397,0.873806,0.877461,0.877473,0.874615,0.878231,0.878408,0.879840,0.878869,0.878764,0.878177,0.877798,0.879520,0.880875,0.880386,0.880383,0.879690,0.882188,0.881392,0.881058,0.885196,0.882689,0.882510,0.884690,0.880395,0.880718,0.884641,0.882698,0.884603,0.884949,0.883062,0.883489,0.884428,0.887178,0.885463,0.888637,0.887295,0.886439,0.887043,0.890141,0.888347,0.886785,0.887719,0.888608,0.887832,0.888826,0.888272,0.891044,0.887360,0.889317,0.889624,0.889342,0.891129,0.890817,0.892120,0.891037,0.893171,0.891433,0.890922,0.893018,0.892966,0.892658,0.891269,0.893422,0.893379,0.893514,0.895164,0.894300,0.895334,0.896751,0.895907,0.893189,0.894732,0.897543,0.895593,0.896949,0.898176,0.897463,0.898437,0.898772,0.897511,0.898004,0.896805,0.899243,0.896812,0.900639,0.899647,0.899331,0.898372,0.900476,0.902603,0.899423,0.902209,0.903607,0.902294,0.901087,0.901544,0.904093,0.902172,0.901409,0.905125,0.902596,0.903674,0.902678,0.905376,0.905615,0.904319,0.906462,0.906129,0.906509,0.908093,0.907993,0.906544,0.905384,0.906647,0.907705,0.908993,0.907416,0.906400,0.909291,0.910072,0.909715,0.908294,0.909039,0.911260,0.908109,0.908333,0.910921,0.911954,0.909329,0.912026,0.911667,0.911512,

============================
stefan:SNR=0.000000
Ia=
0.414490,0.415580,0.410987,0.414711,0.417967,0.418666,0.417687,0.419565,0.416504,0.421123,0.418819,0.420194,0.422981,0.420225,0.427450,0.424212,0.426539,0.429024,0.425346,0.428662,0.427075,0.427601,0.429659,0.428549,0.429795,0.431342,0.433846,0.434571,0.434588,0.434093,0.438299,0.433651,0.435884,0.437034,0.437311,0.437323,0.438508,0.439503,0.440186,0.444462,0.443474,0.443113,0.444413,0.444740,0.444098,0.444457,0.447778,0.446489,0.447393,0.449494,0.449030,0.450203,0.453569,0.451449,0.454655,0.451473,0.456887,0.455919,0.458444,0.457479,0.458378,0.459678,0.459703,0.459566,0.458566,0.461220,0.463177,0.464270,0.465038,0.461425,0.465845,0.467659,0.464252,0.467824,0.467320,0.468328,0.469424,0.471002,0.470865,0.473206,0.472692,0.474435,0.473792,0.474967,0.474013,0.475385,0.479969,0.477940,0.479159,0.479338,0.480294,0.481828,0.482128,0.485626,0.487083,0.483891,0.484196,0.485836,0.487743,0.486527,0.490583,0.487369,0.489278,0.490876,0.489988,0.492021,0.494250,0.493898,0.496999,0.495990,0.494352,0.497345,0.502930,0.499019,0.501123,0.500509,0.500014,0.503452,0.503401,0.504009,0.503703,0.506100,0.504727,0.507522,0.506630,0.506225,0.508924,0.506470,0.511256,0.512202,0.510301,0.513311,0.515235,0.514655,0.512648,0.513333,0.518657,0.518249,0.517912,0.519108,0.520880,0.520923,0.521892,0.522789,0.524319,0.523394,0.525534,0.525852,0.527944,0.523645,0.529036,0.529779,0.530908,0.532726,0.531097,0.529969,0.532183,0.534244,0.535522,0.536836,0.535039,0.535205,0.539472,0.537418,0.538805,0.542303,0.540312,0.539916,0.544751,0.545197,0.544392,0.545157,0.547958,0.547034,0.548125,0.548599,0.547552,0.549276,0.552353,0.552422,0.551417,0.554956,0.553442,0.557331,0.556926,0.557509,0.554866,0.557964,0.558357,0.560967,0.559295,0.559171,0.562661,0.564424,0.563957,0.562619,0.564971,0.567159,0.568879,0.567659,0.568698,0.568256,0.568417,0.571836,0.573578,0.573184,0.573671,0.575504,0.574299,0.578180,0.578525,0.577116,0.577133,0.577744,0.582425,0.580667,0.581518,0.582837,0.583540,0.584152,0.584893,0.584961,0.586550,0.588524,0.587490,0.587325,0.588522,0.588612,0.593595,0.592911,0.591129,0.596430,0.595380,0.598214,0.597772,0.598521,0.599479,0.598757,0.598460,0.600279,0.604353,0.601017,0.607397,0.603451,0.606618,0.606337,0.605102,0.609433,0.607800,0.609289,0.612480,0.609792,0.610608,0.613328,0.613907,0.615380,0.614053,0.616586,0.618748,0.617351,0.617966,0.619444,0.620675,0.623295,0.616339,0.624690,0.622290,0.622124,0.626117,0.626670,0.627125,0.628774,0.629657,0.629753,0.633100,0.628331,0.631489,0.634102,0.635497,0.634661,0.636969,0.634237,0.636449,0.640098,0.639785,0.636921,0.640366,0.641976,0.643017,0.642682,0.644693,0.644670,0.644690,0.642604,0.648185,0.647069,0.648158,0.651438,0.649237,0.651811,
Ie=
0.840480,0.842320,0.841865,0.839848,0.842675,0.841870,0.844076,0.844304,0.841412,0.842660,0.844063,0.843699,0.845028,0.843629,0.845801,0.844620,0.844709,0.846013,0.842414,0.845986,0.848223,0.843650,0.846660,0.845674,0.845199,0.847549,0.847039,0.846474,0.846995,0.849220,0.848758,0.849213,0.848615,0.850400,0.851982,0.849198,0.850088,0.850058,0.846841,0.852212,0.851488,0.850367,0.850934,0.852804,0.848582,0.852654,0.853150,0.853402,0.852755,0.853528,0.852013,0.854089,0.854589,0.851050,0.854200,0.854485,0.852822,0.855093,0.857062,0.857059,0.853360,0.857528,0.856026,0.855061,0.855848,0.857344,0.855943,0.857903,0.858637,0.857191,0.856953,0.858068,0.856240,0.857112,0.859797,0.860526,0.860547,0.859895,0.860829,0.860947,0.859394,0.859640,0.861344,0.859757,0.859151,0.862015,0.862755,0.863742,0.863278,0.863016,0.862036,0.862223,0.862131,0.864808,0.866466,0.864930,0.863888,0.865530,0.863852,0.862332,0.867378,0.865552,0.863981,0.866486,0.865209,0.867758,0.867036,0.868859,0.867247,0.868309,0.867668,0.866462,0.869855,0.868605,0.869233,0.869662,0.869468,0.867105,0.868590,0.868407,0.870878,0.871182,0.869834,0.870922,0.869948,0.868714,0.872004,0.871780,0.870907,0.872123,0.869739,0.872818,0.874940,0.872763,0.873094,0.872697,0.875344,0.873810,0.874437,0.874733,0.875126,0.874124,0.875810,0.876130,0.876367,0.875416,0.877150,0.878645,0.876524,0.876337,0.876995,0.877451,0.880526,0.879952,0.878790,0.877925,0.881397,0.880578,0.879939,0.881190,0.879902,0.880277,0.882061,0.880106,0.881279,0.883205,0.882716,0.880941,0.883966,0.882253,0.882109,0.883006,0.883693,0.884624,0.883030,0.885123,0.885210,0.883729,0.883056,0.884477,0.885772,0.888213,0.885450,0.887500,0.888173,0.885452,0.885002,0.887978,0.887253,0.886409,0.885778,0.888527,0.889380,0.889411,0.888101,0.887609,0.890598,0.889849,0.889365,0.891454,0.891543,0.890169,0.891269,0.891651,0.891498,0.891277,0.893939,0.893070,0.893368,0.892603,0.893677,0.893076,0.894940,0.893517,0.894814,0.896470,0.894189,0.892965,0.894330,0.895003,0.894245,0.896101,0.895673,0.898940,0.895943,0.896830,0.894627,0.894974,0.899001,0.898845,0.897933,0.899555,0.898936,0.897920,0.899495,0.897921,0.899830,0.899271,0.898848,0.901444,0.903744,0.901725,0.903668,0.902027,0.903075,0.902027,0.900061,0.902279,0.902448,0.902861,0.902978,0.902574,0.905675,0.902910,0.903740,0.904342,0.901146,0.905386,0.905714,0.905691,0.904924,0.905314,0.907007,0.908030,0.905494,0.908844,0.905203,0.906714,0.907408,0.908172,0.905877,0.908473,0.908686,0.908183,0.908562,0.910241,0.910396,0.908964,0.909742,0.910591,0.911777,0.911108,0.911780,0.911117,0.908762,0.910802,0.911037,0.912817,0.912963,0.912027,0.913162,0.915016,0.911818,0.912701,0.913230,0.915465,0.914560,0.913812,0.915477,0.914295,

============================
stefan:SNR=0.000000, frame#2,bp#2
Ia=
0.416251,0.414742,0.414981,0.414123,0.416791,0.420346,0.416921,0.421192,0.417229,0.417078,0.423073,0.424024,0.419609,0.421872,0.422261,0.425388,0.426961,0.426948,0.426091,0.427484,0.427400,0.429867,0.430921,0.430930,0.433600,0.431960,0.433493,0.435237,0.432276,0.437464,0.435822,0.435843,0.436491,0.437225,0.440274,0.441115,0.441005,0.439141,0.444626,0.445125,0.443685,0.441469,0.444664,0.446801,0.448225,0.446719,0.447262,0.447565,0.449989,0.451115,0.448991,0.452789,0.452798,0.449421,0.454533,0.454973,0.453703,0.457399,0.455150,0.458611,0.457343,0.459051,0.458350,0.459773,0.462917,0.463755,0.463931,0.463443,0.464120,0.465865,0.464877,0.468301,0.467822,0.465910,0.467341,0.470823,0.470449,0.470063,0.471908,0.471494,0.469858,0.472311,0.474221,0.475321,0.475048,0.473438,0.475602,0.478513,0.481283,0.480346,0.481749,0.481288,0.482659,0.482541,0.486475,0.482227,0.485321,0.484988,0.486981,0.488856,0.487881,0.492243,0.491931,0.489316,0.490601,0.491074,0.492499,0.494975,0.493165,0.496482,0.497596,0.500556,0.497838,0.497020,0.497299,0.498826,0.501430,0.502379,0.502623,0.504847,0.504235,0.507275,0.506682,0.504810,0.505573,0.510164,0.509127,0.508313,0.510014,0.511473,0.512826,0.512665,0.515384,0.514293,0.514138,0.514414,0.517306,0.520055,0.520982,0.520233,0.520171,0.520795,0.519135,0.526335,0.526518,0.526669,0.523312,0.525404,0.525941,0.527935,0.527529,0.529914,0.527721,0.529819,0.529566,0.533364,0.535172,0.534434,0.534530,0.533746,0.541322,0.536379,0.538941,0.539165,0.538907,0.540378,0.540216,0.541950,0.542952,0.541921,0.545623,0.546306,0.547110,0.546397,0.549380,0.549471,0.548158,0.548769,0.551671,0.552761,0.551455,0.551933,0.552952,0.557115,0.555273,0.558076,0.558865,0.560013,0.557871,0.560814,0.557651,0.561790,0.564067,0.564668,0.565361,0.564296,0.566749,0.566623,0.569171,0.564270,0.569627,0.570862,0.570836,0.573256,0.571483,0.570203,0.574060,0.574426,0.577059,0.576494,0.578698,0.579649,0.577455,0.579159,0.581275,0.580553,0.580744,0.584317,0.584630,0.584326,0.583302,0.585792,0.584356,0.588234,0.590286,0.591083,0.593922,0.589247,0.590221,0.594687,0.594163,0.595099,0.595112,0.595517,0.596395,0.598615,0.597582,0.599910,0.598295,0.598565,0.600973,0.604340,0.601740,0.604849,0.605360,0.603348,0.608035,0.607300,0.609525,0.608799,0.609688,0.609450,0.612279,0.610845,0.612985,0.615024,0.614060,0.615507,0.615429,0.618220,0.618184,0.620020,0.621238,0.621945,0.623338,0.622449,0.624446,0.626821,0.625240,0.628033,0.622414,0.627028,0.628776,0.627800,0.629274,0.631934,0.632556,0.632920,0.635964,0.632403,0.636725,0.637853,0.637045,0.639520,0.636895,0.637404,0.641345,0.640724,0.646834,0.641857,0.644211,0.644221,0.645813,0.645463,0.645507,0.647491,0.650678,0.650933,0.651258,0.653505,
Ie=
0.840488,0.839034,0.840864,0.839099,0.843261,0.843180,0.841118,0.842109,0.842446,0.841335,0.845337,0.842675,0.846523,0.844279,0.843951,0.844745,0.845352,0.843578,0.844381,0.844090,0.845163,0.845097,0.847522,0.847190,0.846079,0.849508,0.847479,0.848531,0.848309,0.847356,0.845877,0.849622,0.850330,0.848815,0.849697,0.848442,0.849645,0.848881,0.852063,0.849677,0.851754,0.850000,0.851053,0.850946,0.853443,0.851886,0.852019,0.853654,0.850659,0.853844,0.850373,0.851017,0.851777,0.850658,0.854774,0.855788,0.853658,0.855524,0.854750,0.855626,0.854664,0.856072,0.854872,0.856547,0.854722,0.857820,0.857994,0.855905,0.855537,0.855771,0.857037,0.858184,0.857152,0.858280,0.857748,0.859730,0.857865,0.855959,0.860634,0.860006,0.858774,0.860198,0.860989,0.859204,0.859195,0.860159,0.860837,0.861215,0.863905,0.861195,0.862924,0.862592,0.863867,0.863911,0.864586,0.863984,0.863604,0.862036,0.864783,0.864951,0.863949,0.866159,0.867472,0.863553,0.864726,0.867031,0.864630,0.865836,0.867140,0.867505,0.864826,0.868435,0.866222,0.867383,0.866611,0.867124,0.870031,0.869902,0.870103,0.869673,0.869275,0.868013,0.868888,0.869737,0.868240,0.872196,0.870651,0.870304,0.874069,0.871748,0.872649,0.872250,0.873436,0.872955,0.873806,0.872801,0.872959,0.874460,0.875477,0.877451,0.873894,0.874066,0.874281,0.877831,0.876828,0.874656,0.876514,0.874719,0.877962,0.878104,0.877147,0.878567,0.876890,0.880325,0.880187,0.878687,0.880920,0.879909,0.878626,0.879789,0.880965,0.880446,0.879685,0.881705,0.879209,0.881690,0.879407,0.883685,0.881258,0.880438,0.882567,0.883315,0.882578,0.883889,0.882784,0.882571,0.884046,0.885326,0.883788,0.884321,0.886749,0.883273,0.885803,0.889468,0.885962,0.885848,0.887665,0.886298,0.886302,0.887137,0.885876,0.886119,0.888039,0.888308,0.890093,0.889180,0.888697,0.887797,0.888712,0.887673,0.889696,0.892532,0.889596,0.891312,0.890704,0.892591,0.890733,0.891494,0.893612,0.890970,0.893187,0.895719,0.893169,0.894530,0.894640,0.893647,0.893662,0.895040,0.896086,0.896504,0.895094,0.895657,0.892832,0.894836,0.895414,0.896543,0.898274,0.897305,0.895612,0.899154,0.898790,0.898122,0.898785,0.898132,0.901667,0.899732,0.898908,0.896800,0.900270,0.899831,0.899756,0.901795,0.899349,0.902116,0.900231,0.902988,0.902242,0.903244,0.902961,0.902078,0.901530,0.901404,0.906353,0.902910,0.903383,0.902427,0.903743,0.903141,0.903782,0.904217,0.905477,0.907319,0.906156,0.907723,0.906077,0.906606,0.905531,0.908416,0.908642,0.908296,0.904315,0.908193,0.909310,0.909829,0.906970,0.910255,0.908533,0.906921,0.912011,0.910113,0.908850,0.909130,0.910654,0.911927,0.909448,0.911520,0.911422,0.910613,0.913832,0.911298,0.912984,0.912266,0.912222,0.915819,0.914275,0.914524,0.915828,0.916011,0.916705,0.914811,

============================
stefan:SNR=-2.000000, frame#2,bp#2
Ia=
0.413140,0.415407,0.415602,0.415510,0.416173,0.416576,0.418940,0.420674,0.419948,0.419820,0.420365,0.421301,0.421273,0.424090,0.423833,0.426084,0.428265,0.426688,0.427907,0.426242,0.428665,0.429029,0.428527,0.427358,0.432896,0.434473,0.431890,0.433070,0.432272,0.435347,0.434743,0.437904,0.436111,0.435347,0.438179,0.437970,0.440916,0.438892,0.440721,0.440866,0.443580,0.441979,0.445948,0.446757,0.446113,0.444749,0.447096,0.448562,0.447695,0.449287,0.450291,0.450001,0.452574,0.451024,0.452019,0.454022,0.455181,0.457169,0.454373,0.455066,0.456657,0.457289,0.462679,0.461562,0.461796,0.460484,0.462582,0.462596,0.466041,0.466913,0.463344,0.464995,0.468524,0.464039,0.468483,0.470455,0.471609,0.471484,0.469292,0.471544,0.473785,0.473406,0.473520,0.476448,0.474244,0.474329,0.478088,0.475486,0.477830,0.479934,0.481759,0.482607,0.481684,0.482929,0.482747,0.481972,0.484339,0.486703,0.486327,0.490141,0.489698,0.488544,0.490321,0.494582,0.491885,0.493541,0.494343,0.492540,0.494489,0.494358,0.495581,0.496558,0.499638,0.496440,0.497087,0.499303,0.500671,0.501433,0.501769,0.504801,0.505503,0.500409,0.506401,0.504059,0.505295,0.510250,0.511384,0.508941,0.510920,0.511074,0.511188,0.512631,0.512484,0.514251,0.514098,0.518309,0.517979,0.518988,0.518552,0.519290,0.521070,0.522756,0.520766,0.523817,0.524985,0.525759,0.525715,0.529201,0.527838,0.526700,0.527962,0.525391,0.530342,0.530668,0.531223,0.531973,0.535412,0.535940,0.536146,0.536151,0.537593,0.536007,0.536168,0.540183,0.540018,0.537709,0.541488,0.542561,0.541668,0.543275,0.543689,0.546703,0.545219,0.542055,0.545223,0.547208,0.547636,0.550632,0.548503,0.552362,0.553285,0.552567,0.555195,0.553998,0.553260,0.555572,0.558077,0.559310,0.558576,0.561795,0.558439,0.562565,0.563965,0.564742,0.564630,0.565484,0.569095,0.563747,0.568256,0.571038,0.566741,0.568307,0.573307,0.573340,0.573353,0.572473,0.574055,0.575169,0.578120,0.575428,0.576466,0.577006,0.581287,0.580531,0.579795,0.582723,0.580812,0.581532,0.582395,0.587501,0.588937,0.584366,0.588651,0.586423,0.589606,0.592318,0.589893,0.591089,0.591903,0.592180,0.592973,0.592392,0.596939,0.598228,0.597409,0.597047,0.596927,0.599347,0.599460,0.600859,0.602068,0.603441,0.605603,0.605077,0.606293,0.606974,0.606095,0.607921,0.608902,0.608872,0.609202,0.610638,0.613111,0.611113,0.615345,0.615754,0.614703,0.618427,0.619644,0.618952,0.619677,0.617358,0.620233,0.621724,0.624355,0.623899,0.624562,0.624326,0.625109,0.624942,0.627408,0.629039,0.628792,0.627733,0.629466,0.630816,0.631206,0.632441,0.634775,0.635209,0.635105,0.637363,0.634621,0.639407,0.637901,0.638658,0.640464,0.641642,0.640705,0.640953,0.641558,0.645510,0.645427,0.648047,0.646821,0.647222,0.648193,0.647877,0.649901,0.649389,
Ie=
0.587463,0.587290,0.586538,0.589268,0.587425,0.587453,0.587914,0.593216,0.589363,0.588557,0.590004,0.592615,0.589039,0.590704,0.593647,0.593355,0.594943,0.593832,0.596275,0.591082,0.593419,0.594766,0.593709,0.595640,0.595850,0.595564,0.597022,0.596494,0.596313,0.598840,0.599096,0.601705,0.598745,0.598601,0.600761,0.601327,0.601426,0.602499,0.598409,0.600863,0.603143,0.599983,0.603716,0.604222,0.607165,0.605715,0.603726,0.607206,0.606259,0.603396,0.606217,0.605214,0.608203,0.606839,0.605064,0.608980,0.606292,0.611414,0.607093,0.610295,0.612552,0.610873,0.613697,0.615579,0.613541,0.610625,0.613781,0.612340,0.612422,0.613133,0.613454,0.612786,0.612711,0.615089,0.615540,0.616246,0.618275,0.616159,0.614888,0.619603,0.620343,0.620430,0.617978,0.620190,0.620285,0.620016,0.619792,0.618601,0.621859,0.622905,0.623159,0.624667,0.624703,0.625546,0.627112,0.624805,0.623227,0.629231,0.626456,0.628794,0.627817,0.625524,0.627816,0.630799,0.627442,0.631567,0.630310,0.631770,0.630910,0.631643,0.630023,0.631152,0.631116,0.632596,0.632641,0.635189,0.634673,0.633883,0.634928,0.635567,0.635792,0.631766,0.637040,0.636271,0.637365,0.638706,0.639705,0.642252,0.640099,0.640447,0.639659,0.641783,0.641705,0.643994,0.645168,0.646303,0.643016,0.643272,0.642494,0.646705,0.647259,0.647103,0.645639,0.648935,0.649366,0.649740,0.647861,0.649652,0.652918,0.653400,0.651100,0.649272,0.651579,0.652848,0.651624,0.654753,0.655332,0.656050,0.656927,0.657945,0.657253,0.657184,0.655257,0.657430,0.659703,0.656896,0.659496,0.663041,0.659775,0.660978,0.660715,0.658961,0.662087,0.658588,0.660262,0.661879,0.661753,0.666391,0.663113,0.665629,0.663430,0.665879,0.667317,0.667795,0.663261,0.667675,0.668479,0.671330,0.666946,0.671214,0.668366,0.671737,0.670617,0.673709,0.673255,0.674039,0.677320,0.671316,0.676325,0.676550,0.675372,0.675412,0.676219,0.680642,0.677283,0.676498,0.682188,0.683842,0.684690,0.681147,0.679965,0.681333,0.682608,0.683198,0.685040,0.685465,0.683792,0.687593,0.684382,0.688664,0.691993,0.684371,0.689338,0.684994,0.690340,0.692472,0.688976,0.690833,0.691343,0.694886,0.688394,0.693827,0.694370,0.695812,0.694093,0.696565,0.692146,0.695814,0.694482,0.699366,0.699419,0.699487,0.701645,0.700223,0.699781,0.699280,0.702267,0.702006,0.700384,0.704856,0.703923,0.702690,0.705424,0.703840,0.705945,0.703590,0.709567,0.710173,0.706691,0.709246,0.712037,0.707341,0.710795,0.710164,0.712458,0.709265,0.714079,0.712280,0.711933,0.711853,0.713215,0.715880,0.711860,0.715182,0.714748,0.717981,0.717200,0.718682,0.718450,0.721073,0.718760,0.722527,0.719995,0.722349,0.721692,0.724868,0.721754,0.721385,0.725260,0.723351,0.723912,0.726518,0.729916,0.729050,0.727869,0.726591,0.728092,0.731324,0.730804,0.731279,

============================
stefan:SNR=0.000000, frame#3,bp#1
Ia=
0.411048,0.413351,0.416789,0.415782,0.416080,0.416573,0.417766,0.416538,0.419127,0.420659,0.420163,0.422645,0.422542,0.422394,0.422934,0.425977,0.426345,0.424208,0.427210,0.428104,0.428368,0.428728,0.429910,0.430088,0.432103,0.431960,0.433029,0.435099,0.433915,0.432792,0.437983,0.434933,0.434029,0.440049,0.440238,0.438245,0.442915,0.442105,0.439935,0.442501,0.446471,0.443545,0.443587,0.443363,0.446123,0.448836,0.444915,0.447669,0.447772,0.447509,0.451300,0.451881,0.451642,0.451974,0.453726,0.450322,0.455457,0.456699,0.455360,0.454903,0.458022,0.456762,0.458744,0.460435,0.457937,0.462532,0.463042,0.464541,0.463470,0.466145,0.468668,0.465255,0.468597,0.467143,0.468475,0.466378,0.468195,0.468892,0.471171,0.474553,0.470865,0.473573,0.475868,0.476054,0.475234,0.475875,0.477319,0.478187,0.481580,0.479775,0.479585,0.482754,0.485427,0.483356,0.482554,0.482927,0.482879,0.485437,0.486795,0.489219,
Ie=
0.832892,0.834965,0.836651,0.836254,0.834940,0.836075,0.837716,0.837239,0.835780,0.839033,0.838460,0.837702,0.839953,0.837148,0.838992,0.839477,0.839174,0.837734,0.839397,0.841859,0.840178,0.840382,0.844406,0.841554,0.842513,0.842765,0.841020,0.842680,0.842582,0.841809,0.842957,0.844217,0.842070,0.846214,0.844176,0.842871,0.844931,0.844737,0.845442,0.846933,0.846066,0.843916,0.846768,0.842758,0.845099,0.847418,0.845352,0.846310,0.846778,0.848077,0.849494,0.850242,0.848355,0.848766,0.847275,0.848837,0.852239,0.850972,0.849211,0.848055,0.851178,0.850765,0.851557,0.850940,0.849877,0.850293,0.853935,0.852773,0.852103,0.854372,0.854017,0.850881,0.854163,0.854817,0.854568,0.852706,0.852883,0.854192,0.856186,0.857526,0.856041,0.853133,0.858329,0.856402,0.856074,0.853896,0.856182,0.856700,0.858076,0.856069,0.856198,0.858477,0.860026,0.859139,0.859766,0.857931,0.857884,0.857833,0.857332,0.860831,

============================
stefan:SNR=0.000000, frame#3,bp#1
Ia=
0.287862,0.286981,0.288886,0.288773,0.289945,0.290633,0.290275,0.291839,0.291810,0.292426,0.291401,0.291794,0.292445,0.294802,0.292401,0.294242,0.297544,0.294705,0.295257,0.296528,0.300459,0.297226,0.303085,0.303006,0.301833,0.301665,0.303574,0.302400,0.304983,0.304100,0.305317,0.303812,0.302711,0.302502,0.303743,0.307665,0.308833,0.307560,0.307864,0.307687,0.310608,0.309002,0.308646,0.312539,0.309376,0.313918,0.311952,0.310674,0.314238,0.316275,0.314452,0.313723,0.316389,0.316855,0.319681,0.317369,0.319130,0.320275,0.321725,0.319898,0.319855,0.322957,0.319950,0.323330,0.323023,0.323572,0.323587,0.325637,0.327426,0.325942,0.326394,0.328351,0.327034,0.328554,0.330253,0.329965,0.329589,0.330594,0.330843,0.334192,0.334543,0.337992,0.336818,0.333120,0.338991,0.338191,0.339057,0.340096,0.338732,0.338206,0.343308,0.340265,0.341855,0.341776,0.341766,0.341146,0.343755,0.342588,0.342978,0.344972,0.346397,0.347420,0.347301,0.344457,0.350709,0.348647,0.348687,0.349938,0.348752,0.350656,0.352316,0.350551,0.352810,0.353386,0.356738,0.356424,0.357275,0.356199,0.356953,0.358944,0.358324,0.356648,0.359247,0.361283,0.359226,0.360124,0.359719,0.361647,0.362459,0.362685,0.364950,0.366957,0.365912,0.366879,0.368399,0.369445,0.367102,0.371344,0.370276,0.369523,0.372259,0.370941,0.372237,0.372388,0.376779,0.373310,0.373789,0.373349,0.377339,0.375741,0.378310,0.380119,0.377156,0.380047,0.380420,0.379365,0.382216,0.382571,0.383914,0.383944,0.385698,0.387811,0.386483,0.386217,0.389214,0.391457,0.390059,0.389162,0.389493,0.390786,0.392433,0.390410,0.392527,0.393533,0.394617,0.396906,0.393688,0.398526,0.397351,0.397869,0.398983,0.399599,0.401682,0.402349,0.401441,0.402177,0.402514,0.405230,0.402076,0.402769,0.406298,0.405461,0.402865,0.408697,0.409164,0.411151,0.410498,0.410624,0.411640,0.413736,0.416200,0.411776,0.413540,0.413419,0.417657,0.416838,0.415899,0.415991,0.418832,0.421280,0.421758,0.417298,0.421508,0.422820,0.423605,0.423161,0.422554,0.428062,0.422432,0.426144,0.427855,0.429791,0.432549,0.429795,0.433682,0.432306,0.433731,0.432162,0.432054,0.435063,0.434825,0.436145,0.434335,0.436887,0.437032,0.438507,0.439786,0.440202,0.439786,0.441433,0.441379,0.444104,0.443911,0.443543,0.444068,0.446675,0.446426,0.447513,0.446343,0.448322,0.448232,0.451020,0.451595,0.452575,0.451301,0.451205,0.456136,0.455597,0.456315,0.454945,0.458935,0.455724,0.459439,0.459393,0.460327,0.461008,0.460988,0.464818,0.464469,0.461355,0.466097,0.464733,0.466339,0.466286,0.468129,0.467536,0.471554,0.470640,0.469407,0.471953,0.470086,0.472792,0.476270,0.474776,0.475698,0.476421,0.477191,0.476628,0.477494,0.478881,0.478222,0.479406,0.481139,0.479820,0.485007,0.483984,0.482889,0.486000,0.485259,0.485271,
Ie=
0.792329,0.792898,0.795231,0.794603,0.793487,0.793390,0.795481,0.796051,0.795373,0.793720,0.795695,0.795872,0.795535,0.797346,0.797641,0.795944,0.797522,0.795705,0.797444,0.796612,0.799175,0.795975,0.799579,0.799080,0.796708,0.800787,0.798870,0.798492,0.802504,0.798283,0.800950,0.799857,0.798604,0.798837,0.798948,0.800019,0.800261,0.800418,0.800887,0.800825,0.801166,0.800815,0.801204,0.800751,0.802394,0.803526,0.802954,0.802418,0.802137,0.805124,0.802636,0.804200,0.803229,0.805101,0.805790,0.804415,0.803645,0.803813,0.805758,0.804497,0.804683,0.806344,0.805009,0.807587,0.804730,0.806847,0.804965,0.807457,0.807476,0.807096,0.806559,0.806872,0.806828,0.806421,0.806961,0.809229,0.806101,0.807643,0.806686,0.810167,0.810061,0.810443,0.809820,0.805935,0.810478,0.808996,0.809792,0.810013,0.808856,0.810868,0.812400,0.810331,0.811617,0.812775,0.811949,0.810766,0.812033,0.810373,0.810824,0.812030,0.812897,0.815261,0.813349,0.811465,0.813311,0.814803,0.813165,0.812405,0.814333,0.814940,0.815128,0.814026,0.815835,0.814836,0.816105,0.817406,0.816483,0.817102,0.818569,0.815224,0.814685,0.816307,0.818293,0.817544,0.817600,0.817148,0.817799,0.816928,0.813851,0.818653,0.818479,0.818749,0.820150,0.819434,0.820235,0.822557,0.818334,0.822493,0.822367,0.821776,0.821703,0.822268,0.820115,0.822520,0.824121,0.823847,0.822298,0.821322,0.823813,0.820665,0.823883,0.827207,0.823625,0.823920,0.825513,0.825893,0.823892,0.825573,0.825739,0.824978,0.825620,0.829027,0.826940,0.827438,0.827087,0.827790,0.829826,0.827292,0.827159,0.827079,0.826020,0.828857,0.827871,0.828326,0.829471,0.829843,0.829549,0.830904,0.829405,0.831176,0.832510,0.830158,0.831819,0.831835,0.830810,0.830411,0.831791,0.833737,0.831295,0.829477,0.832252,0.832388,0.830400,0.834151,0.832341,0.832750,0.836051,0.832470,0.836206,0.835399,0.836235,0.833168,0.835793,0.835533,0.837359,0.835977,0.837225,0.836492,0.838132,0.837451,0.837277,0.837492,0.836355,0.838923,0.838818,0.838012,0.837786,0.840220,0.838971,0.839677,0.839493,0.841739,0.841104,0.844734,0.843461,0.843189,0.842291,0.841091,0.841654,0.843014,0.843318,0.844229,0.841610,0.841916,0.845692,0.845452,0.846220,0.845694,0.843951,0.844838,0.843815,0.842189,0.845935,0.844277,0.844736,0.844697,0.846258,0.849054,0.843347,0.844312,0.847140,0.847430,0.848124,0.849571,0.847206,0.849810,0.849630,0.849515,0.847707,0.849117,0.849561,0.849862,0.850854,0.850816,0.851341,0.850153,0.851757,0.852790,0.851990,0.851733,0.853573,0.850915,0.851390,0.852981,0.851997,0.855176,0.852349,0.852944,0.853239,0.856194,0.855576,0.854372,0.856076,0.856309,0.857089,0.854660,0.856712,0.857378,0.856627,0.857210,0.857004,0.856848,0.855960,0.857600,0.857859,0.857079,0.857528,0.859106,0.857205,0.858974,

============================ nice!!
stefan:SNR=0.000000, frame#3,bp#1
Ia=
0.288365,0.286048,0.288834,0.291172,0.288341,0.289100,0.290579,0.290720,0.291690,0.290198,0.290413,0.293097,0.290184,0.292169,0.294122,0.295208,0.297564,0.295863,0.294879,0.294489,0.296139,0.298656,0.297933,0.296776,0.299653,0.299558,0.300690,0.303523,0.302598,0.303089,0.303325,0.308174,0.305513,0.306698,0.307374,0.305918,0.307320,0.304680,0.307371,0.310850,0.309650,0.311777,0.314009,0.310051,0.313988,0.310916,0.313403,0.314837,0.312950,0.312979,0.312934,0.314953,0.314515,0.317657,0.316585,0.319151,0.318694,0.320377,0.321629,0.319659,0.319093,0.321270,0.324914,0.323300,0.321893,0.324306,0.322945,0.324564,0.325544,0.325645,0.325914,0.327927,0.327845,0.327363,0.328109,0.329778,0.332950,0.329194,0.330013,0.330292,0.333478,0.335590,0.333002,0.334873,0.335871,0.337597,0.338673,0.338691,0.340550,0.339129,0.339188,0.338898,0.338319,0.341237,0.341134,0.342716,0.341243,0.341739,0.347060,0.342370,0.344348,0.345525,0.349317,0.350560,0.348555,0.347059,0.348899,0.350010,0.352468,0.350310,0.352221,0.354424,0.354246,0.355251,0.352364,0.356309,0.356249,0.356036,0.357547,0.359970,0.358168,0.357181,0.360773,0.362213,0.362411,0.362778,0.363061,0.361227,0.360189,0.366015,0.364920,0.362821,0.368017,0.365478,0.368237,0.368657,0.367155,0.369263,0.369566,0.368862,0.372785,0.373918,0.371884,0.375043,0.376012,0.374424,0.375225,0.376594,0.378032,0.376751,0.375108,0.379250,0.380422,0.380158,0.382003,0.381621,0.382694,0.386690,0.382540,0.384279,0.385326,0.389031,0.386058,0.385745,0.386984,0.388737,0.389284,0.390927,0.389668,0.391441,0.389989,0.391514,0.391141,0.394460,0.394734,0.397241,0.394723,0.397867,0.396734,0.397918,0.399986,0.399299,0.400797,0.397987,0.401424,0.398468,0.403630,0.404720,0.404966,0.406028,0.407401,0.407136,0.409041,0.408331,0.406207,0.411460,0.410612,0.410817,0.413118,0.411406,0.412187,0.415519,0.416138,0.417288,0.415555,0.416886,0.417419,0.419738,0.421998,0.421352,0.420136,0.418143,0.420970,0.422022,0.420433,0.424564,0.425064,0.422906,0.426110,0.428070,0.428002,0.426212,0.429471,0.429642,0.430336,0.433069,0.431862,0.432662,0.430373,0.435251,0.436140,0.435784,0.436006,0.435265,0.437166,0.437085,0.437612,0.443031,0.440402,0.439510,0.440076,0.444109,0.442704,0.443978,0.447030,0.447257,0.444924,0.446084,0.448926,0.447984,0.447887,0.451150,0.449707,0.452874,0.452993,0.453614,0.456001,0.457915,0.458214,0.455520,0.459640,0.458352,0.457153,0.460059,0.459289,0.462723,0.463575,0.462297,0.460890,0.460815,0.464025,0.465165,0.467418,0.466746,0.468557,0.470400,0.470166,0.470506,0.471485,0.474039,0.473835,0.470002,0.473799,0.474311,0.474556,0.476169,0.475314,0.476701,0.476574,0.480430,0.479479,0.480151,0.480263,0.481840,0.481615,0.484526,0.482696,0.486602,0.487843,0.487759,0.487835,0.487017,0.488417,0.491188,0.490331,0.492745,0.491352,0.494669,0.494651,0.496966,0.496531,0.495608,0.498553,0.497062,0.498535,0.499743,0.501644,0.499378,0.504425,0.505360,0.503511,0.504355,0.502906,0.502280,0.506182,0.505898,0.508334,0.509647,0.511172,0.508526,0.511893,0.509434,0.513396,0.516013,0.514108,0.514017,0.516752,0.516005,0.517424,0.514381,0.519513,0.521129,0.521032,0.521724,0.521422,0.524374,0.521486,0.522539,0.523042,0.523561,0.528571,0.526891,0.529275,0.527874,0.527999,0.530543,0.533145,0.531447,0.533574,0.534694,0.535312,0.537229,0.537051,0.538576,0.539306,0.540755,0.540158,0.541040,0.541670,0.540865,0.541905,0.546698,0.546586,0.547173,0.546069,0.546960,0.548743,0.548837,0.551974,0.549710,0.552153,0.552740,0.552819,0.551308,0.556033,0.555788,0.555898,0.555957,0.560369,0.556367,0.560112,0.561110,0.561418,0.562661,0.562640,0.563446,0.563457,0.565113,0.565216,0.565854,0.565920,0.570040,0.568801,0.572680,0.573195,0.572574,0.570482,0.572424,0.578317,0.577901,0.574969,0.574865,0.578743,0.579204,0.579142,0.580756,0.579250,0.578480,0.581950,0.581989,0.586175,0.585185,0.586676,0.583540,0.587434,0.589701,0.588980,0.592107,0.590155,0.591360,0.592211,0.591474,0.592000,0.594967,0.592691,0.599742,0.598431,0.597992,0.602829,0.602576,0.600210,0.602376,0.602399,0.602706,0.605629,0.605889,0.606402,0.606426,0.610091,0.608077,0.609492,0.609239,0.611674,0.612377,0.613625,0.612737,0.614888,0.613543,0.616275,0.616895,0.616178,0.616588,0.619019,0.621317,0.619410,0.622198,0.623458,0.622977,0.626181,0.628283,0.625763,0.624804,0.628282,0.628687,0.630063,0.630112,0.631113,0.632014,0.632001,0.633099,0.634487,0.634964,0.637942,0.640582,0.639817,0.637467,0.638805,0.640584,0.643110,0.641314,0.642284,0.645246,0.646089,0.644529,0.645077,0.647744,0.648182,0.647877,0.647103,0.651807,0.649861,0.650883,0.651498,0.651146,0.654260,0.656453,0.656497,0.656636,0.658396,0.659993,0.662501,0.661295,0.663044,0.661666,0.663967,0.660979,0.666553,0.664264,0.668176,0.665153,0.666054,0.668395,0.669639,0.672289,0.670020,0.672016,0.672603,0.672403,0.673751,0.675117,0.678255,0.676249,0.676555,0.678479,0.679428,0.679607,0.683112,0.680172,0.684767,0.684144,0.683899,0.683960,0.686136,0.688187,0.688631,0.688459,0.692100,0.692019,0.690998,0.692219,0.694821,0.693009,0.693673,0.696426,0.694448,0.696140,0.698306,0.699041,0.697852,0.700690,0.702407,0.699260,0.702042,0.703823,0.704664,0.707269,0.706485,0.709132,0.707252,0.707961,0.707433,0.712452,0.710659,0.711322,0.712485,0.712609,0.714868,0.715917,0.712794,0.718171,0.716716,0.719032,0.719997,0.720131,0.720575,0.720136,0.723369,0.722096,0.721241,0.723156,0.722491,0.727911,0.725921,0.726734,0.729752,0.729616,0.728373,0.729823,0.730830,0.730175,0.734756,0.732826,0.735171,0.734085,0.737809,0.735981,0.737114,0.737646,0.743016,0.742042,0.738457,0.740599,0.743822,0.744151,0.744497,0.744537,0.747454,0.747070,0.745418,0.748256,0.748944,0.749089,0.751049,0.751407,0.755010,0.752217,0.753505,0.754300,0.755834,0.755818,0.756248,0.757729,0.758678,0.759277,0.756142,0.759150,0.761130,0.762927,0.762700,0.763028,0.765289,0.764571,0.767089,0.766949,0.768032,0.770046,0.770442,0.769956,0.768505,0.773705,0.772646,0.773583,0.773604,0.773369,0.776645,0.776807,0.776883,0.777260,0.778103,0.778918,0.780350,0.779090,0.781156,0.782413,0.783803,0.784919,0.784400,0.784760,0.787925,0.785662,0.784827,0.787117,0.790044,0.790993,0.790508,0.791211,0.792042,0.792171,0.791822,0.794644,0.794661,0.794582,0.795557,0.796872,0.799476,0.797645,0.800085,0.800724,0.801374,0.801506,0.803842,0.804186,0.805754,0.801498,0.804153,0.806939,0.808478,0.809197,0.809907,0.806423,0.809709,0.810712,0.810305,0.810585,0.811405,0.810359,0.815572,0.814092,0.817138,0.816389,0.818066,0.817113,0.818019,0.817203,0.820290,0.820796,0.820805,0.819664,0.821972,0.820955,0.823534,0.824509,0.825337,0.825786,0.825251,0.825504,0.827105,0.827369,0.828385,0.830608,0.831187,0.831053,0.833063,0.834429,0.834302,0.833532,0.833912,0.836020,0.834283,0.835150,0.838522,0.838569,0.837833,0.839727,0.838786,0.839159,0.841500,0.841251,0.841623,0.842768,0.843277,0.844275,0.845168,0.846410,0.845431,0.845382,0.849195,0.848804,0.847973,0.848488,0.850279,0.850992,0.851674,0.851477,0.853501,0.852333,0.855446,0.853940,0.855800,0.858343,0.857825,0.857227,0.856576,0.858991,0.859369,0.861300,0.860984,0.859889,0.862147,0.861273,0.861564,0.863665,0.865117,0.866784,0.864622,0.865052,0.866288,0.867757,0.867683,0.867409,0.866696,0.866031,0.871111,0.870632,0.871191,0.872815,0.873874,0.872798,0.874046,0.873901,0.875283,0.874336,0.873945,0.877112,0.877061,0.878835,0.877140,0.879376,0.877977,0.880465,0.880554,0.881422,0.882906,0.882292,0.882382,0.883444,0.883153,0.882234,0.885959,0.885677,0.885696,0.886948,0.887596,0.888048,0.887995,0.889138,0.888051,0.891111,0.889387,0.890468,0.893446,0.892747,0.893466,0.892835,0.893521,0.894835,0.894607,0.896877,0.896602,0.896094,0.896956,0.896930,0.897022,0.899394,0.899020,0.900220,0.900573,0.900966,0.902961,0.902714,0.901964,0.902095,0.902007,0.904915,0.903891,0.903864,0.905030,0.906642,0.908830,0.906814,0.907094,0.909807,0.907433,0.907788,0.908580,0.909215,0.910608,0.912882,0.910982,0.911401,0.911721,0.913687,0.912891,0.913636,0.914321,0.913790,0.916423,0.915412,0.915368,0.916423,0.918995,0.917672,0.918690,0.918518,0.917815,0.918947,0.919383,0.919506,0.920929,0.921818,0.919914,0.920965,0.921811,0.923887,0.921748,0.923665,0.924033,0.924830,0.924909,0.926001,0.925849,0.927359,0.927603,0.928625,0.928720,0.927906,0.928012,0.928820,0.929195,0.930592,0.931602,0.930453,0.930285,0.930044,0.930715,0.932395,0.932101,0.932201,0.934769,0.933293,0.934558,0.935615,0.935756,0.936557,0.935718,0.936602,0.936915,0.937042,0.936455,0.937265,0.937749,0.939934,0.939863,0.939219,0.939202,0.940821,0.940093,0.940684,0.941368,0.942134,0.942660,0.942571,0.943151,0.943416,0.943989,0.943761,0.944557,0.944632,0.946278,0.946051,0.946547,0.946924,0.946041,0.947687,0.945674,0.947665,0.948318,0.948779,0.949242,0.949135,0.949662,0.950191,0.950907,0.950553,0.951072,0.951510,0.952548,0.951662,0.952516,0.951891,0.952236,0.952485,0.952329,0.953307,0.953263,0.954982,0.955071,0.955010,0.954968,0.956406,0.956116,0.955661,0.956192,0.956603,0.957308,0.956834,0.957859,0.958717,0.958947,0.959237,0.958646,0.959347,0.958937,0.959148,0.959269,0.960126,0.961942,0.960881,0.960877,0.961724,
Ie=
0.791087,0.788799,0.789694,0.791823,0.791557,0.789924,0.791130,0.790009,0.790817,0.790439,0.791528,0.789727,0.791281,0.792889,0.790949,0.791238,0.792121,0.790149,0.792736,0.793238,0.791724,0.793759,0.793320,0.794582,0.792785,0.793195,0.792430,0.795415,0.792676,0.795479,0.795639,0.795154,0.796721,0.796018,0.796918,0.795164,0.795447,0.795091,0.794625,0.796709,0.795639,0.797350,0.798458,0.797505,0.798516,0.797479,0.795187,0.798156,0.797535,0.797644,0.795888,0.796761,0.797512,0.800914,0.800291,0.798572,0.800263,0.798828,0.798945,0.799031,0.800007,0.800572,0.801143,0.802015,0.800204,0.800973,0.799099,0.800824,0.802860,0.802507,0.801785,0.803951,0.800871,0.803368,0.801636,0.802256,0.807520,0.803928,0.802099,0.804172,0.801943,0.804800,0.804168,0.803570,0.804602,0.804079,0.807644,0.805990,0.806641,0.805854,0.805217,0.805829,0.807323,0.808008,0.804927,0.807223,0.806985,0.807375,0.809181,0.807329,0.809886,0.808166,0.809502,0.810173,0.810691,0.808638,0.809028,0.807897,0.811789,0.810660,0.811311,0.811056,0.809802,0.813433,0.810486,0.812135,0.813198,0.812188,0.814025,0.812720,0.812839,0.813860,0.813475,0.816389,0.812807,0.814493,0.811250,0.814146,0.813636,0.814780,0.814401,0.813412,0.815901,0.816279,0.815972,0.816276,0.816288,0.813473,0.814366,0.816392,0.816375,0.817482,0.818749,0.818527,0.817956,0.817643,0.817608,0.818868,0.820475,0.819369,0.818433,0.820402,0.819503,0.820952,0.821383,0.821359,0.822446,0.821336,0.821085,0.820376,0.820036,0.825099,0.822559,0.820818,0.822926,0.822392,0.821493,0.823405,0.823239,0.824953,0.821506,0.824657,0.822511,0.823089,0.823769,0.824021,0.823560,0.826179,0.825235,0.826195,0.828154,0.827348,0.824706,0.827312,0.827590,0.825909,0.829814,0.827831,0.827282,0.827949,0.828052,0.830813,0.829184,0.828964,0.826321,0.829830,0.831756,0.829083,0.829226,0.828285,0.830827,0.831023,0.829756,0.831459,0.829715,0.831264,0.832122,0.830694,0.834289,0.832967,0.833695,0.830460,0.833889,0.832341,0.833474,0.833154,0.833326,0.831526,0.832322,0.835301,0.836494,0.831628,0.836256,0.833247,0.835553,0.838900,0.837075,0.836900,0.836312,0.839152,0.838348,0.836999,0.837871,0.837504,0.836766,0.836549,0.836833,0.841036,0.837067,0.840867,0.838916,0.841601,0.840038,0.842151,0.841975,0.840826,0.839942,0.839453,0.841385,0.842823,0.842877,0.841360,0.841434,0.842134,0.844166,0.843349,0.843289,0.844026,0.845155,0.843848,0.847269,0.846084,0.844428,0.846802,0.844286,0.845020,0.847904,0.843957,0.845370,0.845563,0.844567,0.847777,0.848853,0.847934,0.846312,0.847990,0.846511,0.850498,0.850188,0.850357,0.851520,0.848083,0.849091,0.849647,0.852038,0.849361,0.851540,0.851479,0.852435,0.852683,0.850434,0.852029,0.851636,0.851854,0.853008,0.855225,0.852797,0.854327,0.854889,0.854362,0.856390,0.856028,0.855183,0.855495,0.854653,0.856941,0.857886,0.859424,0.857043,0.856794,0.857544,0.859941,0.857090,0.858606,0.858152,0.859539,0.860761,0.859019,0.861796,0.860820,0.860075,0.858543,0.860572,0.859517,0.858671,0.861349,0.860623,0.861397,0.861501,0.862558,0.862413,0.861276,0.861486,0.865127,0.862180,0.862441,0.865445,0.864718,0.863037,0.861117,0.866077,0.866838,0.864432,0.866927,0.865015,0.866519,0.864788,0.866940,0.865863,0.866783,0.869214,0.869185,0.865950,0.868017,0.868089,0.870428,0.869166,0.868938,0.869902,0.869553,0.870259,0.869730,0.869716,0.869406,0.873401,0.873162,0.873288,0.872351,0.872459,0.873045,0.872517,0.875686,0.874605,0.873857,0.876560,0.874637,0.876558,0.876246,0.874308,0.875846,0.875001,0.875725,0.874939,0.877098,0.878329,0.877182,0.876789,0.877566,0.878045,0.876167,0.878722,0.878197,0.877504,0.879878,0.882146,0.878312,0.879118,0.881290,0.881199,0.879646,0.881330,0.882042,0.880924,0.881682,0.881544,0.881916,0.881489,0.884770,0.886334,0.883381,0.883289,0.883430,0.885640,0.886054,0.887276,0.886076,0.883711,0.883910,0.888046,0.886603,0.887720,0.886687,0.886866,0.886396,0.885039,0.888758,0.886974,0.889702,0.889613,0.887678,0.889537,0.889626,0.890580,0.889558,0.888401,0.891178,0.892843,0.891795,0.890688,0.892942,0.890595,0.893236,0.892460,0.892370,0.894052,0.894592,0.893885,0.895848,0.896493,0.893660,0.892679,0.895467,0.896036,0.892678,0.897154,0.898221,0.897713,0.895101,0.898426,0.898226,0.896153,0.896316,0.897098,0.900096,0.898190,0.899976,0.900493,0.900066,0.900926,0.901397,0.899114,0.899972,0.900988,0.901109,0.899728,0.900425,0.900710,0.902563,0.903221,0.903301,0.902187,0.904839,0.904533,0.906891,0.904745,0.903066,0.906306,0.906351,0.903175,0.903810,0.903660,0.905176,0.903863,0.905619,0.906890,0.907319,0.908026,0.905978,0.906281,0.908087,0.907076,0.906443,0.908558,0.909889,0.906690,0.910314,0.909829,0.911900,0.911251,0.910220,0.912265,0.910260,0.913079,0.910762,0.912559,0.913206,0.914198,0.912615,0.913060,0.911302,0.912228,0.914325,0.912631,0.916008,0.914918,0.913357,0.914694,0.916567,0.915456,0.914584,0.915459,0.916520,0.914507,0.914493,0.918602,0.918169,0.917423,0.919324,0.918477,0.919125,0.920604,0.919052,0.917970,0.920999,0.918983,0.920185,0.921471,0.920884,0.919147,0.921162,0.922844,0.920475,0.923180,0.923207,0.920865,0.919709,0.923619,0.923044,0.923637,0.923599,0.924362,0.925911,0.923113,0.924896,0.925034,0.923930,0.925641,0.925385,0.924210,0.928595,0.927246,0.927612,0.927134,0.928464,0.929581,0.928685,0.928819,0.928211,0.929263,0.926805,0.928651,0.931180,0.930373,0.929927,0.929067,0.930053,0.930878,0.929524,0.930697,0.931345,0.931970,0.931581,0.932694,0.930587,0.933041,0.932641,0.931630,0.930902,0.934378,0.932721,0.934906,0.934448,0.933529,0.934926,0.933698,0.933926,0.936803,0.934777,0.935501,0.936371,0.935427,0.937913,0.936929,0.937494,0.937713,0.937178,0.938002,0.938781,0.936254,0.939362,0.938681,0.939201,0.937658,0.939436,0.939494,0.941319,0.940135,0.939812,0.939226,0.940983,0.942534,0.941801,0.941940,0.943248,0.940065,0.943405,0.942323,0.942590,0.941787,0.942819,0.943262,0.942580,0.942610,0.945084,0.943686,0.943847,0.946288,0.945914,0.945634,0.946051,0.946393,0.947585,0.947101,0.945081,0.946613,0.945980,0.945530,0.946829,0.946318,0.945508,0.946473,0.948325,0.948980,0.949062,0.950010,0.949991,0.948933,0.948060,0.950276,0.949845,0.949952,0.949664,0.951124,0.949738,0.950356,0.951230,0.951365,0.952263,0.951487,0.952703,0.951903,0.951312,0.952320,0.953129,0.953780,0.952355,0.955480,0.953836,0.953221,0.953567,0.953441,0.953984,0.953184,0.954357,0.953131,0.955152,0.955154,0.954069,0.955523,0.955644,0.957125,0.955591,0.955189,0.956915,0.955233,0.957177,0.958477,0.958018,0.957364,0.957640,0.958639,0.957688,0.958498,0.958242,0.958305,0.960272,0.959706,0.959076,0.958642,0.960353,0.959600,0.958992,0.960551,0.960505,0.960637,0.961470,0.959889,0.960756,0.961957,0.958361,0.961732,0.961694,0.963143,0.962313,0.963087,0.965491,0.962321,0.963047,0.960794,0.964460,0.964062,0.963141,0.965658,0.964457,0.962425,0.964107,0.963779,0.964581,0.965546,0.963037,0.965119,0.965619,0.964613,0.965736,0.965751,0.965956,0.965339,0.966455,0.965864,0.966102,0.966611,0.966274,0.966965,0.966118,0.967552,0.967415,0.967117,0.967374,0.967706,0.969534,0.967742,0.968328,0.967364,0.968202,0.968480,0.970151,0.970246,0.967066,0.969257,0.971041,0.969674,0.969831,0.971222,0.969945,0.969524,0.970686,0.970791,0.972297,0.971881,0.971644,0.970462,0.971800,0.972515,0.971731,0.971568,0.972544,0.973412,0.973128,0.973472,0.971897,0.973779,0.973389,0.974129,0.971855,0.973201,0.974325,0.973950,0.974803,0.974325,0.975656,0.973915,0.975094,0.976220,0.974084,0.975470,0.977669,0.974791,0.975947,0.975911,0.975564,0.976519,0.976443,0.976446,0.977062,0.975794,0.977480,0.976877,0.977099,0.976474,0.977398,0.977385,0.976908,0.976869,0.977423,0.978553,0.977687,0.978063,0.977872,0.977762,0.977698,0.976258,0.978863,0.977516,0.978343,0.978684,0.979049,0.979666,0.981053,0.980406,0.979075,0.978679,0.979128,0.979157,0.980936,0.980534,0.979577,0.980148,0.980847,0.982380,0.979792,0.981524,0.980279,0.981028,0.980420,0.981891,0.982327,0.981449,0.981487,0.982695,0.981665,0.981170,0.983706,0.983255,0.981491,0.983431,0.982872,0.982412,0.982879,0.983464,0.982634,0.983581,0.982618,0.984218,0.983898,0.982581,0.983853,0.983052,0.983229,0.984287,0.984990,0.983503,0.984614,0.984289,0.985634,0.984632,0.984610,0.984963,0.985052,0.984291,0.984528,0.985863,0.984489,0.985658,0.986378,0.985281,0.984941,0.984360,0.985069,0.986280,0.986936,0.985889,0.985469,0.985382,0.986722,0.987033,0.986757,0.986341,0.985172,0.986328,0.986420,0.986927,0.986209,0.987264,0.987955,0.987474,0.987456,0.987285,0.986721,0.988195,0.987767,0.987830,0.988413,0.988184,0.987476,0.987336,0.987278,0.987676,0.988622,0.987609,0.987844,0.989220,0.987752,0.989169,0.988462,0.988337,0.989037,0.988171,0.989473,0.989012,0.989071,0.988216,0.989592,0.989467,0.988911,0.989807,0.990584,0.989902,0.989774,0.990370,0.989696,0.990514,0.990033,0.990600,0.990720,0.989806,0.990685,0.990391,0.990454,0.990904,0.991308,0.990638,0.990133,0.991283,0.991106,0.989726,0.990845,0.991295,0.991496,0.991959,0.991587,0.991991,0.991207,0.991150,0.991912,0.991340,0.992027,0.992022,0.992393,0.991960,0.992275,0.991433,0.991875,0.991925,0.990659,0.991521,0.992846,0.992211,0.992254,0.992748,0.992223,

============================
stefan:SNR=0.000000, frame#3,bp#1
Ia=
0.286527,
Ie=
0.792293,

============================
stefan:SNR=0.000000, frame#3,bp#1
Ia=
0.287913,0.287644,0.287407,0.286875,0.288114,
Ie=
0.787341,0.787689,0.787007,0.785630,0.786027,

============================
stefan:SNR=0.000000, frame#4,bp#1
Ia=
0.379990,0.376754,0.380806,0.382711,0.385137,0.385057,0.388376,0.387145,0.388747,0.392573,0.392044,0.392756,0.394322,0.393195,0.398465,0.396245,0.399671,0.401781,0.402479,0.406038,0.405574,0.410179,0.409159,0.411577,0.414806,0.413145,0.414093,0.414908,0.417283,0.416391,0.419424,0.424040,0.422273,0.423484,0.426143,0.426773,0.430222,0.432218,0.429528,0.433589,0.436059,0.434316,0.437673,0.438136,0.438933,0.445142,0.444694,0.444636,0.447166,0.448011,0.449693,0.453334,0.453495,0.452816,0.454001,0.455467,0.457348,0.458568,0.463346,0.462202,0.464850,0.466169,0.468380,0.466875,0.468829,0.470702,0.476216,0.474249,0.477790,0.478946,0.480102,0.481339,0.483991,0.483302,0.488384,0.488205,0.492804,0.494078,0.491411,0.491202,0.495621,0.497202,0.496529,0.502426,0.502773,0.502302,0.504633,0.506710,0.507985,0.510319,0.511715,0.513216,0.514910,0.516217,0.512736,0.516536,0.520297,0.521637,0.524300,0.525221,0.524878,0.529938,0.530914,0.532283,0.534457,0.536298,0.535961,0.535228,0.539703,0.542559,0.543300,0.544657,0.546793,0.547381,0.548222,0.551295,0.550240,0.554539,0.558459,0.558664,0.560395,0.561564,0.565326,0.563334,0.566823,0.568399,0.571535,0.572675,0.573300,0.571910,0.579950,0.578310,0.578374,0.582971,0.583405,0.585284,0.588836,0.589048,0.586486,0.590346,0.593447,0.593656,0.597513,0.598063,0.600117,0.598428,0.602474,0.606318,0.607626,0.607544,0.609548,0.610914,0.613202,0.612961,0.615730,0.617754,0.618657,0.623504,0.627051,0.625384,0.625983,0.630182,0.630390,0.629389,0.632368,0.634618,0.637570,0.636018,0.640631,0.641784,0.642967,0.642729,0.645768,0.646550,0.648236,0.652439,0.651141,0.653271,0.658539,0.657939,0.658172,0.658484,0.662441,0.664899,0.666999,0.666302,0.670547,0.672814,0.672666,0.672061,0.674485,0.678221,0.677968,0.679202,0.683163,0.686183,0.686689,0.685284,0.690055,0.690262,0.693996,0.695340,0.693315,0.697628,0.698477,0.700369,0.701333,0.706083,0.706501,0.704015,0.710332,0.711404,0.715020,0.714134,0.713992,0.719240,0.718147,0.719676,0.721065,0.724507,0.726753,0.726039,0.728769,0.728826,0.732401,0.732349,0.732665,0.736220,0.736452,0.738561,0.741324,0.741226,0.743135,0.747689,0.748888,0.747141,0.751464,0.748975,0.754872,0.755878,0.757477,0.760438,0.760114,0.760822,0.763117,0.762836,0.765455,0.768292,0.770070,0.769526,0.772400,0.773032,0.775170,0.778190,0.779488,0.779069,0.782315,0.783739,0.785991,0.787259,0.787990,0.788684,0.791224,0.793002,0.794871,0.795405,0.796493,0.798973,0.799944,0.801153,0.803953,0.802909,0.804623,0.805517,0.807847,0.810162,0.810841,0.811970,0.815120,0.815464,0.816309,0.819198,0.820056,0.819454,0.823631,0.822132,0.825694,0.827689,0.827460,0.830910,0.828298,0.831757,0.833162,0.834082,0.836172,0.838635,0.838235,0.840556,0.840647,0.842679,0.845325,0.846123,0.847227,0.846774,0.847191,0.849154,0.851448,0.852963,0.853635,0.855673,0.856932,0.858103,0.860406,0.859079,0.860134,0.861896,0.863301,0.865952,0.864251,0.865682,0.867458,0.870278,0.870935,0.875111,0.875083,0.874978,0.876855,0.876664,0.877209,0.880102,0.881320,0.882975,0.883856,0.882499,0.883893,0.885946,0.888488,0.889558,0.888521,0.893497,0.891700,0.892219,0.892436,0.895623,0.896431,0.899020,0.899264,0.900074,0.899745,0.900826,0.902294,0.903593,0.903740,0.904681,0.905001,0.906728,0.909110,0.909979,0.909976,0.909600,0.912080,0.913522,0.913955,0.914264,0.915776,0.916571,0.917520,0.920603,0.918214,0.921397,0.920716,0.922086,0.923595,0.924804,0.924012,0.924778,0.926819,0.927401,0.929216,0.928993,0.929588,0.932426,0.931797,0.932690,0.933166,0.934810,0.934736,0.935387,0.935813,0.938632,0.938553,0.938426,0.939072,0.940229,0.941275,0.942254,0.943080,0.942882,0.944764,0.946401,0.946575,0.945581,0.946911,0.948902,0.948885,0.949485,0.949525,0.950121,0.951208,0.952663,0.953092,0.954183,0.953415,0.954953,0.956015,0.955456,0.956201,0.956446,0.957462,0.957738,0.958915,0.960655,0.960058,0.959690,0.961148,0.961306,0.962591,0.962326,0.963765,0.963885,0.964032,0.965398,0.964836,0.965859,0.967716,0.967413,0.968127,0.967842,0.969104,0.968943,0.969622,0.970345,0.970087,0.971274,0.971374,0.972316,0.972057,0.973390,0.972666,0.974137,0.973901,0.974385,0.975549,0.976290,0.975395,0.976497,0.977115,0.977059,0.977271,0.977593,0.978050,0.978366,0.979092,0.978972,0.979999,0.979614,0.980742,0.980566,0.981578,0.981312,0.982409,0.982536,0.982836,0.982865,0.982582,0.983574,0.983880,0.983451,0.984926,0.984329,0.984662,0.985078,0.984999,0.986105,0.986297,0.986214,0.986589,0.986619,0.986766,0.986859,0.987484,0.987483,0.988338,0.988543,0.988086,0.988873,0.988929,0.989200,0.989461,0.989877,
Ie=
0.814482,0.811854,0.815658,0.815901,0.818227,0.816687,0.816205,0.818909,0.817422,0.817079,0.818053,0.818418,0.819761,0.817392,0.820344,0.819885,0.820767,0.820608,0.821417,0.821723,0.824430,0.824652,0.826352,0.823450,0.825062,0.824219,0.825367,0.827314,0.827921,0.824842,0.826807,0.829439,0.828754,0.828949,0.829776,0.830362,0.832318,0.831562,0.832722,0.831815,0.832276,0.836143,0.832211,0.835181,0.835425,0.834564,0.833567,0.836764,0.836428,0.838007,0.836817,0.838561,0.840872,0.838575,0.840277,0.839749,0.838756,0.839587,0.841578,0.840825,0.844637,0.842687,0.843826,0.841060,0.844355,0.845951,0.845997,0.845918,0.846604,0.847650,0.848423,0.848081,0.848363,0.848900,0.852208,0.850045,0.851014,0.852917,0.854395,0.850295,0.851837,0.853838,0.853169,0.856335,0.854339,0.852173,0.856306,0.856485,0.859716,0.856881,0.857617,0.860542,0.858683,0.858453,0.857266,0.857645,0.861835,0.860467,0.861897,0.862689,0.861428,0.865358,0.866218,0.865975,0.865184,0.866157,0.867976,0.865423,0.866020,0.869029,0.868551,0.869336,0.870818,0.870898,0.870157,0.872553,0.872443,0.873214,0.874422,0.873612,0.874416,0.873715,0.875725,0.874597,0.876663,0.875857,0.876726,0.879391,0.879082,0.879110,0.879874,0.881521,0.877397,0.880327,0.882071,0.883008,0.885100,0.883912,0.882392,0.882623,0.884129,0.886355,0.888319,0.887792,0.887709,0.890437,0.888599,0.889399,0.889105,0.889092,0.889882,0.889752,0.893266,0.892868,0.894375,0.893783,0.891399,0.897634,0.897886,0.896358,0.896480,0.894765,0.896445,0.897848,0.899959,0.899449,0.898715,0.900007,0.903333,0.901532,0.903743,0.901752,0.903505,0.903954,0.903621,0.902677,0.905115,0.905151,0.909000,0.906446,0.907466,0.906104,0.908884,0.909914,0.911474,0.911692,0.909524,0.910491,0.913124,0.911412,0.912738,0.913810,0.912798,0.913688,0.916419,0.916646,0.914818,0.914774,0.917124,0.915929,0.920224,0.917786,0.917579,0.919412,0.919670,0.921428,0.919530,0.922765,0.923087,0.922906,0.921489,0.922827,0.926074,0.925986,0.924753,0.928942,0.928952,0.927071,0.927904,0.928646,0.928614,0.929936,0.929019,0.929233,0.930176,0.926958,0.931442,0.932238,0.930325,0.933320,0.933473,0.933014,0.933591,0.936577,0.935476,0.934713,0.934599,0.935333,0.937191,0.939617,0.937623,0.940788,0.937978,0.940977,0.939011,0.939690,0.940905,0.942862,0.943663,0.943508,0.940623,0.943386,0.944736,0.943715,0.945519,0.945230,0.945844,0.946689,0.947555,0.945880,0.947681,0.948313,0.949561,0.948770,0.950852,0.949539,0.949699,0.951002,0.950435,0.952794,0.953145,0.952926,0.954386,0.953019,0.954462,0.953883,0.954837,0.954331,0.954920,0.954905,0.954046,0.957809,0.957314,0.956359,0.958116,0.957569,0.959165,0.960821,0.959202,0.960569,0.958577,0.960806,0.961017,0.961275,0.961163,0.962356,0.961856,0.964990,0.962445,0.962896,0.963594,0.964617,0.964298,0.965606,0.963368,0.964136,0.966024,0.966950,0.967010,0.966536,0.967075,0.967089,0.968025,0.967375,0.968349,0.969817,0.968460,0.969101,0.969516,0.970606,0.969740,0.970926,0.971531,0.970805,0.972358,0.972548,0.971543,0.972199,0.971806,0.973856,0.972937,0.973283,0.974393,0.974019,0.976149,0.975374,0.975092,0.977593,0.975231,0.976165,0.976384,0.977416,0.975254,0.976456,0.976628,0.978945,0.978026,0.978349,0.977746,0.979101,0.978781,0.979211,0.979965,0.979629,0.979390,0.980573,0.980699,0.980593,0.980717,0.979852,0.981266,0.982458,0.982147,0.983098,0.982536,0.981963,0.982421,0.981585,0.982909,0.984630,0.983401,0.982278,0.984325,0.984457,0.984286,0.984755,0.984866,0.985049,0.984157,0.985804,0.986017,0.985289,0.985719,0.985537,0.986666,0.986332,0.986718,0.987142,0.988087,0.987242,0.987832,0.987257,0.987586,0.988565,0.989076,0.988683,0.987689,0.989805,0.988415,0.989108,0.988539,0.989198,0.989517,0.989267,0.990573,0.990215,0.989458,0.989745,0.989959,0.990126,0.991230,0.990816,0.990646,0.991144,0.991221,0.991161,0.991456,0.991027,0.991382,0.991618,0.991533,0.992241,0.992730,0.993260,0.993333,0.993542,0.992433,0.992306,0.993409,0.993210,0.993608,0.993062,0.992839,0.993332,0.993363,0.994069,0.993393,0.993879,0.993810,0.994374,0.993737,0.993831,0.994460,0.994280,0.994424,0.994963,0.994923,0.995365,0.994541,0.995245,0.994856,0.995376,0.995685,0.995567,0.995241,0.996058,0.995781,0.994958,0.995520,0.995253,0.996430,0.996081,0.996032,0.996101,0.995973,0.996367,0.996325,0.996208,0.996360,0.996645,0.996402,0.996434,0.996877,0.996712,0.996620,0.997189,0.996808,0.997022,0.996644,0.997270,0.997093,0.997160,0.997224,0.997315,0.997696,0.997550,0.997446,0.997278,0.997230,0.997193,0.997378,0.997804,0.997706,0.998205,0.998015,0.997767,0.997678,0.997824,0.998343,0.997799,

