38.503220, 43.174414, 49.010901, 56.679829, 64.188230, 
40.286030, 45.400402, 50.783529, 60.239701, 72.663473, 
40.602860, 45.705837, 49.200327, 62.253972, 72.939707, 
40.552410, 46.075933, 52.115069, 62.842282, 73.220859, 
41.003320, 46.352817, 52.190124, 64.067230, 72.279509, 
40.133455, 45.569348, 51.041244, 60.912303, 69.359222, 
40.104055, 44.763185, 50.415162, 54.945684, 66.987707, 
40.475647, 45.773719, 51.247175, 62.899703, 58.949948, 
40.595675, 45.944307, 50.693642, 65.230088, 73.234712, 
40.763163, 46.170070, 52.718934, 64.413451, 74.158950, 
41.172749, 46.620365, 53.470787, 65.919004, 73.361419, 
40.580633, 45.643128, 51.889641, 59.581985, 72.978774, 
39.321364, 44.462305, 49.887413, 57.490516, 65.343592, 
41.078758, 45.722437, 51.456444, 60.683529, 72.449842, 
40.750717, 44.967445, 50.798389, 58.836594, 65.824783, 
37.834357, 40.359020, 45.827025, 51.576951, 55.056123, 
39.788586, 44.204193, 48.293477, 55.237344, 61.698754, 
39.632330, 44.409957, 47.163417, 57.167534, 67.176122, 
40.173635, 44.667558, 50.102241, 58.321095, 67.617299, 
39.988285, 44.877482, 50.208001, 57.381006, 66.203584, 
39.649154, 44.158830, 48.853865, 56.188493, 65.476386, 
39.900761, 44.273043, 49.571348, 57.878091, 67.463980, 
40.057348, 44.837984, 50.156813, 57.531745, 66.493411, 
39.988554, 43.760312, 49.295625, 57.437606, 64.287871, 
39.393818, 44.258371, 48.631210, 56.879104, 65.996930, 
39.887163, 44.572159, 49.394380, 56.057635, 67.080893, 
40.202489, 44.523330, 49.932195, 57.392556, 67.034050, 
39.529480, 43.687695, 49.159744, 55.412917, 65.618171, 
40.140995, 44.983438, 49.605264, 57.932592, 69.246994, 
39.348191, 43.712081, 48.290187, 56.389757, 63.801569, 
37.555549, 41.528346, 45.471693, 51.782460, 58.715818, 
39.586206, 43.831266, 48.391167, 56.570190, 64.112848, 
39.904839, 44.523442, 49.907166, 56.597492, 64.084070, 
40.215105, 44.171620, 49.922995, 57.113647, 64.280804, 
40.128003, 44.982318, 49.773245, 56.951965, 64.143528, 
40.337049, 44.772626, 49.940116, 56.566005, 67.034050, 
39.261393, 43.803118, 49.964094, 58.573572, 67.721303, 
39.774239, 44.545977, 49.277067, 57.912583, 64.658690, 
39.267194, 43.608931, 48.706661, 55.860956, 65.906152, 
38.866442, 43.160779, 48.720821, 53.298167, 60.309886, 
39.238306, 43.493319, 48.255572, 55.551901, 65.893337, 
39.100670, 43.639178, 48.276299, 55.320204, 65.464777, 
39.608261, 44.168264, 49.404248, 57.392195, 66.132700, 
39.832463, 44.341999, 49.423186, 54.141476, 64.380810, 
39.853439, 44.310796, 48.745427, 56.314102, 67.121450, 
37.354119, 41.492562, 44.084610, 51.350324, 59.248657, 
39.127818, 42.947817, 48.613412, 54.751935, 65.132344, 
40.004208, 43.993158, 49.894673, 57.526523, 67.748679, 
40.036344, 44.854091, 50.021713, 58.892391, 67.678630, 
39.697632, 44.589620, 49.698542, 58.237314, 68.264620, 
39.658852, 44.466172, 49.478046, 57.745149, 67.131648, 
39.558759, 44.363556, 49.256921, 57.747110, 69.545044, 
39.324577, 43.588516, 49.053659, 56.435907, 66.977841, 
39.672033, 44.405358, 49.627580, 58.454259, 69.041437, 
40.042234, 43.941584, 49.923771, 60.017146, 67.101124, 
39.874343, 44.714260, 50.282449, 58.354343, 64.718807, 
39.599397, 44.326646, 49.664257, 57.748679, 67.560577, 
39.448400, 44.606904, 49.967690, 58.746809, 69.550981, 
40.394796, 45.314870, 49.549318, 54.377921, 65.999552, 
39.843628, 44.214040, 48.965755, 55.680834, 66.092325, 
39.032317, 43.960254, 48.499166, 53.637290, 61.665758, 
40.038836, 44.843708, 50.228854, 58.322438, 66.667272, 
39.219578, 43.086139, 48.802107, 56.495468, 65.269811, 
39.833611, 44.091060, 49.663831, 57.348326, 67.441991, 
39.558962, 44.613417, 49.904587, 58.404698, 68.277894, 
39.748367, 44.651858, 49.875169, 59.123573, 66.769391, 
39.859679, 44.515049, 49.617554, 57.166161, 65.642258, 
40.210628, 44.928374, 50.428594, 59.732355, 65.278688, 
40.020633, 45.066731, 50.416539, 56.206059, 68.269040, 
39.619582, 44.387608, 50.124286, 58.446420, 68.335890, 
40.016293, 44.720135, 49.556986, 58.309473, 68.671925, 
40.420355, 44.914645, 50.697818, 59.039852, 67.040711, 
40.249857, 44.911439, 50.497268, 56.065882, 62.519891, 
40.126022, 44.548511, 50.021051, 58.385576, 67.298171, 
39.452748, 43.528243, 48.686263, 55.985936, 65.460142, 
38.267948, 42.000924, 46.766041, 49.448991, 55.156898, 
38.921547, 44.149176, 48.704705, 55.641534, 64.217709, 
39.532911, 44.227447, 48.961292, 56.526150, 63.519997, 
39.893104, 43.554495, 49.275784, 57.629114, 65.045163, 
39.919824, 44.340656, 49.847093, 57.404500, 65.416355, 
39.694039, 44.747195, 49.840864, 58.580218, 66.337567, 
39.696588, 44.664953, 49.585577, 57.696037, 67.628733, 
39.628645, 44.623664, 49.527282, 56.923647, 67.004201, 
40.134229, 44.916259, 49.124381, 58.124639, 69.929407, 
39.878255, 44.566650, 49.757703, 58.645800, 65.341338, 
40.036390, 44.936086, 50.270022, 58.599264, 69.770307, 
40.166311, 44.656976, 48.495903, 59.565860, 73.860462, 
39.870178, 44.380829, 49.834835, 57.699138, 68.706025, 
39.858729, 43.293495, 49.433120, 56.585770, 66.800816, 
38.657024, 43.276944, 48.225301, 54.385510, 55.924672, 
37.599867, 40.855037, 44.975103, 51.451839, 51.968741, 
39.700810, 43.375614, 46.647407, 56.050730, 64.289640, 
39.710451, 44.372310, 49.311676, 57.551570, 64.552156, 
39.498572, 44.304277, 48.876136, 55.611690, 62.681759, 
39.711425, 44.468181, 49.145218, 54.519393, 64.245638, 
39.394546, 44.390034, 49.384534, 56.815032, 66.406142, 
39.072833, 43.727673, 48.459570, 53.517479, 66.264481, 
39.887766, 44.503215, 49.989455, 57.893071, 66.664214, 
39.871195, 43.293973, 49.817302, 57.926866, 67.463980, 
39.601398, 44.064223, 49.609959, 56.063220, 66.203584, 
39.929731, 44.772329, 49.912586, 57.172341, 69.820588, 
39.914608, 44.690526, 49.610019, 58.017734, 68.973290, 
39.260943, 44.369426, 48.647971, 56.105473, 63.781064, 
39.961704, 44.621067, 49.465504, 57.220013, 65.398050, 
39.540105, 44.429589, 48.553882, 56.845834, 66.173453, 
37.707804, 41.727638, 46.163474, 51.455430, 56.821365, 
39.609538, 43.271190, 46.875284, 55.988028, 61.051891, 
39.719688, 44.102550, 49.158170, 50.121778, 64.330519, 
40.043678, 44.711042, 48.194239, 57.539589, 66.481673, 
40.139682, 44.448833, 50.306845, 58.518421, 66.854766, 
39.886283, 43.976617, 48.893616, 56.967341, 56.882316, 
40.095757, 44.568593, 49.687002, 57.103828, 61.961800, 
40.324863, 45.097645, 50.473472, 59.536746, 67.598309, 
39.960313, 44.522733, 49.727465, 57.386055, 65.742438, 
40.472231, 45.611138, 50.776827, 59.820588, 66.242238, 
40.574831, 45.024351, 50.485538, 59.953457, 68.706025, 
40.198763, 44.910704, 50.135622, 59.748491, 66.493411, 
40.358762, 45.134771, 50.527217, 58.982141, 68.594971, 
39.290575, 43.658348, 48.818438, 55.275357, 63.375729, 
38.915204, 43.357664, 48.370158, 51.226679, 63.770064, 
39.847385, 44.574085, 49.060074, 55.010984, 65.839924, 
40.491082, 45.113441, 49.194522, 55.595172, 65.867820, 
40.019608, 44.532094, 49.591090, 56.677683, 67.855918, 
40.107262, 44.780244, 49.660052, 58.768586, 68.830047, 
39.683950, 44.197573, 49.519253, 57.184038, 65.028354, 
39.688774, 43.719040, 49.433582, 56.977841, 66.012684, 
39.917025, 44.292029, 49.374140, 54.778383, 65.654352, 
39.838496, 44.593811, 49.719428, 57.040044, 65.332332, 
40.433206, 45.005536, 50.283575, 58.989444, 67.788089, 
40.446000, 45.002158, 49.777687, 58.395582, 68.454259, 
40.620031, 44.501190, 49.948506, 58.435377, 67.060755, 
39.935180, 44.682656, 49.979214, 59.113355, 66.697964, 
39.886251, 44.223769, 49.615443, 57.880112, 64.440840, 
39.966951, 44.765830, 50.021977, 56.792623, 67.207180, 
39.324650, 43.920458, 47.284013, 48.478371, 61.192645, 
37.420548, 41.341953, 44.507937, 49.759198, 57.551570, 
39.460864, 43.777006, 48.287077, 56.454505, 65.577526, 
40.134780, 44.423637, 50.120830, 57.300648, 66.873968, 
39.713078, 44.788332, 49.851993, 56.774717, 63.236099, 
39.866420, 44.162161, 49.717329, 56.196992, 67.044045, 
40.090453, 44.765435, 50.073199, 56.829612, 70.343982, 
39.683350, 44.631868, 49.599373, 58.162017, 65.732562, 
39.854802, 44.857900, 49.472500, 57.343678, 70.358268, 
40.010583, 44.267355, 49.528877, 55.562560, 68.142644, 
39.779196, 43.944867, 49.561272, 56.572284, 65.049375, 
39.471648, 44.806407, 50.095703, 57.187829, 64.160667, 
40.552365, 45.253326, 50.477294, 59.688596, 69.659260, 
40.078998, 45.315273, 50.482739, 58.537668, 70.623794, 
39.722011, 44.363196, 48.895557, 56.842648, 65.316617, 
39.004694, 43.853785, 48.333376, 55.028774, 63.505205, 
37.521162, 40.820488, 46.019266, 48.246852, 57.565840, 
39.231020, 43.588020, 47.919759, 54.922701, 65.327837, 
39.791831, 44.373753, 49.563893, 58.155550, 65.787159, 
39.932546, 44.089354, 47.965830, 57.356562, 66.600503, 
40.055773, 44.782839, 49.271325, 57.863565, 69.073254, 
39.968023, 43.974050, 49.080285, 57.210644, 69.046724, 
39.528676, 43.654281, 49.128907, 55.084921, 65.809694, 
39.675645, 44.633303, 49.319499, 57.268565, 65.842452, 
39.769251, 44.759734, 49.801853, 58.154257, 67.298171, 
39.747186, 44.594798, 49.413505, 56.651702, 68.044950, 
39.468633, 44.123970, 47.467766, 55.911802, 65.432436, 
39.562064, 44.415344, 49.151933, 55.795158, 66.964720, 
39.842401, 44.439136, 49.233223, 56.969635, 67.376682, 
39.490350, 44.537934, 48.861817, 57.295343, 67.107889, 
39.096874, 43.365521, 48.014772, 54.291233, 63.528896, 
38.205360, 41.593921, 45.454333, 50.408715, 58.218039, 
39.610796, 44.309481, 47.701427, 56.621333, 65.409482, 
39.606907, 44.290100, 49.061136, 56.378296, 65.794658, 
39.475336, 44.007341, 49.067244, 56.456835, 66.670331, 
39.388682, 44.078320, 48.556811, 55.948192, 67.953516, 
39.688118, 44.420738, 48.566651, 57.694874, 65.847514, 
39.719675, 44.431819, 49.177043, 55.841188, 65.036750, 
39.557313, 44.382889, 48.565136, 57.586577, 66.516982, 
39.731835, 44.674608, 49.891459, 57.555696, 64.918610, 
39.997408, 45.070371, 50.321648, 51.861939, 69.671459, 
39.973369, 44.469674, 49.676226, 57.504215, 64.697380, 
39.843990, 44.990480, 50.120152, 58.396493, 69.659260, 
39.372321, 44.491246, 48.979640, 56.989024, 66.713392, 
39.870620, 44.597778, 49.457531, 57.328693, 67.431038, 
39.169626, 43.371474, 47.607262, 56.568695, 63.803150, 
38.621280, 42.227957, 46.004065, 52.191543, 62.057024, 
39.404328, 43.716667, 48.759070, 56.309030, 63.403048, 
40.325992, 43.811556, 49.548131, 58.152104, 65.199443, 
40.271670, 44.632002, 49.811936, 55.908205, 64.343038, 
39.907663, 44.615056, 49.045243, 57.411028, 67.179562, 
39.533390, 44.513820, 49.413850, 56.723604, 65.448577, 
39.646949, 43.997059, 48.231172, 56.182471, 58.110971, 
39.747478, 43.582304, 49.644787, 56.501646, 67.500879, 
40.088193, 44.600799, 49.206030, 57.202334, 67.057408, 
40.200322, 44.953922, 50.150534, 59.019303, 66.938597, 
39.920529, 44.836038, 50.003740, 58.990488, 66.505180, 
40.330511, 44.633342, 49.810548, 58.598787, 69.062622, 
38.941033, 44.049434, 48.650385, 55.374368, 64.451844, 
39.912515, 44.183843, 49.303812, 58.021910, 68.229419, 
39.731686, 44.290967, 48.236875, 55.957792, 62.406055, 
38.059717, 41.776505, 46.656794, 51.895651, 59.381448, 
39.959255, 43.995125, 49.858620, 55.021649, 65.117335, 
40.794408, 45.174885, 50.444985, 57.689839, 67.084258, 
40.582290, 44.918876, 49.938361, 58.859333, 64.273748, 
40.211306, 43.563211, 49.900078, 58.401049, 66.685661, 
39.839785, 44.505854, 49.635388, 57.846679, 66.655055, 
39.582285, 44.061771, 49.169636, 57.025074, 67.489776, 
39.860126, 44.745387, 49.262366, 55.427146, 70.474280, 
40.105952, 44.128417, 50.095635, 57.893071, 65.506716, 
39.009637, 42.534439, 48.702506, 55.302969, 61.050212, 
39.510098, 43.567343, 49.155511, 56.857641, 66.585470, 
40.112276, 44.950666, 49.678245, 50.252600, 62.870260, 
40.080555, 44.244325, 50.256513, 58.712388, 70.430412, 
39.883518, 44.392152, 48.959996, 55.296942, 65.712877, 
39.904078, 43.250099, 48.548974, 54.487616, 64.369985, 
37.245283, 41.664298, 45.832977, 49.902203, 57.928092, 
39.425610, 43.327849, 48.583450, 56.544248, 60.664293, 
39.671001, 44.622766, 49.151499, 56.110044, 65.630198, 
39.961873, 43.958811, 49.612068, 57.756925, 66.655055, 
39.682358, 44.640432, 49.322260, 56.997596, 66.738191, 
39.835831, 45.063030, 50.331094, 58.440435, 67.678630, 
39.770751, 44.348790, 48.988817, 56.344660, 67.193349, 
39.206282, 43.879269, 48.319797, 55.979666, 64.797629, 
39.548522, 44.102330, 48.792368, 53.482083, 65.177684, 
39.598051, 44.287960, 48.664701, 56.698888, 65.693281, 
38.983434, 43.629457, 48.345422, 55.139868, 63.430539, 
39.233604, 43.946730, 48.331895, 54.991187, 64.507286, 
39.584960, 44.142485, 49.082044, 57.119073, 63.773204, 
39.462796, 43.992497, 48.851336, 56.059230, 67.027399, 
39.580233, 44.028462, 47.829538, 55.347653, 65.289809, 
37.680599, 41.269445, 45.653214, 51.053402, 51.877950, 
39.497368, 43.175550, 48.559931, 53.780435, 64.612712, 
39.587764, 44.143220, 48.632941, 54.767310, 65.423240, 
38.623684, 43.281318, 47.271939, 53.198372, 60.526027, 
39.457187, 44.164240, 48.843656, 56.852850, 64.247390, 
39.276253, 44.084188, 49.569617, 55.060135, 60.829379, 
39.299818, 43.605907, 47.781917, 54.990771, 62.953991, 
39.441796, 43.842375, 48.724355, 53.837606, 65.001178, 
38.913383, 43.390373, 48.399864, 55.668424, 64.291410, 
39.814662, 44.429224, 48.516454, 57.086952, 66.170724, 
39.448115, 44.218614, 48.427527, 55.350362, 67.427393, 
39.124785, 43.653074, 48.646765, 55.764244, 63.581177, 
39.699421, 44.455187, 48.904149, 57.094032, 64.321600, 
40.162254, 44.917731, 48.075720, 55.273581, 66.484605, 
39.974404, 43.815503, 48.509671, 56.509897, 65.794658, 
38.948510, 43.378209, 47.456528, 50.182572, 59.875297, 
39.427751, 43.791257, 48.834377, 57.002549, 64.505427, 
39.406488, 44.190720, 49.205536, 57.530625, 67.409214, 
39.756793, 43.609067, 49.601055, 58.065579, 68.151243, 
40.286403, 44.706211, 50.032651, 58.117800, 65.166846, 
39.434525, 43.801632, 48.023791, 55.250125, 63.193284, 
39.486321, 44.087310, 49.303475, 56.597492, 64.823557, 
39.970594, 44.261111, 49.473550, 54.532655, 69.336543, 
40.502857, 45.360967, 50.554303, 59.034046, 70.723813, 
40.050091, 44.880258, 49.948116, 57.746326, 66.511077, 
39.739870, 44.184654, 49.069742, 56.640745, 58.119081, 
39.625229, 44.326289, 49.251262, 56.200562, 63.886179, 
39.070146, 43.727642, 48.446282, 55.541033, 62.669560, 
39.468901, 44.047476, 48.506727, 55.964811, 57.625681, 
39.638042, 43.843540, 48.984018, 56.246955, 64.369985, 
38.385921, 41.304524, 45.993603, 50.966449, 55.476851, 
39.420654, 44.274171, 48.907323, 55.988551, 64.614618, 
40.079669, 44.728034, 50.200612, 58.630874, 66.701045, 
40.019091, 44.438770, 49.951697, 57.084595, 67.475017, 
39.803282, 43.762662, 48.942970, 57.339391, 66.484605, 
40.083845, 44.481473, 49.490977, 57.870015, 66.314948, 
39.377005, 44.177753, 49.284715, 56.290482, 61.765510, 
39.384197, 44.012881, 49.763189, 55.933186, 62.889439, 
39.794884, 44.341695, 49.163709, 58.047050, 68.840124, 
39.928124, 44.813207, 50.133855, 57.875667, 58.349835, 
39.731668, 44.004309, 49.488575, 56.508422, 66.284037, 
40.226126, 44.507975, 50.113249, 58.171088, 69.110670, 
39.593903, 44.395142, 49.249488, 55.963511, 66.772523, 
39.058281, 43.249709, 48.367895, 53.684739, 63.631053, 
38.970665, 43.327324, 47.411500, 54.375214, 60.315550, 
38.090966, 41.972837, 46.651092, 51.623712, 58.239949, 
39.455159, 44.368021, 48.653621, 56.521120, 63.959336, 
39.977759, 44.633744, 50.076014, 58.024418, 66.334734, 
39.813280, 44.343844, 49.629455, 56.263087, 62.366112, 
39.233604, 44.756660, 50.101296, 58.774544, 65.263165, 
40.165237, 45.219601, 50.323209, 58.147801, 66.738191, 
39.710981, 44.744582, 50.128898, 58.781008, 65.952601, 
39.621169, 44.815842, 49.572243, 57.607414, 66.791364, 
40.469015, 44.844351, 50.165223, 58.927245, 68.519358, 
39.882793, 44.793375, 50.754274, 58.917478, 65.243289, 
39.792246, 44.539508, 48.776631, 55.815975, 68.533435, 
40.070707, 44.315509, 49.607190, 56.248621, 68.326917, 
40.321137, 45.180094, 49.942586, 56.770330, 69.110670, 
40.385383, 44.875174, 49.802294, 59.539115, 70.731603, 
39.758176, 44.568102, 48.004731, 55.866802, 66.314948, 
38.128851, 41.741291, 46.172853, 50.392243, 57.167190, 
38.838706, 43.386621, 47.206383, 54.814165, 61.491410, 
40.162787, 44.685775, 49.663404, 57.501250, 66.964720, 
39.686940, 45.166283, 50.521567, 58.041171, 65.632607, 
39.797694, 44.772309, 50.173306, 53.487521, 68.735469, 
39.617017, 44.562579, 49.292322, 57.987786, 63.410265, 
39.435138, 44.579869, 47.501101, 57.318377, 66.701045, 
39.723154, 43.455329, 47.343284, 56.634366, 67.982400, 
39.778639, 44.210078, 49.054189, 56.640745, 63.481642, 
40.214329, 45.140083, 49.691418, 59.171759, 70.252251, 
40.028850, 44.282146, 49.687186, 56.121896, 67.376682, 
39.484167, 43.987791, 49.261143, 56.359166, 64.179598, 
39.779653, 43.894360, 49.247770, 55.916945, 67.605895, 
39.185708, 43.702876, 49.096895, 55.552611, 66.861157, 
38.047424, 41.919796, 46.419265, 53.022026, 63.014238, 
