36.424451, 44.783057, 53.748770, 60.540179, 70.176118, 
45.070054, 50.842317, 55.773196, 61.748725, 70.343982, 
47.199256, 52.192088, 55.815220, 63.514074, 67.121450, 
46.889134, 52.442437, 58.902613, 63.982349, 73.908807, 
46.415656, 48.285213, 56.943483, 60.465471, 73.005016, 
48.134961, 52.877921, 57.061425, 64.070593, 71.875717, 
47.249778, 52.578425, 57.834257, 62.973545, 69.884268, 
46.071931, 51.958800, 57.294283, 59.382019, 72.939707, 
45.641872, 52.608832, 56.263366, 63.721678, 73.672291, 
46.980995, 51.566260, 57.030391, 60.654325, 75.136641, 
47.209535, 52.260398, 56.708140, 64.608902, 69.671459, 
47.518367, 51.632914, 54.836981, 62.498758, 72.235193, 
46.214951, 50.706259, 57.769522, 60.423870, 72.235193, 
44.515515, 50.833288, 53.420970, 63.468444, 74.073958, 
44.296988, 47.880314, 53.501367, 52.382273, 56.778480, 
43.110477, 49.777061, 50.473472, 55.738484, 69.170126, 
43.292679, 49.699648, 54.098943, 62.306317, 67.945298, 
43.005200, 49.792170, 53.092084, 59.792861, 71.404971, 
42.137266, 47.122842, 52.286865, 61.048535, 64.879933, 
42.044431, 47.931937, 51.741438, 60.572380, 66.851574, 
42.763780, 48.212623, 51.058527, 56.491354, 72.712408, 
43.703138, 50.022838, 51.099237, 63.048664, 68.770075, 
44.644538, 50.395561, 54.293888, 63.560189, 70.386982, 
43.340199, 50.019396, 48.944778, 64.326949, 70.786528, 
45.248448, 48.902306, 53.124428, 62.137105, 66.522895, 
45.812883, 49.948897, 55.285357, 64.229906, 70.189862, 
45.482063, 50.805917, 58.273022, 56.815348, 62.729666, 
43.731639, 48.094499, 55.276467, 59.719984, 58.446420, 
44.793097, 48.464841, 54.250194, 63.647806, 63.028769, 
42.449773, 48.979224, 53.725716, 60.468406, 69.671459, 
42.897867, 49.180206, 50.681447, 57.159990, 63.647806, 
43.010389, 49.218945, 55.155818, 59.576006, 68.295657, 
44.025864, 49.855879, 51.318702, 62.809447, 69.359222, 
42.717357, 48.423721, 54.405449, 61.105946, 69.370605, 
43.432586, 48.347313, 52.958806, 55.047269, 70.252251, 
42.972291, 47.528574, 53.954256, 59.782196, 66.573481, 
43.525379, 47.647204, 50.294066, 58.554165, 65.093853, 
44.466430, 46.404270, 55.101311, 61.485841, 71.543735, 
43.218328, 50.242835, 55.142450, 56.877177, 60.989389, 
43.226796, 51.028034, 51.871762, 60.830176, 73.138655, 
42.694483, 47.940416, 55.322672, 63.348581, 71.677375, 
42.871229, 49.623712, 55.181593, 61.247614, 67.617299, 
45.415645, 49.739547, 53.410121, 60.183672, 71.217862, 
44.998345, 50.910353, 55.226795, 61.342599, 73.071322, 
43.879365, 48.510045, 54.253526, 62.071860, 66.540681, 
44.321529, 48.474567, 54.341426, 59.846584, 70.616195, 
43.590022, 49.874529, 54.022585, 63.392963, 71.038482, 
45.628368, 46.452991, 53.892309, 59.580789, 70.963816, 
44.438734, 51.578467, 57.103828, 60.023103, 68.676780, 
45.438401, 51.561161, 55.147405, 66.880388, 65.661625, 
46.248565, 51.805263, 50.685920, 59.870818, 62.414088, 
44.650704, 48.500238, 55.308334, 61.579604, 73.125105, 
45.652294, 51.923057, 56.957847, 60.762904, 69.468592, 
46.118445, 51.578372, 51.271475, 52.627251, 72.358167, 
45.807962, 49.766497, 55.764244, 60.756626, 72.392319, 
45.776583, 47.135939, 55.267373, 58.858827, 71.947334, 
45.386307, 49.381334, 55.933703, 58.678724, 67.847883, 
44.599374, 50.733397, 56.423745, 58.473686, 61.654171, 
44.948875, 47.853144, 54.285573, 61.687080, 71.677375, 
44.462268, 48.147930, 56.274527, 58.022746, 66.289641, 
44.297785, 47.714369, 54.547272, 61.601459, 69.955413, 
44.079500, 50.094827, 56.189314, 63.048664, 65.450887, 
44.396701, 48.532120, 51.383084, 54.325522, 64.094205, 
44.831987, 49.861427, 53.383045, 61.736915, 71.775414, 
43.630247, 50.204684, 56.097687, 62.959197, 68.968092, 
43.990928, 50.031988, 51.408888, 61.083059, 71.088981, 
44.060126, 49.490332, 56.081889, 52.148111, 67.512010, 
43.466467, 46.345285, 51.205931, 59.709496, 69.274781, 
44.067062, 48.233715, 50.338708, 61.067868, 68.032368, 
43.300702, 47.098151, 50.189242, 60.709050, 71.097456, 
44.137921, 47.919147, 54.211624, 60.960527, 62.217592, 
42.771443, 48.959892, 52.726703, 61.958696, 73.626495, 
42.379344, 46.341368, 53.554211, 51.343048, 71.235338, 
45.164638, 48.799707, 56.278161, 62.172814, 73.703092, 
43.663905, 47.905419, 55.083647, 62.418685, 70.963816, 
43.298307, 46.263449, 54.132424, 63.052654, 65.916431, 
44.211763, 49.832172, 53.950655, 60.218172, 64.614618, 
44.885064, 49.885808, 52.945026, 63.287760, 52.983879, 
45.390795, 48.966430, 54.583085, 59.708880, 70.858182, 
44.285715, 49.737748, 52.861465, 59.411836, 67.867998, 
44.045753, 50.066036, 55.506950, 63.323017, 67.141871, 
44.186122, 51.056930, 55.052959, 60.445715, 68.168495, 
45.068678, 47.943329, 55.803172, 56.884245, 70.415887, 
45.258740, 51.794394, 55.192904, 60.613159, 70.996842, 
45.513042, 49.391286, 52.703191, 59.200710, 66.591477, 
42.703817, 46.343042, 52.889952, 60.329032, 71.323792, 
42.159004, 48.897192, 55.482203, 58.816481, 71.165850, 
44.184792, 49.839658, 54.675478, 62.159795, 71.235338, 
43.774335, 50.741204, 54.563634, 50.895834, 70.027742, 
42.386700, 46.989551, 55.342014, 61.573921, 68.454259, 
44.354084, 49.514655, 55.963511, 61.368704, 69.659260, 
45.394946, 49.273833, 55.294712, 63.621942, 58.420240, 
44.876064, 51.179313, 52.572703, 60.039693, 63.499302, 
44.138536, 49.654390, 53.760813, 64.350207, 66.121896, 
44.640221, 50.128966, 55.535137, 63.703092, 69.116042, 
44.022552, 49.887606, 52.918240, 59.902268, 69.975020, 
44.534265, 48.250725, 54.977693, 57.025738, 70.692792, 
43.953945, 48.782700, 57.235672, 61.369607, 70.850162, 
45.725637, 49.133599, 56.419410, 61.469177, 69.665355, 
46.703327, 49.385907, 55.377321, 61.022612, 63.048664, 
45.000615, 50.230660, 54.997845, 56.809656, 70.489002, 
45.998949, 49.784766, 54.928231, 60.694338, 68.225038, 
44.548737, 50.836083, 55.798662, 55.202497, 67.337249, 
43.164000, 49.741533, 51.616059, 51.800672, 67.333682, 
44.284531, 46.747185, 50.295265, 60.107370, 62.686648, 
42.209695, 47.648891, 49.810107, 60.883947, 63.537814, 
43.492288, 48.416258, 54.689420, 63.459667, 67.165818, 
43.920036, 47.997247, 52.322595, 62.184782, 64.203812, 
44.395831, 49.205317, 54.321956, 52.031286, 70.141948, 
43.369513, 49.848492, 54.208150, 63.870088, 68.604516, 
44.597949, 49.371916, 52.796132, 60.671977, 70.669671, 
43.915781, 49.747683, 51.018778, 62.062317, 70.155584, 
43.788403, 49.739857, 53.284250, 63.276538, 58.719741, 
43.524889, 51.502383, 56.703820, 61.672531, 72.991875, 
45.089959, 51.554653, 55.566356, 63.411710, 58.803457, 
45.939390, 50.922231, 55.240205, 60.146035, 69.935894, 
45.654013, 50.326546, 55.436811, 62.029603, 69.382019, 
46.477982, 48.378767, 56.158466, 60.229965, 71.937031, 
43.379543, 50.031789, 59.308360, 59.319611, 73.844466, 
46.996441, 51.556444, 55.490358, 60.787318, 70.203649, 
46.854766, 50.458803, 56.714628, 62.499929, 70.474280, 
45.008520, 50.302251, 55.908462, 61.364192, 65.234484, 
45.085622, 50.040026, 54.409630, 57.572615, 66.997596, 
44.006910, 49.363373, 50.542642, 61.737898, 69.359222, 
45.898689, 50.179618, 54.530972, 62.448684, 72.009674, 
45.901277, 49.548962, 52.261285, 60.367579, 73.005016, 
45.460698, 49.842452, 53.919028, 60.341131, 69.376309, 
46.154768, 48.829494, 56.196444, 62.041183, 72.030655, 
45.234572, 47.644906, 54.947948, 58.875068, 61.617684, 
44.283294, 50.368010, 54.817759, 62.046457, 72.392319, 
45.264914, 50.344624, 54.502825, 62.448684, 67.449308, 
44.737026, 50.792613, 52.521893, 61.389521, 66.298060, 
44.565651, 47.916781, 55.044531, 61.012618, 71.279340, 
43.039289, 49.051381, 53.954584, 62.706261, 63.926669, 
44.440492, 48.085587, 53.894732, 61.326474, 66.303682, 
44.508923, 48.698891, 50.826907, 60.809488, 65.158195, 
43.118507, 50.151079, 53.456745, 60.836562, 71.377743, 
42.199702, 49.025510, 53.053053, 59.082844, 68.211924, 
42.008711, 46.181760, 50.089309, 60.290824, 64.195149, 
42.181286, 49.252648, 53.885696, 52.264280, 68.463499, 
43.461421, 48.743503, 52.985320, 58.490873, 66.685661, 
44.472755, 49.312576, 51.419107, 64.422561, 68.486686, 
44.604069, 50.390513, 55.260510, 68.376500, 73.892632, 
45.880355, 50.193304, 56.036953, 61.233588, 67.792050, 
45.117442, 50.740423, 55.954417, 51.428068, 67.674771, 
44.165822, 47.989237, 55.629234, 57.629114, 68.706025, 
43.602765, 47.574123, 52.987154, 61.289967, 65.735028, 
44.440821, 50.468772, 56.702278, 64.988692, 70.101296, 
42.858385, 47.742367, 54.723301, 59.381448, 71.988795, 
42.483010, 48.233321, 55.145465, 62.982700, 69.628911, 
44.557816, 48.501265, 56.774403, 57.676700, 64.610807, 
45.205926, 48.137277, 53.997869, 60.348977, 57.120771, 
44.953407, 49.485472, 53.433298, 58.804958, 71.978392, 
44.133960, 47.956848, 54.141818, 60.505254, 67.423751, 
42.647372, 47.737630, 54.080359, 57.865176, 69.089250, 
43.366179, 49.202794, 52.936985, 61.097456, 67.717406, 
43.530411, 48.897703, 55.613609, 63.548241, 68.528738, 
44.453625, 49.262366, 53.723541, 57.770704, 68.078682, 
44.593545, 50.622805, 56.325678, 59.837690, 69.302746, 
44.993391, 48.330415, 53.458206, 63.766926, 71.450735, 
44.299345, 48.549681, 54.798623, 60.361131, 74.497997, 
44.004408, 49.356721, 53.414168, 59.986827, 70.955598, 
42.984102, 47.342820, 53.991754, 60.675824, 70.148761, 
44.283806, 48.965340, 54.999928, 52.588338, 68.604516, 
45.083795, 48.829443, 54.378282, 61.668659, 68.696255, 
46.051977, 51.618544, 58.109266, 62.656180, 64.437178, 
44.630088, 50.365214, 55.351943, 65.059924, 62.456797, 
44.901183, 48.765560, 54.473198, 61.514692, 73.332941, 
45.486115, 51.818661, 56.740990, 59.911941, 62.766881, 
46.774717, 51.179486, 56.243902, 62.661041, 71.755628, 
47.513756, 51.115390, 57.432496, 64.373590, 69.562880, 
47.309681, 49.517189, 58.088004, 61.122977, 71.030122, 
46.910074, 52.126664, 58.627510, 63.754396, 67.248939, 
47.725555, 50.432959, 56.079751, 64.010459, 76.343241, 
47.422186, 51.697196, 56.204959, 63.879736, 71.726118, 
46.311340, 51.518522, 54.815563, 62.532857, 72.126341, 
46.343496, 48.732171, 55.035490, 61.997134, 68.681641, 
45.951070, 50.785344, 55.942753, 60.937574, 73.536327, 
44.958542, 50.752471, 55.380958, 59.571825, 65.683516, 
44.387391, 50.107775, 54.811970, 61.188312, 67.044045, 
45.065737, 50.951742, 52.899960, 61.072083, 63.643231, 
45.569063, 50.450609, 56.042511, 64.492432, 68.255793, 
46.768013, 49.664318, 56.156018, 63.180933, 71.088981, 
47.046114, 50.541448, 56.723604, 61.612906, 70.906617, 
45.355831, 51.067868, 57.476491, 64.629897, 60.879911, 
45.653819, 51.473152, 56.217350, 62.631958, 70.548394, 
44.274753, 51.744292, 54.797430, 64.546522, 71.896059, 
44.240825, 51.643866, 54.820957, 64.932947, 69.789094, 
43.498064, 48.179615, 54.668137, 59.040909, 68.282328, 
44.484728, 48.855029, 54.182186, 59.160341, 69.342201, 
44.750164, 50.053211, 53.897478, 63.431991, 69.671459, 
43.713893, 49.818060, 56.169088, 56.996276, 63.995554, 
46.874225, 52.097413, 56.776912, 62.337804, 68.326917, 
46.708974, 51.779878, 54.382979, 56.792623, 62.876643, 
44.622843, 52.653388, 57.394002, 61.146934, 71.978392, 
44.237835, 50.938310, 55.913087, 60.419514, 73.506682, 
44.612902, 51.515999, 56.708449, 64.567216, 69.968474, 
45.482272, 51.157585, 55.474759, 59.320175, 75.402619, 
46.596469, 49.986761, 57.043045, 63.347157, 63.838084, 
44.953262, 48.390531, 56.487245, 57.592628, 72.811964, 
44.490542, 51.938060, 54.129184, 64.013778, 73.860462, 
44.785436, 49.922218, 57.659371, 59.825648, 66.189862, 
43.207629, 49.354620, 56.583369, 62.097413, 69.280359, 
45.532593, 48.493900, 56.469090, 61.068711, 71.097456, 
44.057946, 50.359986, 50.938310, 63.993902, 68.458877, 
45.143311, 50.325622, 56.134052, 59.765311, 70.474280, 
45.664756, 50.751688, 49.311058, 60.061022, 71.658030, 
44.859170, 49.560021, 53.126323, 59.043022, 72.639211, 
43.993786, 49.346620, 54.683993, 59.320738, 66.971275, 
43.822678, 49.114214, 53.273737, 62.211010, 61.111048, 
43.771963, 49.960372, 54.971893, 60.412263, 64.674124, 
43.968559, 48.906197, 53.925043, 59.064215, 69.683693, 
44.561110, 48.844110, 54.508588, 63.182303, 62.610274, 
43.514888, 49.406891, 54.232175, 60.956419, 70.739407, 
42.835315, 48.568072, 49.759884, 58.534376, 72.235193, 
43.128678, 48.689965, 56.333034, 57.657449, 65.782167, 
43.846702, 47.623241, 50.608912, 56.749085, 72.461439, 
44.433025, 47.463944, 51.001901, 62.188052, 70.210559, 
43.388461, 49.063047, 53.970827, 56.752515, 58.643871, 
43.002240, 47.011346, 52.467830, 62.579141, 70.563369, 
43.651073, 48.627606, 57.942836, 61.653207, 60.392026, 
44.592199, 50.127745, 52.065495, 58.731532, 66.446649, 
44.184309, 50.011660, 53.315236, 57.148358, 72.567226, 
44.495492, 50.608685, 55.866294, 56.844878, 71.432372, 
43.248860, 49.841245, 55.371190, 62.832152, 72.104895, 
44.237922, 49.825838, 51.777398, 61.250249, 68.082916, 
43.123482, 48.165471, 55.891034, 59.251428, 67.224531, 
42.439894, 49.804435, 56.540087, 60.688158, 67.636372, 
44.417147, 48.158481, 55.388470, 60.696658, 64.240388, 
44.876712, 47.336821, 57.064440, 61.748725, 70.646672, 
44.236384, 51.050716, 53.923254, 58.718269, 71.377743, 
44.384841, 48.939666, 50.206964, 58.273022, 64.153803, 
44.222932, 50.277179, 55.063094, 60.123608, 69.020355, 
44.976553, 47.760700, 55.655321, 62.496416, 71.395876, 
44.709581, 50.530789, 53.107283, 59.601777, 65.710422, 
44.734556, 46.980798, 55.440268, 59.719367, 70.408643, 
42.749772, 48.099345, 55.572294, 63.483111, 67.489776, 
43.608265, 50.423870, 55.382551, 63.660031, 73.433443, 
43.977374, 49.545104, 50.370735, 52.184891, 68.015648, 
44.091703, 50.281535, 54.639281, 60.234135, 69.877858, 
45.029969, 47.631634, 55.374368, 50.682064, 67.064105, 
43.302688, 46.787998, 53.377593, 59.563476, 62.394606, 
43.439955, 48.980318, 55.160140, 61.344394, 69.527282, 
44.441957, 49.433640, 51.040239, 60.497859, 71.314866, 
45.450078, 50.052878, 57.602480, 65.265379, 70.365429, 
44.743325, 50.980628, 54.600913, 60.573131, 71.217862, 
45.107543, 50.200543, 53.813601, 59.188670, 71.572028, 
44.222096, 48.476098, 54.893126, 58.004814, 70.074405, 
43.860110, 49.285330, 53.309021, 60.530491, 70.922883, 
44.103313, 50.119136, 56.376293, 55.489892, 72.591089, 
43.151091, 49.719861, 54.510449, 63.776346, 67.636372, 
45.029990, 50.646672, 53.985152, 57.824665, 60.742533, 
44.222950, 50.684377, 53.241516, 59.618037, 67.401963, 
42.745419, 49.530769, 53.038440, 55.686687, 68.472759, 
44.467647, 49.468651, 53.985647, 60.987735, 70.578397, 
45.430894, 51.248317, 56.038805, 65.824783, 71.368704, 
46.572074, 48.194761, 55.005139, 61.638771, 65.216928, 
45.691277, 52.253308, 54.575710, 60.330454, 70.169263, 
43.774492, 46.731078, 51.300887, 52.032548, 65.400334, 
44.198577, 48.651979, 53.691978, 57.942426, 69.732975, 
43.669453, 46.817026, 52.479242, 58.545673, 68.528738, 
43.139687, 47.342070, 55.611690, 61.426878, 68.594971, 
43.396173, 47.273345, 54.715684, 59.171759, 66.206334, 
44.909541, 49.098019, 54.244938, 62.092077, 71.314866, 
45.201603, 50.133855, 50.281043, 64.268464, 68.845171, 
45.449940, 50.782424, 57.092345, 63.591709, 74.158950, 
45.286670, 49.792045, 52.330925, 65.263165, 66.735083, 
44.985078, 51.038147, 55.484298, 62.978774, 74.316257, 
44.729874, 48.473501, 56.019793, 59.790350, 75.009522, 
46.371776, 47.516136, 54.686706, 62.023300, 72.687872, 
45.166413, 50.715493, 53.938890, 62.328785, 72.041183, 
46.320874, 49.892616, 54.366742, 62.432505, 65.986459, 
45.144108, 51.413173, 57.410665, 60.538687, 70.094558, 
44.013977, 49.932066, 54.646189, 58.482968, 72.473067, 
43.771680, 49.849638, 55.849287, 63.138655, 71.562577, 
44.554430, 50.540179, 56.383736, 61.140076, 71.157241, 
44.283153, 50.460780, 54.671613, 59.750979, 72.147895, 
43.205299, 47.890720, 54.649263, 62.042237, 70.252251, 
43.489992, 49.540004, 55.376639, 60.924513, 64.472091, 
44.289003, 47.859297, 54.962175, 59.367757, 70.548394, 
43.594225, 48.619400, 54.303460, 60.591966, 70.608609, 
44.491320, 50.210490, 51.155092, 60.489002, 70.452291, 
43.812570, 51.232450, 55.276245, 57.019763, 65.705518, 
44.139083, 49.503241, 50.762747, 60.549889, 69.387737, 
43.099555, 47.851697, 55.573958, 59.578397, 74.461035, 
43.355780, 47.420912, 56.052588, 56.586070, 67.733015, 
44.767725, 48.887493, 53.182852, 56.789162, 68.381036, 
44.877664, 48.925702, 52.945415, 60.772338, 72.169555, 
44.020590, 48.186986, 53.442021, 61.509093, 69.745383, 
43.008570, 46.409051, 56.728565, 63.095442, 68.500658, 
43.822281, 48.173121, 54.051293, 61.551262, 68.264620, 
44.103550, 48.264929, 48.433035, 64.656764, 62.961802, 
43.931717, 50.442359, 53.662787, 58.286323, 72.324282, 
44.019226, 48.926062, 52.488463, 63.275137, 69.404937, 
44.525926, 49.296914, 53.284531, 57.617299, 71.097456, 
44.983853, 50.212980, 54.064038, 60.858182, 75.937062, 
43.214266, 49.927398, 55.814969, 61.181388, 68.999374, 
44.895586, 50.426195, 56.060027, 52.199079, 72.051737, 
44.094628, 45.973562, 50.718757, 62.020152, 71.191778, 
42.195899, 48.851336, 51.352572, 56.820414, 67.500879, 
