32.237836, 37.809926, 41.723354, 46.928321, 55.890778, 
34.241915, 39.411318, 42.633637, 47.443892, 59.452881, 
34.679636, 39.163964, 44.912317, 49.677816, 57.938736, 
34.745641, 39.482161, 42.746981, 51.233850, 56.347785, 
34.602759, 39.357624, 43.343186, 50.215679, 58.584972, 
35.413068, 40.145626, 43.110531, 45.461602, 58.954607, 
35.663697, 40.396759, 45.075181, 50.762040, 58.237314, 
34.559679, 39.165209, 44.137563, 49.644180, 56.917487, 
34.691985, 40.499581, 44.442104, 51.037310, 54.463612, 
35.396682, 39.644994, 44.760621, 50.432959, 58.689429, 
34.974568, 38.846075, 45.199443, 47.615510, 51.834413, 
34.019356, 39.186156, 45.049712, 48.926113, 54.842402, 
34.562393, 39.523921, 41.826650, 51.007547, 57.864370, 
33.949652, 38.410730, 43.264968, 48.260381, 56.699812, 
33.663044, 38.192123, 43.502415, 49.371688, 56.290482, 
34.024544, 38.354429, 42.126890, 49.051116, 55.760271, 
34.414732, 38.002838, 42.686722, 47.816926, 58.825520, 
33.724317, 38.353802, 41.833971, 50.017279, 56.549602, 
33.327343, 38.373849, 42.937983, 47.073196, 51.234901, 
33.662995, 37.725797, 42.985163, 48.476840, 55.004514, 
34.802328, 38.584553, 44.747824, 50.331023, 54.784524, 
34.810354, 39.745004, 42.867403, 49.569736, 59.505474, 
33.537020, 38.106521, 44.190408, 48.359307, 57.744758, 
34.335562, 37.876232, 42.503844, 48.172731, 54.984123, 
34.139685, 38.124331, 42.141018, 47.524138, 54.862136, 
33.730558, 38.169605, 41.628387, 48.591445, 57.582421, 
34.783386, 39.872187, 44.689653, 48.836443, 60.477956, 
35.610762, 40.124381, 45.685736, 50.207655, 60.591966, 
35.715082, 40.304286, 44.894773, 51.051219, 58.144362, 
35.417406, 40.565193, 45.446152, 48.454213, 55.091725, 
33.987702, 37.730603, 41.833850, 48.916760, 55.742932, 
33.934042, 38.549304, 43.505663, 48.449554, 55.484997, 
34.617145, 38.796825, 43.289530, 50.176324, 57.780969, 
34.324058, 39.339903, 43.996613, 47.870136, 59.346734, 
34.480927, 38.926720, 43.497238, 51.156553, 58.175414, 
34.049175, 38.234194, 43.664579, 49.265591, 58.819994, 
33.826884, 38.018198, 42.054453, 49.194084, 57.569979, 
34.237216, 38.486691, 43.616681, 48.706074, 58.322886, 
33.685399, 37.159778, 43.411913, 50.464298, 54.998053, 
35.198446, 39.682590, 44.439228, 48.651157, 60.542418, 
34.937339, 40.859355, 44.423273, 48.959166, 59.547418, 
35.007092, 40.737783, 45.370804, 50.071323, 55.263386, 
34.758589, 39.227947, 42.900192, 46.115777, 60.997671, 
35.214263, 39.977759, 45.272472, 50.414002, 60.208485, 
35.253505, 39.476826, 43.181481, 48.266476, 60.746443, 
34.749138, 39.411750, 43.270141, 49.756083, 53.221274, 
34.810340, 39.121377, 43.687679, 48.631787, 51.913118, 
34.025691, 38.123950, 42.147916, 49.106217, 55.721724, 
34.286599, 38.149978, 43.497120, 49.534852, 57.118395, 
34.063892, 39.405782, 43.832237, 50.938229, 54.654070, 
34.810067, 40.162685, 43.653869, 52.060410, 54.989524, 
34.477355, 39.000238, 43.484757, 50.107978, 51.669143, 
35.146008, 41.133519, 45.926270, 51.264418, 59.757204, 
35.422167, 39.546237, 43.997307, 49.642724, 59.322429, 
33.761231, 37.384922, 41.443904, 47.763613, 58.020657, 
34.451106, 38.877698, 43.819391, 49.819703, 52.242143, 
34.572501, 39.264757, 43.586846, 48.215068, 56.060027, 
33.452136, 37.867603, 42.078702, 50.844877, 56.424323, 
33.356268, 38.067449, 43.234989, 48.092800, 59.040380, 
34.195777, 37.771927, 42.534865, 47.816647, 51.328352, 
33.057257, 37.872860, 42.767230, 49.224177, 58.243905, 
33.588084, 38.074907, 42.942586, 51.520017, 52.169990, 
33.440575, 38.150912, 43.522235, 47.744170, 54.217013, 
34.107177, 39.225874, 44.742657, 50.037300, 55.781419, 
34.737245, 39.077982, 44.625957, 51.042835, 57.974128, 
34.847995, 39.754750, 44.090908, 48.890043, 57.390388, 
34.068960, 39.260504, 42.375779, 46.666568, 58.218476, 
33.849652, 38.372888, 42.714266, 49.554845, 57.870015, 
34.395445, 37.470625, 44.727310, 46.889263, 55.899483, 
34.415138, 38.550465, 44.039787, 51.235776, 60.885563, 
33.862748, 38.534921, 43.083820, 49.546468, 58.662231, 
34.280497, 37.772625, 42.918421, 49.939336, 53.873302, 
34.783928, 39.744085, 44.507435, 50.705949, 57.533985, 
34.929649, 39.087701, 45.436880, 48.507755, 54.976864, 
34.469623, 38.931843, 42.802747, 46.289276, 56.828342, 
34.728972, 39.314730, 43.681539, 46.660090, 51.863760, 
34.846738, 39.147708, 42.848218, 48.925033, 56.739746, 
34.260493, 37.944445, 44.141151, 48.153999, 59.765935, 
34.138237, 38.241210, 43.907997, 47.543142, 56.347785, 
33.502766, 38.229734, 43.429248, 47.988366, 59.017727, 
34.791413, 39.086302, 46.055349, 50.514367, 54.804993, 
35.181610, 39.873076, 43.803150, 48.984279, 59.310046, 
33.661960, 38.264788, 42.846962, 49.908392, 52.220008, 
33.753793, 38.273740, 43.739798, 48.946277, 54.123732, 
33.954651, 37.982438, 42.923183, 48.490501, 55.228331, 
34.043060, 38.891686, 42.464111, 49.736694, 56.227840, 
34.309767, 39.345085, 42.167330, 49.917109, 57.782155, 
34.524379, 38.453825, 43.630886, 48.811467, 57.354771, 
33.656473, 36.981916, 43.418972, 49.227098, 49.282704, 
33.109547, 37.807678, 42.812128, 49.359278, 55.028564, 
32.413180, 37.435634, 42.542879, 48.914296, 55.474062, 
33.244313, 37.451623, 43.288154, 50.955434, 52.216385, 
33.444091, 38.109556, 43.011298, 48.870291, 56.018212, 
34.132392, 38.680999, 42.915970, 49.114698, 55.744910, 
34.500850, 38.410282, 44.215413, 50.797043, 56.464126, 
33.789217, 38.211065, 42.672887, 48.477350, 54.358467, 
33.981085, 38.385013, 44.488578, 51.776604, 59.532011, 
35.024126, 40.410894, 44.296881, 49.674637, 58.991010, 
34.675429, 39.427492, 44.682521, 49.324176, 60.562619, 
34.191638, 39.570727, 43.357036, 48.288632, 51.093301, 
34.433515, 39.173529, 43.755460, 50.768562, 54.898007, 
33.737523, 38.507773, 42.015874, 47.925517, 59.445917, 
34.408281, 38.646755, 42.756479, 51.202975, 56.859239, 
34.892624, 38.584663, 44.128672, 50.827784, 55.649269, 
35.065324, 38.835193, 44.709308, 51.209585, 59.169582, 
34.152968, 37.837463, 43.538350, 50.958966, 51.232625, 
34.993838, 39.733991, 45.176621, 50.404953, 51.926341, 
35.471347, 41.208601, 45.294466, 50.419659, 61.766499, 
34.822175, 39.180894, 42.750194, 49.048681, 58.455182, 
34.008532, 39.336311, 41.633643, 47.568097, 51.236740, 
33.872958, 39.466232, 43.199473, 48.523717, 55.275579, 
34.630658, 39.468866, 42.536932, 49.627822, 53.182852, 
34.343444, 39.362685, 44.149262, 50.223371, 51.749414, 
34.122446, 38.568110, 43.298420, 49.146084, 59.132196, 
34.950928, 39.110192, 43.578217, 48.977193, 58.318857, 
33.987318, 38.909296, 41.932762, 49.261254, 56.401824, 
34.916878, 39.202788, 44.091517, 50.179138, 57.686358, 
35.117688, 40.422192, 44.733478, 50.384822, 60.110072, 
34.801335, 40.432238, 44.309392, 50.580656, 59.430865, 
35.712153, 40.919763, 46.410377, 51.218472, 57.644791, 
35.520251, 39.849370, 45.056841, 51.694470, 54.584410, 
35.111662, 39.513383, 45.014348, 50.418425, 60.120897, 
34.274691, 39.390204, 42.481610, 50.438713, 54.809776, 
33.884390, 38.889706, 43.788041, 50.126727, 54.924339, 
33.991511, 38.206018, 42.704062, 48.651930, 54.675284, 
34.059137, 37.774539, 43.649928, 46.715896, 55.035700, 
33.718325, 38.426729, 44.311169, 49.978362, 56.740057, 
34.834150, 39.661386, 45.998529, 51.341971, 58.924673, 
34.825822, 39.040703, 43.528585, 53.025727, 54.522191, 
34.943802, 39.637920, 44.458956, 50.437110, 57.829458, 
35.252562, 40.887098, 43.206994, 47.280982, 56.036159, 
35.033997, 39.286940, 44.726938, 50.821014, 58.692841, 
34.501522, 39.115536, 43.501957, 48.257777, 60.389864, 
33.914617, 38.845070, 44.474028, 46.482142, 52.324732, 
33.478747, 38.043316, 42.286608, 47.675928, 53.186418, 
32.725977, 37.898656, 42.595889, 47.560502, 54.417457, 
32.830309, 37.642906, 42.821870, 47.697587, 50.216856, 
32.647932, 37.658337, 42.298381, 47.354269, 55.482435, 
32.939977, 36.926422, 41.913435, 47.411355, 54.203118, 
32.922681, 37.103304, 40.683506, 47.843029, 57.876879, 
32.624039, 37.338363, 42.271388, 47.697199, 57.382087, 
33.407527, 37.324710, 43.283942, 49.566515, 55.584671, 
33.302753, 39.123067, 43.518471, 49.496958, 49.739051, 
34.083678, 38.850820, 43.521434, 51.634737, 54.821157, 
34.492236, 38.783437, 43.741825, 50.410091, 59.657433, 
35.196170, 39.852235, 44.487819, 50.228229, 59.517838, 
34.998168, 39.692209, 44.491506, 50.450244, 53.719816, 
35.672873, 39.803553, 44.984559, 50.678134, 57.523915, 
36.136300, 39.881357, 46.567888, 51.851130, 58.030274, 
36.016419, 39.319116, 45.920910, 53.857579, 60.339706, 
34.976690, 39.766547, 44.650589, 50.160367, 57.279116, 
34.936649, 39.269393, 44.313659, 49.684612, 58.150383, 
35.460277, 39.827269, 44.873271, 49.521731, 60.531980, 
34.229487, 39.141350, 43.346943, 50.195509, 54.897194, 
33.603219, 38.527818, 42.105729, 51.371866, 55.226356, 
33.916870, 38.024196, 40.919853, 45.938691, 57.385333, 
33.692069, 38.852899, 42.699607, 48.596116, 57.383169, 
33.634082, 37.698630, 43.023387, 50.012387, 57.294636, 
33.814400, 38.746454, 43.201345, 51.181215, 55.637189, 
34.422005, 38.278222, 43.364177, 51.343317, 58.530616, 
34.754531, 39.798650, 43.895733, 48.931416, 59.245887, 
34.655817, 39.259765, 44.528242, 47.268249, 58.933941, 
35.265357, 39.321364, 43.156348, 50.027013, 58.782003, 
34.931439, 38.414949, 42.160000, 48.533576, 58.935487, 
34.199156, 39.034643, 43.294775, 50.893568, 55.733055, 
33.985102, 38.262707, 42.078500, 49.650558, 58.321542, 
33.977544, 38.206703, 44.662852, 47.563095, 57.456271, 
33.778722, 38.781744, 44.153135, 50.191651, 54.853063, 
33.928592, 38.159485, 42.824356, 49.365764, 55.946120, 
34.055551, 38.554302, 42.928352, 46.951247, 56.740368, 
34.514840, 38.025789, 42.514187, 47.293647, 57.813500, 
34.516777, 38.303259, 43.123657, 50.105547, 57.373442, 
34.292332, 38.862846, 42.576899, 47.502473, 53.797460, 
34.139391, 37.711898, 42.209794, 48.238280, 55.010775, 
34.051073, 37.840567, 43.128475, 49.951697, 56.348353, 
33.264230, 37.087737, 42.576863, 49.563476, 55.492225, 
33.606809, 37.391280, 41.567111, 46.860454, 51.610996, 
33.386639, 38.315763, 41.302817, 48.433310, 56.900673, 
33.039157, 37.728303, 41.664008, 47.518256, 53.374296, 
33.225575, 36.720749, 40.996975, 45.896332, 54.479292, 
33.214877, 37.247397, 42.110514, 45.631041, 50.616119, 
33.431346, 37.176551, 42.347363, 48.253765, 54.266176, 
33.498799, 37.171276, 42.681014, 48.912449, 54.791866, 
33.861722, 37.518501, 42.548799, 48.188028, 57.771493, 
34.225090, 38.255480, 43.109466, 47.930546, 55.661867, 
34.642895, 39.073456, 43.228666, 50.609064, 51.068542, 
34.998928, 38.428908, 44.318091, 48.877713, 55.292705, 
34.601799, 39.164606, 44.045937, 48.806109, 59.852948, 
35.149877, 39.343549, 44.864438, 49.001206, 56.743790, 
35.506096, 39.260849, 42.690735, 51.724648, 58.110118, 
35.348075, 39.293290, 43.843333, 50.352477, 55.465241, 
35.462953, 40.175974, 42.487774, 47.644676, 58.626069, 
34.925852, 39.425004, 43.303295, 48.775090, 55.808188, 
34.814620, 38.740495, 42.894017, 49.945447, 55.120975, 
34.751034, 38.846464, 42.499355, 48.827331, 53.543621, 
34.036171, 37.440850, 41.729492, 48.211182, 53.840955, 
33.547096, 37.769135, 42.580693, 48.066677, 53.802359, 
33.582678, 37.642738, 42.676680, 47.815372, 54.805391, 
33.776997, 38.029496, 42.560830, 48.839115, 55.113911, 
33.776486, 37.691109, 42.872952, 47.228496, 50.211112, 
34.456141, 38.632412, 43.227516, 49.124758, 58.703581, 
34.426315, 38.234255, 42.060093, 47.693208, 53.973458, 
33.641153, 38.148352, 43.150315, 46.432631, 55.243950, 
33.482766, 37.748216, 41.837439, 46.967439, 53.366136, 
33.587245, 37.479377, 42.514963, 46.476343, 56.300027, 
32.953510, 37.534687, 41.322408, 47.206972, 56.344376, 
32.883340, 36.886560, 40.295215, 45.432367, 54.463980, 
33.047017, 36.721207, 42.805788, 46.684617, 56.466753, 
32.233008, 36.464135, 40.558182, 45.979614, 51.671756, 
32.365964, 36.501004, 41.280738, 47.711762, 54.635257, 
31.589819, 35.377357, 40.212426, 44.113629, 53.314671, 
31.401916, 35.088113, 39.261977, 45.961170, 53.590353, 
31.460834, 34.943383, 40.068632, 46.271678, 54.034246, 
31.620309, 35.501732, 39.880972, 45.570108, 52.301726, 
31.541422, 35.782572, 40.613561, 45.275823, 52.706507, 
31.483589, 35.955512, 39.432461, 43.522917, 50.709516, 
31.226797, 34.991307, 40.050211, 45.248360, 53.890534, 
30.577034, 34.543197, 39.137238, 45.537495, 51.569569, 
31.132619, 35.551360, 40.228465, 45.872529, 52.754814, 
31.425608, 35.453285, 40.324699, 46.564690, 53.856778, 
31.568918, 35.498069, 39.239340, 46.711538, 53.046670, 
30.765067, 35.308911, 39.709145, 43.572679, 50.932998, 
30.929841, 34.896856, 40.004452, 43.757525, 52.250873, 
31.305288, 34.897609, 39.620644, 46.261248, 48.925702, 
31.981021, 36.337930, 41.752155, 46.254068, 53.242489, 
32.710543, 36.414478, 41.848295, 46.584840, 54.709834, 
32.651976, 37.718602, 42.099283, 47.178013, 56.356887, 
32.342977, 37.009063, 41.524863, 46.537385, 52.891490, 
31.542520, 35.507952, 39.610857, 47.507035, 56.511077, 
31.264508, 35.550780, 39.700927, 43.210939, 52.451580, 
30.879557, 35.193611, 39.706422, 46.731357, 55.584195, 
29.954263, 34.748357, 39.082759, 44.332145, 53.550330, 
29.384394, 33.318592, 37.190277, 43.598930, 52.225724, 
28.716363, 32.736666, 37.515835, 43.212292, 49.825585, 
28.831540, 32.996726, 37.217731, 43.159702, 51.615485, 
29.337798, 33.476192, 38.799418, 43.124063, 50.438931, 
29.310375, 33.887253, 38.426958, 44.932844, 49.505063, 
29.101259, 33.442286, 37.576094, 44.697419, 52.164455, 
30.226895, 34.261507, 39.859972, 44.947392, 49.792673, 
31.325785, 35.198910, 39.930879, 45.502691, 53.917729, 
30.043575, 33.910430, 38.898000, 44.269203, 49.312632, 
29.854148, 33.638658, 38.530461, 43.667245, 51.908412, 
29.745085, 34.031208, 38.588083, 44.377343, 51.749414, 
29.676270, 33.535593, 38.254523, 43.668916, 49.934531, 
29.003156, 33.339547, 37.300719, 42.613640, 50.582463, 
28.653558, 33.714460, 37.457830, 43.883359, 50.472958, 
28.603011, 33.259212, 37.532349, 44.140194, 50.891706, 
29.352450, 33.457404, 38.109965, 43.895459, 53.021498, 
29.974831, 33.948349, 38.638273, 45.744069, 51.514972, 
30.224963, 34.524923, 37.973413, 42.870604, 52.124944, 
30.133417, 34.323013, 38.679939, 44.008651, 51.005055, 
29.661902, 34.446426, 38.660798, 44.157783, 51.585105, 
30.690338, 35.130432, 39.983793, 46.490268, 53.807897, 
30.456964, 34.569921, 40.072335, 43.552315, 51.785838, 
28.578127, 32.701134, 37.429116, 43.146167, 51.458194, 
27.974937, 32.146084, 37.170307, 42.115219, 46.123731, 
28.325766, 32.067504, 36.275352, 43.780435, 47.983642, 
28.845240, 32.997770, 37.775020, 42.744886, 50.838559, 
29.316977, 33.469891, 38.932848, 45.803799, 53.228888, 
29.963280, 34.245647, 38.978505, 44.067432, 51.861029, 
28.908977, 33.314056, 37.824030, 43.784354, 51.420477, 
27.832842, 32.340095, 36.194460, 43.289334, 49.972204, 
29.174044, 32.947608, 38.298230, 43.852505, 50.055947, 
29.238207, 33.680189, 38.276100, 43.277631, 54.229208, 
29.783745, 34.325606, 39.173050, 43.906118, 53.730068, 
29.538496, 33.533756, 38.233452, 43.646784, 49.184463, 
30.252490, 33.632613, 39.003180, 45.242892, 51.753951, 
30.269555, 34.369777, 39.259182, 43.987346, 49.518840, 
30.419056, 34.216900, 39.330784, 45.762779, 52.467249, 
32.473938, 36.887403, 41.700996, 49.676410, 50.850883, 
32.730657, 37.425768, 41.099746, 47.118225, 56.132429, 
30.845754, 35.152583, 39.719045, 45.574814, 49.363373, 
30.908313, 36.271558, 40.319158, 46.020530, 55.545046, 
32.161563, 37.104282, 42.479592, 48.852600, 57.277004, 
32.768893, 37.612437, 42.856998, 48.353396, 55.896921, 
33.059466, 37.585012, 43.137285, 48.782252, 52.091224, 
33.265168, 38.180117, 43.290289, 49.482021, 55.828059, 
32.081946, 37.277679, 42.366976, 48.058664, 54.575332, 
31.265841, 36.467206, 40.557628, 45.710472, 53.724162, 
31.290461, 35.761304, 40.863950, 46.840292, 52.104895, 
32.206365, 36.820414, 41.697060, 47.270568, 54.233747, 
32.153815, 36.354578, 41.111448, 46.015184, 54.472275, 
29.559325, 33.656918, 38.042401, 43.263250, 52.348653, 
31.132604, 35.674873, 40.037274, 47.797521, 53.032344, 
31.571624, 35.741669, 39.745837, 46.600984, 54.590852, 
29.508459, 33.319889, 36.979585, 44.001096, 48.851892, 
28.812605, 33.204636, 38.029516, 44.912235, 50.806552, 
29.643553, 33.568985, 39.298685, 44.763935, 51.540822, 
30.660177, 34.715177, 39.733737, 44.854675, 51.412900, 
29.477982, 33.292446, 38.370190, 42.860727, 52.000370, 
29.119513, 33.655564, 37.872860, 43.872675, 48.447710, 
29.660447, 34.203507, 39.743625, 41.798957, 52.555819, 
29.608877, 33.554653, 38.948820, 42.795981, 49.919760, 
29.146974, 32.971950, 37.870769, 43.246230, 51.919878, 
29.487827, 33.856565, 38.967131, 44.651224, 54.506914, 
29.687995, 34.108353, 38.910537, 43.718730, 52.333969, 
29.370765, 34.070650, 37.988022, 43.712375, 46.862469, 
29.767186, 33.532846, 40.133787, 45.644288, 50.675593, 
31.724561, 35.941115, 41.034224, 45.059797, 53.833941, 
30.301657, 34.977564, 39.555338, 46.507538, 52.623512, 
