38.131451, 48.172731, 51.820364, 68.353892, 67.560577, 
47.340105, 50.450244, 56.345228, 69.683693, 75.334582, 
50.018006, 52.930642, 64.318037, 70.898507, 73.220859, 
47.068430, 55.632848, 59.818692, 71.687080, 53.032079, 
49.443540, 52.741664, 67.231491, 71.590993, 78.104153, 
47.661177, 53.274297, 59.585577, 72.279509, 62.047512, 
46.138680, 52.040761, 58.028182, 67.010817, 93.418943, 
48.030232, 56.313820, 61.289081, 62.236295, 64.871835, 
50.136506, 55.610731, 65.777181, 69.497838, 88.190155, 
51.884148, 51.622180, 66.162548, 63.938075, 88.647730, 
52.408808, 60.562619, 68.519358, 75.357143, 82.508138, 
50.284489, 55.937838, 65.104511, 72.991875, 87.050722, 
44.324809, 50.079435, 54.756266, 68.845171, 67.221055, 
47.480915, 53.715009, 58.828538, 63.740344, 84.040422, 
45.874516, 52.364863, 54.119647, 64.070593, 69.422205, 
39.127893, 43.155026, 47.900419, 49.809476, 64.481325, 
41.791308, 46.469207, 53.484286, 60.966284, 69.695961, 
44.072275, 49.596130, 56.669413, 57.813500, 75.245493, 
45.358659, 51.800872, 50.058951, 64.803598, 67.776228, 
44.049819, 51.122892, 55.554741, 61.665758, 73.234712, 
44.387518, 49.061507, 57.320154, 58.205818, 71.524975, 
46.733841, 52.089945, 57.811908, 64.570989, 64.738379, 
45.755260, 49.944081, 54.396012, 57.225922, 75.565644, 
45.859788, 51.058779, 51.427701, 56.602611, 78.277894, 
43.891970, 48.160637, 53.373866, 61.289081, 67.788089, 
43.979943, 49.683080, 56.285437, 59.762815, 75.962990, 
43.226976, 49.886835, 56.805233, 64.200344, 69.159255, 
43.777022, 45.504001, 52.099443, 59.721220, 58.985791, 
43.895459, 47.507257, 55.541269, 59.926167, 70.834166, 
43.388217, 46.601979, 50.752785, 59.733595, 60.681216, 
38.677693, 43.133162, 49.518369, 57.236718, 52.844437, 
42.070480, 49.132412, 49.876513, 60.200198, 71.226591, 
43.232548, 51.183897, 49.964682, 58.605472, 80.481635, 
43.082976, 50.021051, 54.785516, 61.665758, 68.642907, 
43.985036, 49.160504, 53.426332, 64.377199, 67.697975, 
42.533743, 50.834965, 57.201988, 59.727403, 81.658030, 
44.357766, 51.920596, 54.395650, 66.165272, 74.334092, 
42.776997, 46.773118, 54.292649, 62.687872, 72.246230, 
42.964122, 47.620154, 50.110275, 61.037645, 67.224531, 
41.150152, 46.252094, 52.754938, 55.392117, 68.937034, 
42.639320, 45.012822, 51.217164, 57.805941, 71.021778, 
41.802757, 45.449986, 47.971030, 62.681759, 70.922883, 
41.977364, 50.515851, 54.080865, 61.556916, 71.341702, 
42.829940, 50.048612, 54.826158, 62.248440, 62.335548, 
42.422608, 45.289141, 48.916862, 59.692277, 64.941160, 
37.753711, 42.226637, 45.120418, 53.302674, 61.855471, 
39.869194, 44.623167, 51.837832, 63.088728, 70.343982, 
43.816043, 48.735715, 56.864997, 56.523190, 52.923274, 
43.354610, 48.184600, 53.601058, 56.927542, 69.871457, 
43.498137, 49.160395, 58.083764, 55.630921, 70.692792, 
42.985477, 47.930382, 56.731357, 56.984416, 77.017442, 
43.405067, 48.301713, 51.734950, 60.658923, 82.392319, 
43.528525, 48.541103, 53.261434, 56.816614, 78.794963, 
43.609460, 47.878778, 55.876989, 61.216990, 75.115195, 
44.781987, 52.275947, 58.653041, 52.448569, 70.842157, 
45.774865, 48.535927, 52.610274, 61.445218, 70.081112, 
43.794602, 51.364282, 56.039334, 55.811452, 75.685955, 
45.531392, 49.275338, 54.465454, 68.647730, 69.427977, 
44.049166, 49.508179, 56.616494, 64.555916, 74.805590, 
42.617057, 47.159476, 48.985322, 56.384309, 67.463980, 
40.019025, 46.838447, 50.480531, 58.417035, 65.661625, 
44.091584, 48.965807, 55.107927, 66.303682, 65.903586, 
43.866412, 49.832172, 55.638878, 56.908748, 70.496382, 
43.705844, 49.061189, 53.232908, 57.220360, 61.670594, 
43.429480, 50.247576, 57.878091, 58.016482, 69.451139, 
44.055330, 51.857087, 48.931622, 63.891018, 70.939210, 
43.309289, 46.509160, 56.282357, 60.979472, 64.793654, 
45.814416, 51.258076, 57.151092, 58.127635, 73.876517, 
45.108952, 49.249377, 57.086278, 67.823866, 68.715818, 
43.755788, 50.362850, 53.062644, 63.079347, 58.265504, 
44.082164, 52.470739, 56.229776, 63.566175, 70.931039, 
47.106332, 50.922720, 53.764417, 70.365429, 76.636795, 
43.593999, 47.773150, 54.402725, 63.227780, 69.230408, 
42.948752, 51.728471, 53.717644, 58.114811, 52.980475, 
40.788692, 46.549037, 48.639294, 62.015958, 69.491973, 
39.157904, 44.513782, 49.619847, 53.208015, 56.744413, 
41.973605, 47.630221, 50.320442, 50.949609, 67.945298, 
42.440634, 44.611931, 50.414220, 58.633759, 68.463499, 
42.995459, 49.969979, 52.590371, 61.419563, 68.220663, 
43.005977, 48.781257, 51.548250, 57.280524, 71.244103, 
42.086354, 47.007938, 55.634054, 58.142644, 65.024162, 
45.636537, 48.845070, 57.785714, 65.175514, 78.367443, 
42.846365, 47.173406, 53.981195, 61.455338, 62.150056, 
45.106026, 50.920032, 56.180556, 61.417737, 79.497838, 
45.252156, 49.343561, 56.369149, 64.949389, 61.419563, 
44.980513, 54.095051, 57.619202, 68.229419, 75.661625, 
45.365724, 48.741333, 61.563521, 63.413156, 71.947334, 
44.332752, 50.566896, 54.946096, 63.684585, 60.139907, 
42.556816, 46.352760, 52.437237, 57.524287, 68.331402, 
40.835555, 43.518145, 53.134450, 57.966696, 71.097456, 
37.980302, 43.042235, 49.512064, 55.865022, 65.613369, 
41.020336, 46.853744, 50.945840, 58.545202, 66.719578, 
42.331275, 49.386021, 49.239136, 52.628337, 70.101296, 
40.740735, 44.376531, 49.469642, 56.327940, 68.571200, 
42.122205, 48.404059, 55.510229, 54.618051, 68.331402, 
43.351787, 48.230646, 51.982654, 59.021406, 62.613880, 
41.887484, 45.486302, 52.351256, 62.991875, 66.576475, 
44.825998, 48.622326, 56.148684, 55.808690, 70.074405, 
44.026230, 50.166113, 49.881062, 55.102591, 64.668330, 
43.301815, 46.148657, 51.878255, 61.098304, 64.707106, 
43.763837, 49.024984, 56.941854, 62.445212, 72.663473, 
46.349547, 46.574319, 55.112414, 60.346122, 78.019822, 
42.014250, 47.133487, 50.883382, 55.965071, 80.061022, 
44.493489, 49.361268, 53.577121, 61.335425, 68.614082, 
42.135392, 48.376455, 54.157405, 61.178794, 62.814483, 
38.372748, 43.182879, 49.180097, 56.786646, 63.194659, 
40.075189, 44.667886, 51.425414, 58.278781, 65.057812, 
41.091065, 48.302069, 52.027396, 63.133230, 70.231355, 
43.409182, 49.856835, 50.663372, 61.061975, 69.677572, 
44.691710, 49.812756, 56.996606, 59.986170, 66.092325, 
43.298800, 47.297252, 53.981525, 62.027501, 64.821557, 
43.154931, 47.932551, 56.538306, 66.113811, 64.525926, 
44.559604, 49.322372, 48.978182, 69.474426, 62.018054, 
43.501854, 50.451852, 55.249904, 62.482391, 70.518596, 
45.640882, 49.853904, 58.233365, 50.496530, 75.093853, 
46.798451, 52.042343, 57.683651, 60.720701, 69.916462, 
45.042679, 48.456890, 58.081222, 66.508128, 76.041717, 
44.988671, 49.128368, 58.870494, 61.548438, 71.785341, 
41.980928, 46.980634, 51.319148, 63.967541, 69.110670, 
41.241489, 44.670685, 51.307381, 56.046486, 67.269970, 
41.539582, 47.427793, 55.529015, 63.048664, 61.965942, 
44.135923, 51.026782, 57.655529, 63.942972, 64.475782, 
43.053758, 49.400287, 48.314386, 61.203062, 73.491935, 
44.219746, 49.601176, 53.597286, 63.413156, 69.046724, 
43.541937, 52.674679, 54.076652, 57.971236, 68.571200, 
44.424331, 49.709928, 55.904612, 62.468412, 74.406176, 
43.314007, 46.969996, 55.230967, 61.316649, 61.962835, 
43.504718, 48.367940, 54.443771, 66.639833, 70.503774, 
44.628558, 49.635024, 57.728326, 64.612712, 75.115195, 
44.303088, 49.186866, 53.446390, 64.087445, 68.830047, 
44.580058, 49.622262, 56.851574, 69.695961, 75.030452, 
44.755065, 48.988296, 49.949808, 64.461035, 73.551225, 
44.688005, 47.480398, 54.973964, 66.707214, 73.138655, 
45.640882, 50.515925, 49.413160, 58.592112, 68.449646, 
41.608171, 47.531558, 49.314601, 55.468025, 68.580693, 
37.915933, 43.771743, 46.903223, 53.961303, 60.247366, 
41.396639, 47.983311, 49.833123, 62.648899, 64.877907, 
43.207560, 47.886425, 56.699196, 61.992962, 67.500879, 
43.119223, 47.565764, 51.790412, 62.875366, 70.245275, 
43.593140, 48.906811, 55.135137, 61.087289, 65.361669, 
45.948763, 50.241303, 56.504591, 56.538306, 70.874267, 
45.405226, 46.903223, 53.922928, 51.340804, 70.677364, 
44.137409, 48.238324, 54.287341, 57.984471, 68.994145, 
45.396749, 49.254146, 54.529663, 64.446338, 81.377743, 
43.211077, 47.963521, 53.999524, 61.717304, 70.259239, 
43.696158, 50.211596, 56.595686, 59.910650, 68.104153, 
44.779828, 53.725871, 54.285220, 67.717406, 77.978262, 
44.406267, 51.137335, 51.318434, 59.501948, 74.988692, 
43.094300, 49.871202, 50.937656, 61.067868, 70.858182, 
41.791686, 45.466633, 50.893487, 55.892057, 69.062622, 
38.428605, 43.600183, 46.072838, 53.953437, 62.810706, 
40.000906, 45.508402, 51.194206, 53.570670, 70.747225, 
42.460615, 47.829178, 55.510464, 56.850936, 58.886779, 
43.901618, 48.533247, 54.446522, 63.233324, 65.509058, 
43.892729, 52.228364, 53.434605, 63.110248, 73.031417, 
43.674363, 49.194631, 56.043306, 64.582328, 69.641025, 
42.118394, 49.705000, 50.837520, 59.658651, 70.762904, 
42.427871, 50.706414, 55.617690, 60.324060, 76.095005, 
45.190160, 48.885606, 56.615285, 64.235144, 57.186105, 
45.373301, 50.400182, 53.367853, 59.384306, 73.084705, 
43.415990, 47.599825, 53.687202, 62.228584, 52.904973, 
44.708723, 51.038398, 53.023215, 58.592112, 69.297138, 
45.107777, 49.335412, 54.773436, 63.752833, 70.308471, 
44.284283, 47.989942, 55.056757, 60.217480, 62.957895, 
40.539702, 45.072934, 52.770496, 56.246122, 68.686507, 
38.916031, 44.205495, 46.247010, 51.669627, 62.575563, 
41.626662, 49.086953, 51.336411, 59.520197, 69.094595, 
42.875890, 45.601054, 55.596606, 59.967820, 69.550981, 
42.857736, 48.259057, 53.406511, 60.205721, 68.552277, 
44.223263, 45.993655, 53.258085, 60.389864, 62.285081, 
44.574161, 52.120433, 50.750748, 60.275354, 73.234712, 
45.394056, 47.619126, 54.741911, 63.153610, 67.365892, 
42.972970, 50.868148, 52.332616, 66.432139, 62.961802, 
44.779650, 49.376708, 58.459339, 60.013840, 69.137595, 
45.162172, 51.783453, 60.110748, 66.600503, 67.663216, 
44.710263, 48.940491, 55.456438, 60.259939, 68.931879, 
43.860911, 51.465574, 59.357517, 49.392604, 69.067935, 
43.611820, 47.393749, 53.251812, 60.839758, 68.449646, 
43.508189, 46.608008, 49.440759, 66.561525, 60.867022, 
41.983892, 50.070787, 50.265888, 62.981391, 52.426742, 
40.288402, 43.819693, 50.192753, 49.849065, 66.206334, 
41.877869, 47.217443, 56.229223, 58.789974, 66.744413, 
44.209939, 50.046480, 58.136634, 60.011198, 72.213203, 
43.753396, 48.993100, 50.645219, 68.112677, 72.567226, 
42.348336, 48.337867, 54.000517, 64.647149, 70.108045, 
43.509415, 49.823370, 50.803776, 61.184849, 71.114453, 
43.111367, 48.368891, 55.961690, 62.908704, 69.486116, 
43.495146, 49.228311, 55.516560, 58.912860, 67.613494, 
42.632478, 48.512991, 53.930088, 59.169582, 68.706025, 
42.955721, 52.409611, 56.361731, 61.471025, 63.108900, 
45.810899, 48.657537, 50.897859, 67.169250, 76.951639, 
44.505111, 49.434855, 56.932416, 61.522168, 58.557945, 
41.050640, 49.166699, 50.621817, 63.514074, 62.625924, 
42.788037, 46.233344, 54.262307, 57.253487, 68.486686, 
42.897443, 47.062899, 49.318766, 59.773433, 66.974557, 
38.358165, 42.827235, 49.255256, 54.729757, 62.605469, 
41.659381, 48.544683, 51.696320, 65.280910, 74.193418, 
44.132953, 49.517425, 53.137027, 59.176662, 68.804958, 
43.054796, 50.442359, 52.481691, 62.459117, 69.208390, 
42.998992, 49.711653, 54.707496, 61.245858, 68.255793, 
41.901915, 50.696193, 52.000370, 61.083059, 70.778639, 
42.734684, 45.358568, 51.234288, 57.464715, 75.962990, 
42.298593, 47.848525, 55.748374, 65.534902, 69.099947, 
42.970619, 49.522203, 50.642392, 58.131489, 56.469967, 
40.297049, 43.624035, 51.099237, 61.515626, 66.867558, 
42.338877, 47.302276, 55.764989, 58.363373, 62.426742, 
43.070226, 46.976330, 54.867993, 63.785787, 64.821557, 
45.659854, 49.750481, 56.066681, 57.759678, 64.873858, 
43.661975, 50.229965, 53.561984, 58.661747, 74.193418, 
42.100062, 47.165749, 54.022918, 59.828814, 65.388926, 
37.462636, 43.509209, 45.780696, 54.896990, 61.964906, 
40.714157, 48.434137, 53.397426, 58.329159, 63.483111, 
42.168025, 48.952277, 52.813475, 64.380810, 67.953516, 
43.131482, 48.802757, 53.317498, 57.232884, 64.060512, 
44.454434, 49.640964, 53.657125, 60.051011, 73.749707, 
43.964240, 49.557046, 55.633812, 60.024428, 72.484726, 
43.176659, 47.591417, 51.231487, 64.509147, 71.562577, 
41.550208, 47.856682, 50.551011, 55.616970, 74.765928, 
43.516250, 46.595807, 54.598443, 57.444185, 71.414086, 
42.453654, 46.865989, 52.322257, 55.869092, 76.886817, 
40.966704, 44.861833, 52.386494, 63.760656, 62.441743, 
42.964422, 47.472660, 52.148219, 59.380305, 61.798280, 
42.503645, 47.753507, 56.571087, 60.597255, 74.554035, 
41.716433, 47.331508, 52.374754, 61.134083, 74.479476, 
41.827814, 47.501398, 50.951003, 57.100110, 71.157241, 
38.761066, 42.405757, 47.892463, 54.453129, 68.121218, 
41.761041, 47.141496, 53.265345, 54.307189, 69.280359, 
42.593411, 46.496233, 52.407087, 63.104858, 72.094211, 
40.449170, 43.799830, 51.140161, 52.888158, 76.951639, 
41.476612, 45.276888, 52.632079, 51.915063, 63.519997, 
42.503000, 49.391802, 52.637880, 60.000642, 68.472759, 
41.041830, 45.374186, 48.151545, 58.713858, 70.210559, 
42.004800, 46.694239, 55.327387, 56.248899, 78.599741, 
41.319487, 45.669639, 52.606070, 63.455285, 59.612610, 
42.626491, 47.617451, 54.845819, 56.672474, 73.179562, 
42.735476, 46.284625, 54.445971, 57.403412, 68.431244, 
42.758542, 46.078923, 54.079854, 57.688292, 62.049624, 
43.243142, 46.827136, 54.018096, 59.807963, 71.252886, 
45.329612, 50.685765, 54.959079, 67.575630, 69.782823, 
43.892794, 48.244212, 53.237627, 58.072337, 69.708264, 
41.491011, 45.746864, 51.010705, 55.883623, 56.260858, 
41.052546, 48.823711, 52.549415, 61.805263, 67.047382, 
43.511190, 49.580071, 54.803997, 63.578172, 66.020583, 
43.559651, 48.256057, 46.995848, 54.586493, 72.724728, 
43.354111, 49.317528, 51.847499, 63.602266, 68.164175, 
40.893721, 45.178422, 51.386347, 59.780943, 53.195209, 
43.585432, 48.593732, 52.663716, 62.686648, 69.580789, 
43.450267, 48.267625, 56.554963, 56.268385, 65.400334, 
44.980658, 49.068200, 53.871534, 65.695726, 74.845618, 
43.137312, 49.249155, 52.458189, 60.172689, 77.291104, 
43.396245, 46.408072, 53.955730, 63.304648, 61.262567, 
42.222722, 47.721927, 52.839114, 59.341635, 71.157241, 
42.001268, 45.206603, 54.853466, 52.137859, 67.124847, 
41.546857, 48.918403, 51.459024, 61.153803, 64.459195, 
42.536034, 47.602024, 51.679605, 58.347133, 69.041437, 
38.006671, 43.327083, 48.608818, 55.392117, 63.362848, 
41.184589, 48.317650, 51.718967, 59.116579, 65.354881, 
43.321120, 50.342770, 55.263165, 62.811964, 78.599741, 
44.199565, 47.726960, 56.858600, 58.175414, 64.236891, 
43.794618, 48.242849, 53.512595, 62.333292, 64.247390, 
42.437872, 48.641751, 54.607189, 57.921147, 60.845357, 
41.775583, 46.743448, 54.638898, 59.867621, 69.370605, 
43.248094, 49.104286, 52.120433, 64.980388, 67.101124, 
44.698215, 51.849112, 54.144897, 71.305957, 73.433443, 
45.068530, 49.308192, 55.660169, 66.797663, 60.804728, 
45.360084, 47.777847, 53.589450, 60.621513, 67.594521, 
46.216274, 52.818263, 53.703556, 66.146242, 68.885759, 
43.896767, 48.950879, 52.891618, 59.255312, 70.723813, 
42.054929, 48.340519, 52.199188, 59.476177, 62.150056, 
40.648836, 43.950295, 49.188342, 60.450098, 64.196880, 
39.061385, 42.020089, 48.929562, 53.634550, 62.916434, 
40.566806, 47.835217, 51.248843, 54.956190, 63.818994, 
43.623140, 47.685198, 52.070374, 52.698651, 59.027722, 
43.422375, 47.529320, 56.828024, 61.339907, 69.181024, 
43.482494, 49.844232, 51.414451, 59.403788, 73.057979, 
45.088216, 48.767792, 53.505205, 63.307469, 71.478427, 
44.562805, 49.480150, 58.416120, 61.414998, 80.061022, 
43.374081, 49.970960, 53.108091, 64.040422, 67.176122, 
45.021314, 50.708895, 59.378021, 63.944605, 81.658030, 
44.003629, 50.078093, 50.626305, 59.366618, 70.301404, 
42.774101, 47.052125, 56.153572, 60.360415, 69.910004, 
44.359833, 47.367617, 51.534908, 57.722473, 65.934478, 
43.909050, 50.610428, 55.459679, 55.879794, 64.875882, 
44.466301, 47.306313, 55.154523, 64.813566, 76.148955, 
40.442840, 46.901641, 54.366202, 58.460263, 73.193284, 
38.611823, 42.513306, 48.096709, 54.839590, 57.896723, 
40.962903, 46.447347, 51.662472, 56.180556, 73.179562, 
42.157607, 48.941885, 52.995682, 61.940119, 62.888158, 
45.240580, 51.142989, 58.028182, 61.998178, 67.843871, 
45.644771, 51.340445, 55.345171, 64.335880, 58.810966, 
45.182592, 48.388075, 57.115681, 64.010459, 62.691543, 
45.170463, 46.217294, 52.397694, 60.037699, 73.796828, 
42.077692, 46.855085, 54.127820, 63.410265, 64.867791, 
45.063918, 49.151228, 52.407661, 55.667938, 72.567226, 
44.679056, 50.093077, 53.503728, 56.751579, 74.073958, 
45.037276, 50.233371, 60.498598, 65.939648, 62.948791, 
42.084565, 48.347988, 55.692059, 58.484362, 70.842157, 
44.484173, 48.095604, 54.667365, 61.063658, 75.613369, 
42.964109, 46.405825, 53.335922, 57.966696, 67.034050, 
38.662003, 44.581363, 49.421283, 56.971931, 67.107889, 
