0.010086,0.017686,0.037305,0.054269,0.068241,0.078266,0.083819,0.084528,23.420392
0.004799,0.010097,0.028109,0.045170,0.060587,0.073953,0.083079,0.084493,25.934915
0.010445,0.019459,0.037606,0.048722,0.061913,0.074916,0.083143,0.084516,23.253819
0.012644,0.022295,0.037993,0.048463,0.062358,0.074962,0.083155,0.084487,22.623716
0.013441,0.023331,0.039004,0.048562,0.061790,0.074824,0.083007,0.084461,22.405351
0.014080,0.024137,0.039857,0.049026,0.062133,0.074874,0.083225,0.084496,22.236737
0.014095,0.024457,0.040901,0.050816,0.063502,0.075447,0.083240,0.084509,22.201335
0.013479,0.023851,0.041552,0.051210,0.064417,0.075608,0.083222,0.084501,22.333628
0.011708,0.021747,0.040281,0.050882,0.064266,0.076606,0.083310,0.084503,22.804230
0.010363,0.019943,0.038135,0.049648,0.063362,0.075925,0.083264,0.084504,23.232241
0.009341,0.018452,0.036321,0.049142,0.063454,0.076126,0.083256,0.084484,23.596124
0.008072,0.016527,0.033721,0.048169,0.062262,0.075656,0.083235,0.084472,24.109413
0.006907,0.013608,0.031156,0.047416,0.062317,0.075655,0.083178,0.084506,24.735172
0.005430,0.010675,0.028018,0.045208,0.060963,0.075466,0.083037,0.084474,25.614828
0.004655,0.009020,0.024254,0.043099,0.059733,0.074800,0.083041,0.084488,26.240959
0.004244,0.008180,0.023314,0.042297,0.058815,0.074167,0.082992,0.084502,26.574221
0.004733,0.009000,0.024018,0.042457,0.058744,0.073792,0.082967,0.084489,26.221112
0.004825,0.009594,0.025250,0.042792,0.058829,0.073755,0.082874,0.084504,26.075502
0.004787,0.009075,0.023659,0.041450,0.058144,0.073693,0.082802,0.084510,26.206298
0.004532,0.008951,0.023895,0.041109,0.058100,0.073711,0.082865,0.084492,26.334878
0.004836,0.009651,0.025661,0.042238,0.057935,0.073182,0.082629,0.084507,26.058789
0.005560,0.010579,0.027385,0.043381,0.056756,0.071874,0.082327,0.084505,25.608039
0.003929,0.007682,0.022165,0.038451,0.053752,0.069607,0.081826,0.084512,26.881124
0.002125,0.003802,0.011281,0.023682,0.044262,0.066106,0.080954,0.084486,29.538909
0.001932,0.003332,0.008536,0.018130,0.038876,0.062965,0.080073,0.084473,30.166401
0.001574,0.002837,0.008177,0.019750,0.041152,0.064270,0.080246,0.084474,30.734541
0.001287,0.002460,0.007476,0.019572,0.043027,0.066234,0.080990,0.084486,31.314306
0.001395,0.002525,0.006724,0.014191,0.033397,0.061713,0.080289,0.084445,31.386505
0.001835,0.003271,0.008013,0.015991,0.032631,0.059225,0.079691,0.084433,30.408021
0.001313,0.002420,0.007189,0.017438,0.037702,0.062860,0.080664,0.084453,31.402119
0.001444,0.003011,0.010770,0.029271,0.050317,0.069464,0.081810,0.084486,30.402864
0.001621,0.003698,0.014611,0.035754,0.054325,0.070951,0.082018,0.084497,29.628001
0.001945,0.004561,0.018075,0.038890,0.056854,0.072028,0.082205,0.084517,28.876908
0.001983,0.005080,0.021675,0.042299,0.058551,0.073700,0.082579,0.084531,28.508548
0.003161,0.007628,0.026623,0.045460,0.060744,0.074706,0.082858,0.084508,27.078120
0.004671,0.011067,0.030805,0.047920,0.062016,0.075002,0.083111,0.084509,25.794239
0.006102,0.013546,0.034341,0.049944,0.062985,0.075689,0.083382,0.084517,24.927886
0.006892,0.014791,0.035225,0.050648,0.063780,0.075939,0.083360,0.084501,24.546560
0.006904,0.014841,0.035558,0.050939,0.063830,0.076012,0.083136,0.084510,24.531198
0.006123,0.013030,0.034019,0.050848,0.063764,0.076150,0.083039,0.084496,24.965661
0.005253,0.011876,0.033003,0.050844,0.064088,0.076259,0.083265,0.084468,25.406552
0.004552,0.009905,0.029202,0.049196,0.063471,0.075948,0.083174,0.084492,25.999649
0.003979,0.008371,0.025044,0.045045,0.062277,0.075652,0.083131,0.084507,26.599599
0.002695,0.005304,0.015670,0.034650,0.057946,0.074852,0.082886,0.084481,28.302776
0.003268,0.005794,0.016264,0.033664,0.055893,0.073253,0.082543,0.084483,27.808146
0.003568,0.006489,0.016809,0.032934,0.055226,0.072731,0.082518,0.084469,27.494065
0.002701,0.004916,0.014178,0.032326,0.056543,0.073921,0.082702,0.084450,28.474007
0.003844,0.007201,0.021142,0.042236,0.061052,0.075257,0.082899,0.084442,26.975972
0.002631,0.004989,0.015064,0.032964,0.056670,0.074415,0.082813,0.084484,28.463281
0.002987,0.005428,0.014951,0.030908,0.054762,0.073631,0.082768,0.084477,28.152878
0.004581,0.007965,0.019433,0.035758,0.056573,0.073192,0.082695,0.084460,26.609869
0.002922,0.005007,0.013151,0.027199,0.050935,0.072530,0.082760,0.084474,28.415571
0.002603,0.004654,0.013378,0.028588,0.051644,0.072768,0.082544,0.084470,28.705419
0.004111,0.007480,0.021230,0.039426,0.057099,0.073404,0.082594,0.084500,26.825059
0.003262,0.006104,0.018487,0.036973,0.056860,0.073365,0.082718,0.084481,27.635637
0.001537,0.003126,0.012070,0.030412,0.053855,0.073134,0.082806,0.084484,30.125671
0.001723,0.003233,0.010560,0.026524,0.051385,0.072400,0.082875,0.084469,30.072627
0.001736,0.003411,0.010959,0.026684,0.051648,0.072173,0.082795,0.084490,29.978886
0.002196,0.004580,0.014338,0.031030,0.053237,0.072695,0.082808,0.084482,28.974027
0.002756,0.006221,0.019297,0.035815,0.056079,0.073737,0.082933,0.084478,27.929130
0.003049,0.006932,0.021165,0.037979,0.056967,0.073861,0.082843,0.084492,27.524376
0.003252,0.007287,0.022218,0.038468,0.057136,0.073991,0.082998,0.084460,27.303765
0.003321,0.007201,0.022323,0.039683,0.058120,0.074433,0.083053,0.084472,27.258535
0.003768,0.007814,0.023941,0.042094,0.059057,0.074198,0.082928,0.084490,26.846111
0.003764,0.007605,0.022570,0.041010,0.059150,0.074039,0.083007,0.084492,26.931191
0.003298,0.006750,0.020303,0.038477,0.058282,0.073803,0.082933,0.084515,27.424906
0.003381,0.006963,0.020892,0.038975,0.058634,0.073701,0.082764,0.084497,27.315843
0.003666,0.007740,0.023481,0.042127,0.059214,0.073376,0.082697,0.084500,26.926114
0.004805,0.009659,0.026495,0.044006,0.059729,0.073397,0.082812,0.084462,26.032938
0.004583,0.009233,0.025434,0.043417,0.059421,0.073736,0.082973,0.084457,26.214667
0.004018,0.007662,0.021222,0.039803,0.058239,0.073745,0.082892,0.084439,26.845173
0.002782,0.005859,0.018317,0.036883,0.058031,0.073775,0.082890,0.084462,27.998559
0.003721,0.007475,0.021763,0.040221,0.059342,0.074098,0.082933,0.084496,27.005783
0.003807,0.007710,0.022742,0.041141,0.058993,0.073478,0.082871,0.084484,26.887429
0.004515,0.009073,0.024832,0.042181,0.059376,0.073644,0.082875,0.084492,26.290749
0.004536,0.009321,0.026409,0.043768,0.059533,0.073307,0.082610,0.084469,26.195521
0.004743,0.009692,0.026220,0.043156,0.059199,0.073180,0.082582,0.084470,26.071423
0.004485,0.009058,0.024744,0.041655,0.058617,0.073087,0.082707,0.084514,26.314766
0.004221,0.008311,0.023538,0.040884,0.057943,0.072725,0.082447,0.084509,26.575621
0.004238,0.008197,0.023562,0.040074,0.057093,0.072325,0.082375,0.084498,26.589164
0.004459,0.008987,0.024302,0.040600,0.057260,0.072288,0.082667,0.084505,26.358823
0.003838,0.007996,0.023202,0.040742,0.057583,0.072313,0.082630,0.084480,26.825095
0.003815,0.007829,0.022854,0.040172,0.057602,0.072496,0.082487,0.084499,26.875559
0.004835,0.009933,0.025887,0.043054,0.059672,0.073833,0.082963,0.084512,26.013020
0.004905,0.010268,0.026837,0.045067,0.061546,0.074925,0.083247,0.084507,25.903599
0.005104,0.010557,0.027308,0.045258,0.062569,0.075324,0.083326,0.084523,25.774543
0.009273,0.018104,0.036848,0.050631,0.065345,0.076252,0.083462,0.084505,23.618981
0.015829,0.029213,0.046155,0.055919,0.068302,0.077215,0.083512,0.084516,21.631606
0.017529,0.031701,0.048476,0.058121,0.070098,0.077853,0.083553,0.084528,21.249115
0.029377,0.045598,0.060181,0.067082,0.076055,0.080618,0.084017,0.084540,19.360247
0.004021,0.007490,0.017218,0.026261,0.034060,0.039830,0.043086,0.043504,27.198500
0.001771,0.004026,0.012544,0.021348,0.029751,0.037330,0.042649,0.043484,29.900307
0.004179,0.008328,0.017374,0.023250,0.030492,0.037887,0.042687,0.043497,27.021445
0.005163,0.009689,0.017575,0.023110,0.030740,0.037913,0.042694,0.043480,26.341713
0.005525,0.010191,0.018100,0.023163,0.030422,0.037833,0.042607,0.043464,26.103460
0.005817,0.010584,0.018545,0.023413,0.030615,0.037862,0.042735,0.043485,25.918863
0.005823,0.010741,0.019092,0.024380,0.031382,0.038193,0.042744,0.043493,25.876924
0.005542,0.010445,0.019434,0.024594,0.031896,0.038287,0.042733,0.043488,26.018365
0.004742,0.009424,0.018767,0.024416,0.031811,0.038865,0.042785,0.043489,26.528244
0.004143,0.008559,0.017648,0.023749,0.031303,0.038470,0.042758,0.043490,26.993867
0.003694,0.007851,0.016709,0.023476,0.031355,0.038587,0.042753,0.043478,27.388515
0.003144,0.006947,0.015375,0.022952,0.030687,0.038315,0.042742,0.043471,27.944783
0.002647,0.005601,0.014073,0.022548,0.030717,0.038314,0.042708,0.043491,28.623307
0.002030,0.004281,0.012499,0.021368,0.029961,0.038205,0.042624,0.043472,29.569184
0.001713,0.003554,0.010642,0.020249,0.029276,0.037820,0.042627,0.043480,30.249465
0.001547,0.003190,0.010183,0.019826,0.028766,0.037454,0.042598,0.043489,30.604930
0.001745,0.003545,0.010526,0.019910,0.028727,0.037238,0.042583,0.043481,30.233055
0.001782,0.003805,0.011129,0.020087,0.028774,0.037216,0.042528,0.043490,30.071107
0.001767,0.003578,0.010351,0.019380,0.028395,0.037181,0.042486,0.043494,30.221960
0.001663,0.003524,0.010466,0.019201,0.028370,0.037191,0.042523,0.043483,30.353902
0.001786,0.003829,0.011332,0.019795,0.028279,0.036887,0.042385,0.043492,30.052975
0.002083,0.004239,0.012184,0.020399,0.027628,0.036135,0.042207,0.043491,29.572510
0.001421,0.002976,0.009626,0.017812,0.025978,0.034838,0.041912,0.043494,30.944037
0.000722,0.001371,0.004551,0.010362,0.020865,0.032850,0.041401,0.043479,33.843886
0.000650,0.001185,0.003344,0.007699,0.018034,0.031081,0.040885,0.043472,34.558175
0.000519,0.000993,0.003189,0.008467,0.019224,0.031814,0.040986,0.043472,35.130539
0.000416,0.000849,0.002888,0.008382,0.020211,0.032922,0.041422,0.043479,35.719158
0.000455,0.000873,0.002570,0.005867,0.015210,0.030380,0.041011,0.043455,35.870262
0.000615,0.001161,0.003118,0.006698,0.014820,0.028994,0.040662,0.043448,34.836545
0.000426,0.000833,0.002766,0.007374,0.017424,0.031022,0.041231,0.043460,35.845330
0.000472,0.001060,0.004323,0.013125,0.024110,0.034756,0.041903,0.043479,34.671273
0.000536,0.001329,0.006060,0.016417,0.026292,0.035606,0.042025,0.043486,33.800741
0.000655,0.001675,0.007673,0.018041,0.027682,0.036223,0.042135,0.043498,32.993931
0.000670,0.001886,0.009389,0.019827,0.028620,0.037185,0.042355,0.043506,32.564582
0.001118,0.002953,0.011806,0.021502,0.029839,0.037765,0.042519,0.043493,31.077257
0.001720,0.004455,0.013896,0.022818,0.030549,0.037936,0.042668,0.043493,29.725463
0.002308,0.005573,0.015692,0.023909,0.031092,0.038334,0.042828,0.043498,28.803244
0.002641,0.006143,0.016145,0.024289,0.031538,0.038479,0.042815,0.043488,28.398493
0.002645,0.006166,0.016316,0.024447,0.031566,0.038521,0.042683,0.043494,28.380511
0.002317,0.005338,0.015527,0.024398,0.031529,0.038600,0.042626,0.043485,28.845474
0.001957,0.004817,0.015009,0.024396,0.031711,0.038664,0.042759,0.043469,29.307339
0.001671,0.003941,0.013090,0.023505,0.031365,0.038484,0.042705,0.043483,29.949499
0.001441,0.003273,0.011028,0.021281,0.030695,0.038312,0.042680,0.043492,30.606695
0.000938,0.001978,0.006549,0.015850,0.028285,0.037850,0.042536,0.043477,32.464402
0.001160,0.002180,0.006825,0.015346,0.027152,0.036927,0.042334,0.043478,31.961089
0.001278,0.002470,0.007079,0.014974,0.026786,0.036627,0.042319,0.043469,31.632465
0.000941,0.001819,0.005861,0.014665,0.027510,0.037312,0.042427,0.043458,32.666703
0.001387,0.002772,0.009133,0.019794,0.030011,0.038084,0.042543,0.043453,31.034569
0.000914,0.001849,0.006268,0.014990,0.027580,0.037597,0.042492,0.043478,32.643526
0.001051,0.002029,0.006216,0.013948,0.026531,0.037145,0.042466,0.043474,32.336529
0.001683,0.003098,0.008316,0.016420,0.027527,0.036892,0.042423,0.043464,30.684425
0.001026,0.001856,0.005393,0.012092,0.024445,0.036511,0.042462,0.043472,32.642126
0.000903,0.001713,0.005496,0.012783,0.024830,0.036648,0.042335,0.043470,32.932857
0.001494,0.002890,0.009175,0.018320,0.027817,0.037014,0.042364,0.043488,30.889325
0.001158,0.002309,0.007867,0.017046,0.027685,0.036992,0.042437,0.043477,31.753116
0.000506,0.001105,0.004904,0.013697,0.026035,0.036859,0.042489,0.043478,34.362735
0.000574,0.001147,0.004230,0.011757,0.024689,0.036437,0.042529,0.043470,34.362468
0.000578,0.001216,0.004407,0.011837,0.024832,0.036306,0.042482,0.043482,34.260000
0.000749,0.001682,0.005935,0.014009,0.025697,0.036607,0.042490,0.043477,33.179421
0.000962,0.002358,0.008251,0.016449,0.027255,0.037206,0.042563,0.043474,32.042240
0.001075,0.002657,0.009144,0.017567,0.027744,0.037278,0.042511,0.043483,31.604496
0.001154,0.002808,0.009652,0.017821,0.027837,0.037353,0.042602,0.043464,31.369170
0.001181,0.002771,0.009702,0.018455,0.028381,0.037608,0.042634,0.043471,31.319544
0.001357,0.003033,0.010488,0.019719,0.028900,0.037472,0.042561,0.043482,30.879028
0.001355,0.002944,0.009822,0.019149,0.028952,0.037380,0.042607,0.043483,30.980134
0.001172,0.002580,0.008731,0.017826,0.028471,0.037244,0.042563,0.043497,31.512244
0.001205,0.002671,0.009013,0.018085,0.028666,0.037186,0.042464,0.043486,31.393606
0.001317,0.003001,0.010264,0.019737,0.028987,0.036998,0.042424,0.043487,30.963626
0.001774,0.003833,0.011743,0.020730,0.029274,0.037010,0.042492,0.043465,30.016674
0.001684,0.003647,0.011220,0.020418,0.029103,0.037205,0.042587,0.043462,30.213271
0.001456,0.002968,0.009172,0.018517,0.028447,0.037211,0.042539,0.043451,30.906219
0.000972,0.002207,0.007787,0.017000,0.028332,0.037228,0.042538,0.043465,32.119832
0.001339,0.002888,0.009432,0.018736,0.029058,0.037414,0.042563,0.043485,31.064777
0.001373,0.002988,0.009905,0.019218,0.028865,0.037057,0.042527,0.043478,30.933559
0.001656,0.003577,0.010924,0.019765,0.029077,0.037152,0.042529,0.043483,30.298702
0.001665,0.003685,0.011701,0.020604,0.029165,0.036958,0.042373,0.043470,30.186102
0.001749,0.003847,0.011607,0.020280,0.028980,0.036885,0.042357,0.043470,30.059421
0.001644,0.003571,0.010881,0.019488,0.028657,0.036832,0.042431,0.043496,30.325651
0.001538,0.003247,0.010292,0.019083,0.028283,0.036623,0.042277,0.043493,30.608077
0.001545,0.003197,0.010304,0.018659,0.027814,0.036394,0.042235,0.043486,30.625428
0.001634,0.003540,0.010665,0.018934,0.027906,0.036373,0.042407,0.043490,30.377430
0.001385,0.003111,0.010129,0.019009,0.028084,0.036387,0.042385,0.043476,30.866789
0.001376,0.003039,0.009960,0.018710,0.028095,0.036492,0.042301,0.043487,30.923510
0.001786,0.003953,0.011443,0.020226,0.029242,0.037261,0.042581,0.043495,29.999519
0.001815,0.004101,0.011912,0.021293,0.030286,0.037892,0.042748,0.043492,29.873964
0.001896,0.004229,0.012146,0.021395,0.030859,0.038122,0.042795,0.043501,29.736218
0.003664,0.007687,0.016981,0.024280,0.032419,0.038660,0.042875,0.043490,27.410663
0.006623,0.013095,0.021873,0.027167,0.034095,0.039219,0.042904,0.043497,25.241168
0.007416,0.014348,0.023117,0.028381,0.035118,0.039590,0.042929,0.043504,24.820291
0.013178,0.021576,0.029525,0.033402,0.038545,0.041204,0.043202,0.043511,22.734980
0.001354,0.002620,0.006362,0.010002,0.013237,0.015680,0.017076,0.017256,31.778276
0.000568,0.001356,0.004537,0.008008,0.011440,0.014617,0.016888,0.017247,34.588364
0.001411,0.002933,0.006423,0.008776,0.011747,0.014853,0.016904,0.017253,31.596138
0.001765,0.003446,0.006503,0.008719,0.011850,0.014864,0.016907,0.017245,30.887500
0.001897,0.003636,0.006711,0.008741,0.011718,0.014830,0.016870,0.017239,30.637206
0.002003,0.003786,0.006888,0.008842,0.011798,0.014843,0.016925,0.017248,30.442826
0.002006,0.003845,0.007105,0.009235,0.012117,0.014983,0.016929,0.017251,30.396396
0.001903,0.003732,0.007241,0.009322,0.012332,0.015023,0.016924,0.017249,30.542908
0.001613,0.003346,0.006976,0.009249,0.012296,0.015269,0.016946,0.017249,31.076053
0.001398,0.003020,0.006532,0.008978,0.012085,0.015101,0.016935,0.017250,31.564356
0.001238,0.002755,0.006161,0.008867,0.012106,0.015150,0.016933,0.017245,31.977348
0.001043,0.002419,0.005637,0.008655,0.011828,0.015035,0.016927,0.017242,32.559247
0.000869,0.001924,0.005129,0.008492,0.011841,0.015034,0.016913,0.017250,33.268917
0.000656,0.001447,0.004519,0.008016,0.011527,0.014988,0.016877,0.017242,34.252885
0.000548,0.001188,0.003807,0.007567,0.011243,0.014824,0.016878,0.017246,34.965512
0.000492,0.001059,0.003633,0.007398,0.011032,0.014669,0.016866,0.017249,35.333243
0.000559,0.001185,0.003763,0.007432,0.011016,0.014578,0.016859,0.017246,34.951995
0.000572,0.001277,0.003994,0.007502,0.011036,0.014569,0.016836,0.017250,34.779924
0.000567,0.001196,0.003697,0.007220,0.010879,0.014554,0.016818,0.017251,34.943991
0.000531,0.001177,0.003741,0.007149,0.010869,0.014558,0.016834,0.017247,35.076937
0.000573,0.001286,0.004071,0.007386,0.010831,0.014429,0.016774,0.017250,34.761072
0.000675,0.001432,0.004398,0.007627,0.010563,0.014111,0.016698,0.017250,34.264132
0.000450,0.000984,0.003422,0.006597,0.009886,0.013564,0.016571,0.017252,35.693188
0.000220,0.000433,0.001544,0.003701,0.007814,0.012730,0.016352,0.017245,38.739760
0.000197,0.000371,0.001114,0.002698,0.006685,0.011992,0.016131,0.017242,39.511167
0.000155,0.000308,0.001059,0.002985,0.007158,0.012297,0.016174,0.017242,40.078096
0.000123,0.000261,0.000954,0.002954,0.007552,0.012760,0.016361,0.017245,40.664569
0.000135,0.000269,0.000842,0.002022,0.005572,0.011701,0.016185,0.017235,40.875888
0.000185,0.000363,0.001034,0.002327,0.005420,0.011126,0.016035,0.017232,39.815159
0.000126,0.000256,0.000911,0.002577,0.006443,0.011967,0.016279,0.017237,40.819464
0.000140,0.000330,0.001462,0.004761,0.009125,0.013530,0.016567,0.017245,39.527341
0.000160,0.000419,0.002092,0.006046,0.010015,0.013888,0.016620,0.017248,38.596786
0.000198,0.000535,0.002689,0.006687,0.010585,0.014148,0.016667,0.017253,37.758453
0.000203,0.000607,0.003332,0.007398,0.010972,0.014555,0.016761,0.017257,37.289599
0.000349,0.000976,0.004253,0.008070,0.011476,0.014801,0.016832,0.017251,35.776568
0.000551,0.001510,0.005060,0.008601,0.011771,0.014874,0.016896,0.017251,34.390158
0.000752,0.001914,0.005761,0.009043,0.011997,0.015043,0.016965,0.017253,33.436948
0.000867,0.002123,0.005939,0.009198,0.012183,0.015104,0.016959,0.017249,33.019482
0.000869,0.002131,0.006006,0.009262,0.012194,0.015122,0.016902,0.017251,32.999720
0.000755,0.001829,0.005696,0.009242,0.012179,0.015156,0.016878,0.017248,33.481725
0.000631,0.001640,0.005494,0.009241,0.012255,0.015183,0.016935,0.017240,33.953748
0.000534,0.001326,0.004748,0.008879,0.012110,0.015107,0.016912,0.017247,34.624738
0.000457,0.001089,0.003955,0.007981,0.011832,0.015034,0.016901,0.017250,35.316985
0.000290,0.000639,0.002272,0.005823,0.010834,0.014837,0.016839,0.017244,37.267710
0.000363,0.000708,0.002374,0.005626,0.010368,0.014446,0.016752,0.017244,36.764644
0.000402,0.000808,0.002468,0.005480,0.010217,0.014319,0.016746,0.017241,36.429691
0.000291,0.000584,0.002020,0.005359,0.010515,0.014609,0.016792,0.017236,37.490752
0.000439,0.000913,0.003236,0.007385,0.011547,0.014936,0.016842,0.017234,35.777956
0.000282,0.000594,0.002169,0.005486,0.010544,0.014730,0.016820,0.017245,37.458668
0.000327,0.000656,0.002150,0.005080,0.010113,0.014538,0.016809,0.017243,37.158706
0.000538,0.001027,0.002929,0.006047,0.010522,0.014431,0.016791,0.017239,35.445372
0.000319,0.000597,0.001849,0.004362,0.009261,0.014270,0.016807,0.017242,37.493240
0.000278,0.000548,0.001886,0.004629,0.009418,0.014328,0.016753,0.017241,37.780607
0.000474,0.000954,0.003252,0.006798,0.010641,0.014483,0.016765,0.017249,35.639505
0.000362,0.000752,0.002761,0.006294,0.010587,0.014474,0.016796,0.017244,36.532460
0.000151,0.000345,0.001672,0.004983,0.009910,0.014417,0.016819,0.017245,39.198766
0.000172,0.000359,0.001429,0.004234,0.009360,0.014239,0.016836,0.017241,39.237883
0.000174,0.000382,0.001492,0.004264,0.009418,0.014183,0.016816,0.017246,39.130552
0.000228,0.000538,0.002047,0.005104,0.009771,0.014310,0.016819,0.017244,38.007587
0.000298,0.000769,0.002905,0.006058,0.010410,0.014564,0.016851,0.017243,36.815729
0.000335,0.000873,0.003240,0.006500,0.010611,0.014595,0.016828,0.017247,36.358552
0.000361,0.000925,0.003432,0.006600,0.010649,0.014626,0.016867,0.017238,36.115032
0.000370,0.000913,0.003451,0.006852,0.010874,0.014734,0.016881,0.017242,36.062334
0.000429,0.001004,0.003749,0.007355,0.011088,0.014677,0.016850,0.017246,35.605782
0.000428,0.000973,0.003496,0.007128,0.011109,0.014638,0.016870,0.017247,35.717642
0.000367,0.000846,0.003084,0.006602,0.010911,0.014580,0.016851,0.017253,36.272159
0.000378,0.000878,0.003191,0.006705,0.010991,0.014556,0.016808,0.017248,36.147815
0.000415,0.000993,0.003664,0.007362,0.011124,0.014476,0.016791,0.017249,35.692838
0.000569,0.001287,0.004229,0.007760,0.011242,0.014481,0.016820,0.017239,34.717090
0.000538,0.001221,0.004028,0.007635,0.011171,0.014564,0.016861,0.017238,34.922458
0.000462,0.000981,0.003250,0.006876,0.010901,0.014566,0.016840,0.017233,35.653776
0.000301,0.000717,0.002731,0.006275,0.010853,0.014573,0.016840,0.017239,36.897666
0.000422,0.000953,0.003349,0.006963,0.011153,0.014652,0.016851,0.017248,35.808798
0.000434,0.000989,0.003528,0.007155,0.011073,0.014501,0.016835,0.017245,35.669574
0.000529,0.001196,0.003915,0.007374,0.011161,0.014541,0.016836,0.017247,35.013969
0.000532,0.001234,0.004212,0.007709,0.011197,0.014459,0.016769,0.017241,34.889620
0.000560,0.001292,0.004176,0.007579,0.011121,0.014428,0.016762,0.017241,34.762691
0.000525,0.001194,0.003899,0.007263,0.010987,0.014406,0.016794,0.017252,35.042914
0.000489,0.001079,0.003674,0.007102,0.010833,0.014318,0.016728,0.017251,35.338002
0.000491,0.001062,0.003679,0.006933,0.010640,0.014220,0.016710,0.017248,35.358084
0.000521,0.001183,0.003816,0.007042,0.010678,0.014212,0.016784,0.017250,35.100050
0.000438,0.001032,0.003612,0.007072,0.010751,0.014217,0.016774,0.017244,35.600626
0.000435,0.001007,0.003548,0.006953,0.010756,0.014262,0.016738,0.017248,35.661323
0.000573,0.001330,0.004113,0.007558,0.011229,0.014588,0.016858,0.017252,34.702431
0.000583,0.001383,0.004294,0.007986,0.011662,0.014855,0.016930,0.017251,34.566065
0.000610,0.001428,0.004383,0.008027,0.011900,0.014953,0.016950,0.017254,34.423409
0.001227,0.002694,0.006268,0.009194,0.012550,0.015181,0.016985,0.017250,31.998500
0.002299,0.004750,0.008220,0.010374,0.013252,0.015419,0.016998,0.017253,29.718609
0.002593,0.005236,0.008722,0.010874,0.013682,0.015578,0.017008,0.017256,29.273975
0.004781,0.008100,0.011346,0.012961,0.015133,0.016268,0.017126,0.017259,27.066684
0.000369,0.000726,0.001808,0.002882,0.003851,0.004589,0.005014,0.005069,37.358068
0.000151,0.000369,0.001276,0.002291,0.003311,0.004267,0.004957,0.005066,40.215375
0.000384,0.000815,0.001826,0.002518,0.003403,0.004339,0.004961,0.005068,37.174033
0.000484,0.000962,0.001849,0.002502,0.003434,0.004342,0.004962,0.005065,36.452733
0.000521,0.001017,0.001910,0.002508,0.003395,0.004332,0.004951,0.005063,36.197033
0.000551,0.001060,0.001962,0.002538,0.003419,0.004336,0.004968,0.005066,35.998229
0.000552,0.001077,0.002026,0.002654,0.003514,0.004378,0.004969,0.005067,35.949632
0.000523,0.001044,0.002066,0.002680,0.003579,0.004390,0.004968,0.005067,36.098289
0.000441,0.000933,0.001988,0.002659,0.003568,0.004465,0.004974,0.005067,36.641740
0.000381,0.000840,0.001857,0.002578,0.003505,0.004414,0.004971,0.005067,37.140205
0.000336,0.000764,0.001749,0.002545,0.003511,0.004429,0.004970,0.005065,37.561355
0.000282,0.000669,0.001596,0.002483,0.003428,0.004394,0.004969,0.005064,38.154656
0.000234,0.000529,0.001448,0.002434,0.003431,0.004394,0.004964,0.005067,38.878070
0.000175,0.000395,0.001271,0.002294,0.003337,0.004380,0.004953,0.005064,39.878569
0.000146,0.000322,0.001066,0.002162,0.003253,0.004330,0.004954,0.005066,40.605576
0.000131,0.000287,0.001016,0.002112,0.003190,0.004283,0.004950,0.005067,40.978479
0.000149,0.000321,0.001053,0.002122,0.003185,0.004255,0.004948,0.005066,40.593586
0.000152,0.000347,0.001119,0.002142,0.003191,0.004253,0.004941,0.005067,40.416922
0.000151,0.000325,0.001034,0.002059,0.003144,0.004248,0.004935,0.005067,40.587206
0.000141,0.000319,0.001047,0.002038,0.003141,0.004249,0.004940,0.005066,40.720324
0.000153,0.000350,0.001142,0.002108,0.003130,0.004210,0.004922,0.005067,40.397796
0.000180,0.000390,0.001236,0.002179,0.003050,0.004114,0.004899,0.005067,39.893887
0.000119,0.000266,0.000955,0.001876,0.002848,0.003949,0.004860,0.005067,41.348184
0.000057,0.000114,0.000422,0.001035,0.002234,0.003698,0.004793,0.005065,44.460508
0.000051,0.000098,0.000302,0.000748,0.001902,0.003477,0.004726,0.005064,45.258756
0.000040,0.000081,0.000286,0.000830,0.002041,0.003568,0.004739,0.005064,45.820947
0.000031,0.000068,0.000257,0.000821,0.002157,0.003707,0.004796,0.005065,46.404303
0.000035,0.000070,0.000227,0.000556,0.001577,0.003389,0.004743,0.005062,46.646109
0.000048,0.000096,0.000280,0.000643,0.001533,0.003218,0.004697,0.005061,45.575240
0.000032,0.000067,0.000245,0.000714,0.001831,0.003469,0.004771,0.005063,46.573632
0.000036,0.000087,0.000399,0.001341,0.002622,0.003939,0.004859,0.005065,45.225361
0.000041,0.000111,0.000576,0.001715,0.002886,0.004047,0.004875,0.005066,44.267461
0.000051,0.000142,0.000745,0.001903,0.003056,0.004126,0.004889,0.005068,43.415626
0.000053,0.000162,0.000929,0.002112,0.003172,0.004249,0.004918,0.005069,42.928454
0.000092,0.000264,0.001194,0.002310,0.003322,0.004323,0.004940,0.005067,41.406162
0.000146,0.000412,0.001428,0.002467,0.003411,0.004345,0.004959,0.005067,40.005973
0.000202,0.000526,0.001632,0.002597,0.003478,0.004396,0.004980,0.005068,39.039618
0.000233,0.000585,0.001684,0.002643,0.003534,0.004415,0.004978,0.005067,38.616843
0.000234,0.000587,0.001704,0.002662,0.003537,0.004420,0.004961,0.005067,38.596229
0.000202,0.000502,0.001613,0.002656,0.003533,0.004431,0.004953,0.005066,39.085482
0.000168,0.000449,0.001554,0.002656,0.003556,0.004439,0.004971,0.005064,39.561372
0.000142,0.000361,0.001337,0.002549,0.003512,0.004416,0.004964,0.005066,40.245044
0.000121,0.000295,0.001108,0.002284,0.003429,0.004393,0.004961,0.005067,40.953110
0.000076,0.000170,0.000627,0.001650,0.003130,0.004334,0.004942,0.005065,42.945324
0.000096,0.000190,0.000656,0.001593,0.002991,0.004216,0.004915,0.005065,42.443918
0.000106,0.000217,0.000683,0.001550,0.002946,0.004177,0.004913,0.005064,42.106847
0.000076,0.000156,0.000556,0.001515,0.003035,0.004265,0.004927,0.005063,43.178168
0.000116,0.000246,0.000902,0.002108,0.003344,0.004364,0.004943,0.005062,41.429412
0.000074,0.000158,0.000598,0.001552,0.003044,0.004302,0.004936,0.005065,43.141736
0.000086,0.000175,0.000592,0.001434,0.002915,0.004244,0.004933,0.005065,42.846330
0.000143,0.000278,0.000814,0.001716,0.003037,0.004211,0.004927,0.005063,41.106941
0.000084,0.000159,0.000507,0.001226,0.002662,0.004162,0.004932,0.005064,43.194659
0.000073,0.000146,0.000518,0.001303,0.002709,0.004180,0.004915,0.005064,43.479420
0.000126,0.000257,0.000906,0.001935,0.003073,0.004227,0.004919,0.005067,41.294975
0.000095,0.000202,0.000766,0.001788,0.003057,0.004224,0.004929,0.005065,42.200141
0.000039,0.000091,0.000458,0.001406,0.002855,0.004207,0.004936,0.005065,44.887513
0.000044,0.000094,0.000390,0.001189,0.002692,0.004153,0.004941,0.005064,44.946207
0.000045,0.000101,0.000407,0.001198,0.002709,0.004136,0.004935,0.005066,44.836840
0.000059,0.000143,0.000563,0.001441,0.002814,0.004175,0.004936,0.005065,43.695932
0.000078,0.000206,0.000807,0.001719,0.003004,0.004251,0.004945,0.005065,42.479964
0.000088,0.000235,0.000903,0.001848,0.003064,0.004261,0.004938,0.005066,42.014232
0.000095,0.000249,0.000958,0.001877,0.003075,0.004270,0.004950,0.005063,41.767236
0.000097,0.000246,0.000963,0.001951,0.003142,0.004303,0.004955,0.005064,41.713029
0.000113,0.000271,0.001049,0.002099,0.003206,0.004285,0.004945,0.005066,41.249540
0.000113,0.000263,0.000976,0.002032,0.003213,0.004274,0.004951,0.005066,41.366499
0.000097,0.000228,0.000858,0.001878,0.003153,0.004256,0.004945,0.005068,41.930829
0.000099,0.000236,0.000889,0.001908,0.003177,0.004249,0.004932,0.005066,41.803955
0.000110,0.000268,0.001025,0.002101,0.003217,0.004225,0.004927,0.005067,41.337611
0.000151,0.000350,0.001187,0.002218,0.003252,0.004226,0.004936,0.005064,40.349984
0.000143,0.000331,0.001129,0.002181,0.003231,0.004251,0.004948,0.005063,40.559221
0.000122,0.000265,0.000906,0.001958,0.003150,0.004252,0.004942,0.005062,41.307882
0.000079,0.000192,0.000758,0.001782,0.003136,0.004254,0.004942,0.005064,42.563636
0.000112,0.000257,0.000934,0.001984,0.003226,0.004278,0.004945,0.005066,41.460688
0.000115,0.000267,0.000985,0.002040,0.003202,0.004232,0.004941,0.005065,41.317823
0.000141,0.000325,0.001097,0.002104,0.003228,0.004244,0.004941,0.005066,40.653576
0.000141,0.000335,0.001183,0.002203,0.003239,0.004220,0.004920,0.005064,40.523623
0.000149,0.000351,0.001172,0.002165,0.003216,0.004210,0.004918,0.005064,40.396948
0.000139,0.000324,0.001092,0.002072,0.003176,0.004203,0.004928,0.005068,40.683484
0.000130,0.000292,0.001028,0.002025,0.003130,0.004177,0.004908,0.005067,40.984135
0.000130,0.000287,0.001029,0.001975,0.003072,0.004147,0.004902,0.005066,41.005564
0.000138,0.000321,0.001068,0.002007,0.003084,0.004145,0.004925,0.005067,40.743219
0.000116,0.000279,0.001010,0.002016,0.003106,0.004147,0.004922,0.005065,41.248060
0.000115,0.000272,0.000991,0.001981,0.003107,0.004160,0.004911,0.005066,41.310589
0.000153,0.000362,0.001154,0.002159,0.003248,0.004258,0.004948,0.005067,40.336677
0.000155,0.000377,0.001206,0.002285,0.003378,0.004339,0.004970,0.005067,40.195165
0.000163,0.000389,0.001232,0.002297,0.003449,0.004369,0.004976,0.005068,40.050399
0.000333,0.000747,0.001780,0.002642,0.003644,0.004438,0.004986,0.005067,37.581893
0.000635,0.001338,0.002354,0.002993,0.003855,0.004510,0.004990,0.005068,35.252399
0.000718,0.001479,0.002502,0.003142,0.003985,0.004558,0.004993,0.005069,34.796951
0.001347,0.002319,0.003283,0.003768,0.004423,0.004768,0.005029,0.005070,32.534049
0.000073,0.000145,0.000364,0.000584,0.000782,0.000934,0.001022,0.001033,44.350982
0.000030,0.000073,0.000256,0.000463,0.000672,0.000868,0.001010,0.001033,47.223499
0.000076,0.000163,0.000368,0.000509,0.000691,0.000883,0.001011,0.001033,44.166386
0.000096,0.000193,0.000373,0.000506,0.000697,0.000883,0.001011,0.001032,43.440999
0.000104,0.000204,0.000385,0.000507,0.000689,0.000881,0.001009,0.001032,43.183535
0.000110,0.000213,0.000396,0.000513,0.000694,0.000882,0.001012,0.001033,42.983282
0.000110,0.000216,0.000409,0.000537,0.000713,0.000891,0.001013,0.001033,42.933956
0.000104,0.000209,0.000417,0.000542,0.000726,0.000893,0.001012,0.001033,43.083295
0.000088,0.000187,0.000401,0.000538,0.000724,0.000909,0.001014,0.001033,43.630089
0.000076,0.000168,0.000375,0.000522,0.000711,0.000898,0.001013,0.001033,44.131868
0.000067,0.000153,0.000352,0.000515,0.000713,0.000901,0.001013,0.001032,44.555669
0.000056,0.000134,0.000321,0.000502,0.000696,0.000894,0.001012,0.001032,45.152675
0.000046,0.000105,0.000291,0.000492,0.000696,0.000894,0.001012,0.001033,45.880539
0.000035,0.000078,0.000255,0.000463,0.000677,0.000891,0.001009,0.001032,46.886350
0.000029,0.000064,0.000214,0.000436,0.000660,0.000881,0.001009,0.001032,47.618026
0.000026,0.000057,0.000204,0.000426,0.000647,0.000871,0.001009,0.001033,47.992569
0.000029,0.000064,0.000211,0.000428,0.000646,0.000866,0.001008,0.001033,47.606567
0.000030,0.000069,0.000225,0.000433,0.000647,0.000865,0.001007,0.001033,47.428399
0.000030,0.000064,0.000207,0.000416,0.000637,0.000864,0.001006,0.001033,47.600752
0.000028,0.000063,0.000210,0.000411,0.000637,0.000864,0.001007,0.001033,47.733887
0.000030,0.000069,0.000229,0.000426,0.000634,0.000856,0.001003,0.001033,47.409192
0.000036,0.000078,0.000248,0.000440,0.000618,0.000837,0.000998,0.001033,46.903070
0.000023,0.000053,0.000191,0.000378,0.000577,0.000803,0.000990,0.001033,48.365518
0.000011,0.000023,0.000084,0.000208,0.000451,0.000751,0.000976,0.001032,51.499268
0.000010,0.000019,0.000060,0.000150,0.000384,0.000706,0.000963,0.001032,52.306440
0.000008,0.000016,0.000057,0.000166,0.000412,0.000724,0.000965,0.001032,52.866750
0.000006,0.000013,0.000051,0.000164,0.000436,0.000753,0.000977,0.001032,53.448776
0.000007,0.000014,0.000045,0.000111,0.000318,0.000688,0.000966,0.001032,53.701022
0.000009,0.000019,0.000055,0.000128,0.000308,0.000652,0.000957,0.001032,52.627145
0.000006,0.000013,0.000049,0.000143,0.000369,0.000704,0.000972,0.001032,53.623035
0.000007,0.000017,0.000079,0.000270,0.000530,0.000801,0.000990,0.001032,52.256015
0.000008,0.000022,0.000115,0.000346,0.000585,0.000823,0.000993,0.001033,51.289149
0.000010,0.000028,0.000149,0.000384,0.000619,0.000839,0.000996,0.001033,50.433003
0.000010,0.000032,0.000186,0.000426,0.000643,0.000864,0.001002,0.001033,49.939780
0.000018,0.000052,0.000240,0.000467,0.000674,0.000879,0.001006,0.001033,48.414781
0.000029,0.000082,0.000287,0.000499,0.000692,0.000884,0.001011,0.001033,47.010345
0.000040,0.000105,0.000329,0.000526,0.000706,0.000895,0.001015,0.001033,46.039810
0.000046,0.000117,0.000339,0.000535,0.000717,0.000898,0.001014,0.001033,45.615359
0.000046,0.000117,0.000343,0.000539,0.000718,0.000899,0.001011,0.001033,45.594459
0.000040,0.000100,0.000325,0.000538,0.000717,0.000902,0.001009,0.001033,46.086019
0.000033,0.000089,0.000313,0.000538,0.000722,0.000903,0.001013,0.001032,46.563073
0.000028,0.000072,0.000269,0.000516,0.000713,0.000899,0.001012,0.001033,47.250843
0.000024,0.000058,0.000222,0.000461,0.000696,0.000894,0.001011,0.001033,47.964082
0.000015,0.000034,0.000125,0.000332,0.000635,0.000882,0.001007,0.001032,49.969786
0.000019,0.000037,0.000131,0.000321,0.000606,0.000857,0.001001,0.001032,49.469145
0.000021,0.000043,0.000136,0.000312,0.000597,0.000849,0.001001,0.001032,49.131488
0.000015,0.000031,0.000111,0.000305,0.000615,0.000868,0.001004,0.001032,50.205895
0.000023,0.000049,0.000181,0.000426,0.000678,0.000888,0.001007,0.001032,48.445449
0.000014,0.000031,0.000119,0.000312,0.000617,0.000875,0.001006,0.001032,50.167997
0.000017,0.000035,0.000118,0.000288,0.000591,0.000863,0.001005,0.001032,49.874278
0.000028,0.000055,0.000163,0.000346,0.000615,0.000856,0.001004,0.001032,48.126600
0.000016,0.000031,0.000101,0.000246,0.000539,0.000846,0.001005,0.001032,50.227223
0.000014,0.000029,0.000103,0.000262,0.000548,0.000850,0.001002,0.001032,50.510975
0.000025,0.000051,0.000182,0.000390,0.000623,0.000860,0.001002,0.001033,48.312462
0.000019,0.000040,0.000153,0.000360,0.000619,0.000859,0.001004,0.001032,49.221485
0.000008,0.000018,0.000091,0.000283,0.000578,0.000856,0.001006,0.001032,51.915103
0.000009,0.000019,0.000077,0.000239,0.000545,0.000844,0.001007,0.001032,51.980442
0.000009,0.000020,0.000081,0.000241,0.000548,0.000841,0.001006,0.001033,51.870433
0.000012,0.000028,0.000112,0.000290,0.000570,0.000849,0.001006,0.001032,50.723836
0.000015,0.000041,0.000161,0.000346,0.000609,0.000865,0.001008,0.001032,49.500072
0.000017,0.000047,0.000181,0.000373,0.000621,0.000867,0.001006,0.001033,49.031572
0.000019,0.000049,0.000192,0.000379,0.000623,0.000869,0.001009,0.001032,48.783472
0.000019,0.000049,0.000193,0.000394,0.000637,0.000875,0.001010,0.001032,48.728754
0.000022,0.000054,0.000210,0.000424,0.000650,0.000872,0.001008,0.001033,48.263038
0.000022,0.000052,0.000196,0.000410,0.000651,0.000869,0.001009,0.001033,48.381699
0.000019,0.000045,0.000172,0.000379,0.000639,0.000866,0.001008,0.001033,48.949193
0.000020,0.000047,0.000178,0.000385,0.000644,0.000864,0.001005,0.001033,48.821499
0.000022,0.000053,0.000205,0.000424,0.000652,0.000859,0.001004,0.001033,48.351427
0.000030,0.000070,0.000238,0.000448,0.000660,0.000860,0.001006,0.001032,47.360075
0.000028,0.000066,0.000227,0.000441,0.000655,0.000865,0.001008,0.001032,47.570563
0.000024,0.000053,0.000181,0.000395,0.000639,0.000865,0.001007,0.001032,48.324897
0.000015,0.000038,0.000152,0.000359,0.000636,0.000865,0.001007,0.001032,49.584274
0.000022,0.000051,0.000187,0.000400,0.000654,0.000870,0.001008,0.001033,48.476891
0.000023,0.000053,0.000198,0.000412,0.000649,0.000861,0.001007,0.001032,48.332833
0.000028,0.000064,0.000220,0.000425,0.000655,0.000863,0.001007,0.001033,47.665863
0.000028,0.000067,0.000237,0.000445,0.000657,0.000858,0.001003,0.001032,47.534036
0.000029,0.000070,0.000235,0.000437,0.000652,0.000856,0.001002,0.001032,47.407495
0.000027,0.000064,0.000219,0.000418,0.000644,0.000855,0.001004,0.001033,47.696096
0.000026,0.000058,0.000206,0.000409,0.000634,0.000849,0.001000,0.001033,47.998543
0.000026,0.000057,0.000206,0.000398,0.000623,0.000843,0.000999,0.001033,48.020430
0.000027,0.000064,0.000214,0.000405,0.000625,0.000843,0.001003,0.001033,47.756707
0.000023,0.000055,0.000202,0.000407,0.000629,0.000843,0.001003,0.001032,48.262829
0.000023,0.000054,0.000199,0.000400,0.000630,0.000846,0.001001,0.001033,48.325962
0.000030,0.000072,0.000232,0.000436,0.000659,0.000866,0.001008,0.001033,47.347243
0.000031,0.000075,0.000242,0.000462,0.000685,0.000883,0.001013,0.001033,47.204009
0.000032,0.000077,0.000247,0.000464,0.000700,0.000889,0.001014,0.001033,47.058568
0.000066,0.000149,0.000359,0.000535,0.000740,0.000903,0.001016,0.001033,44.575982
0.000127,0.000269,0.000476,0.000606,0.000783,0.000918,0.001017,0.001033,42.230294
0.000144,0.000298,0.000506,0.000637,0.000810,0.000928,0.001018,0.001033,41.771296
0.000271,0.000469,0.000666,0.000765,0.000900,0.000971,0.001025,0.001033,39.490126
