0.641043,0.618851,0.594415,0.558229,0.470279,0.314626,0.110373,0.002515,15.639835,5.280987
1.020247,0.926888,0.832402,0.716295,0.553216,0.333021,0.110868,0.002723,26.793497,3.755880
1.338243,1.094695,0.931438,0.757485,0.568628,0.333523,0.110561,0.002723,33.506048,1.127950
0.637411,0.626185,0.597015,0.559209,0.475313,0.322831,0.105819,0.004396,15.640743,5.139442
1.001916,0.925585,0.835112,0.710843,0.560108,0.337437,0.107521,0.004306,27.028413,3.770038
1.347639,1.097238,0.937243,0.760149,0.573250,0.338625,0.107702,0.004306,34.363911,1.025050
0.628451,0.622523,0.602439,0.553799,0.481668,0.316840,0.108701,0.002813,15.530930,5.134077
0.992997,0.921707,0.834802,0.715680,0.562994,0.338621,0.109404,0.002922,26.551196,3.535390
1.289711,1.108114,0.949102,0.760600,0.575381,0.339166,0.109405,0.002922,33.600071,0.928287
0.646662,0.620813,0.597809,0.552910,0.480301,0.321229,0.106525,0.008915,15.670679,5.202670
1.028626,0.931877,0.839763,0.706353,0.567707,0.337855,0.106883,0.009008,27.304323,3.577827
1.352353,1.098897,0.948433,0.756594,0.581720,0.337568,0.106839,0.009008,33.936466,0.898167
0.633028,0.629213,0.602092,0.553855,0.474999,0.315884,0.105981,0.003770,15.608766,5.069259
0.999922,0.934699,0.839313,0.711809,0.551001,0.332251,0.106980,0.003650,26.694571,3.554518
1.325216,1.108071,0.957918,0.755632,0.568457,0.333078,0.106604,0.003650,33.824345,0.859239
0.640194,0.612659,0.602251,0.557059,0.477501,0.317755,0.112938,0.007499,15.659622,5.171121
0.999432,0.919710,0.842983,0.709040,0.553108,0.337327,0.113879,0.007860,26.767187,3.347244
1.305083,1.104850,0.942483,0.757529,0.566825,0.338148,0.113939,0.007879,33.286918,0.949729
0.632518,0.624804,0.596832,0.554125,0.481691,0.310834,0.114478,0.005284,15.566277,5.094921
0.992087,0.917279,0.831490,0.711727,0.561889,0.328990,0.114898,0.005384,26.482365,3.808947
1.306631,1.076989,0.933268,0.765428,0.578600,0.330905,0.115434,0.005384,33.495872,0.848751
0.642448,0.619302,0.603865,0.547834,0.488115,0.310349,0.104641,0.005568,15.632351,5.157595
1.012619,0.915771,0.832742,0.701304,0.565663,0.328978,0.105757,0.005688,26.770478,3.610358
1.308744,1.096099,0.935493,0.748704,0.578398,0.331043,0.105532,0.005688,33.981802,1.097761
0.639499,0.620256,0.608155,0.558029,0.475157,0.319817,0.105773,0.007998,15.616682,5.043417
0.993562,0.919424,0.836409,0.717232,0.554692,0.334252,0.106422,0.007940,26.448091,3.763579
1.284645,1.092417,0.927315,0.762865,0.571369,0.336239,0.106521,0.007881,33.971213,0.671058
0.633236,0.622454,0.594352,0.555570,0.473238,0.319422,0.104590,0.002259,15.552393,5.080893
1.002521,0.927444,0.826797,0.708645,0.552926,0.337339,0.104277,0.002140,26.720104,3.425163
1.304381,1.100459,0.930750,0.754920,0.568403,0.337982,0.103702,0.002140,33.209135,1.028700
0.629405,0.615258,0.608749,0.551394,0.482286,0.319280,0.106718,0.005993,15.525817,5.124293
0.985650,0.919465,0.842992,0.703092,0.571154,0.337853,0.106981,0.005796,26.270525,3.943624
1.274930,1.095845,0.939790,0.752792,0.588163,0.339525,0.107039,0.005836,33.789994,0.752005
0.631050,0.620580,0.602776,0.560357,0.482594,0.322526,0.106129,0.006475,15.545095,5.127563
0.999922,0.925561,0.832542,0.712383,0.561608,0.339659,0.105995,0.007105,26.597809,3.444338
1.307252,1.095606,0.933234,0.755580,0.576797,0.341620,0.106102,0.007076,33.421361,0.867130
0.625671,0.619201,0.595452,0.558563,0.471916,0.316616,0.108750,0.011732,15.457858,4.934290
0.980232,0.911839,0.822234,0.708753,0.553075,0.334376,0.109670,0.012254,26.173216,3.660019
1.296295,1.085911,0.928545,0.757264,0.567720,0.336498,0.109726,0.012215,33.274941,1.194125
0.634974,0.618016,0.596701,0.556230,0.472511,0.311263,0.110959,0.006214,15.599572,5.031392
0.997515,0.912180,0.834911,0.711986,0.557849,0.332507,0.111503,0.006213,26.707492,3.488475
1.295601,1.088435,0.927095,0.756643,0.571145,0.334670,0.111769,0.006213,33.353683,1.061748
0.629012,0.626353,0.593674,0.546525,0.478894,0.317745,0.114149,0.002689,15.560114,5.081072
0.982436,0.912672,0.829137,0.700997,0.561819,0.335913,0.113562,0.002788,26.396652,3.736225
1.286260,1.072179,0.929330,0.743307,0.576672,0.335657,0.113692,0.002807,33.512843,0.727692
0.632866,0.615731,0.602423,0.553183,0.481070,0.309204,0.107000,-0.002091,15.575520,5.073277
0.985164,0.919209,0.841871,0.709351,0.559750,0.327746,0.107505,-0.001882,26.613233,3.636106
1.315230,1.126953,0.944136,0.751416,0.576766,0.330524,0.107577,-0.001882,33.394811,1.116994
0.637932,0.619217,0.604284,0.561890,0.469670,0.314259,0.104861,-0.001197,15.625797,5.022733
0.986194,0.913810,0.840137,0.718595,0.547910,0.333755,0.105806,-0.001098,26.722254,3.596608
1.298402,1.118418,0.950938,0.765651,0.568072,0.335643,0.105798,-0.001138,34.314230,0.653395
0.636549,0.619056,0.598204,0.549958,0.485004,0.319995,0.108278,0.003791,15.591516,5.087860
0.991888,0.919366,0.835670,0.701192,0.565890,0.338886,0.109634,0.003761,26.528667,3.444461
1.295504,1.096195,0.944656,0.752306,0.581929,0.339854,0.109402,0.003761,33.138917,1.074439
0.638034,0.624903,0.596040,0.552212,0.472297,0.318421,0.105769,0.003348,15.665867,5.002065
1.004598,0.921118,0.834635,0.705617,0.552537,0.336324,0.104754,0.003220,26.767389,3.282168
1.315065,1.091467,0.935266,0.749514,0.569021,0.337370,0.104869,0.003259,33.998179,0.848480
0.634398,0.609661,0.600001,0.551025,0.472228,0.317239,0.102246,0.001797,15.554056,5.081326
1.001093,0.923139,0.835261,0.706628,0.552919,0.334301,0.103263,0.001777,26.566040,3.674518
1.300534,1.114034,0.935835,0.758085,0.566285,0.334920,0.103262,0.001777,34.176643,0.574147
0.793817,0.762766,0.746762,0.680496,0.579694,0.372625,0.126341,0.003404,18.319763,6.731477
1.342426,1.162700,1.046102,0.862878,0.663955,0.389226,0.128857,0.003583,33.695944,2.422536
1.598890,1.278225,1.100097,0.885285,0.668872,0.389553,0.128786,0.003603,39.040407,0.019270
0.802744,0.776768,0.739683,0.672744,0.589455,0.375642,0.129962,0.006269,18.505247,6.761590
1.362928,1.168533,1.038909,0.862755,0.661092,0.392697,0.129147,0.006163,34.259042,3.104373
1.602547,1.253339,1.101284,0.892167,0.669286,0.393596,0.129268,0.006163,39.802810,0.026143
0.811195,0.762307,0.731049,0.691554,0.582978,0.376434,0.126776,-0.000505,18.555393,7.031936
1.363411,1.152895,1.026934,0.859377,0.664996,0.397725,0.127539,-0.000604,34.555769,2.775254
1.671126,1.259631,1.089494,0.877591,0.671736,0.397785,0.127418,-0.000604,39.708424,-0.028295
0.800150,0.762663,0.731473,0.689367,0.576579,0.381986,0.129601,0.004495,18.417197,6.710975
1.365262,1.163336,1.040156,0.855037,0.665257,0.400813,0.131264,0.004811,34.646233,2.198148
1.633095,1.279364,1.105543,0.874227,0.670369,0.400088,0.131637,0.004870,40.091617,0.113572
0.806337,0.768888,0.755684,0.677804,0.588601,0.372563,0.131265,0.001803,18.555202,6.633959
1.355713,1.175926,1.061640,0.845216,0.668835,0.393118,0.130632,0.001645,34.822531,2.178288
1.629292,1.272604,1.104283,0.869047,0.674762,0.394030,0.130725,0.001684,39.703720,0.165678
0.804286,0.765466,0.739313,0.685055,0.578440,0.382222,0.132127,0.004067,18.452760,6.940427
1.343418,1.172981,1.046176,0.852583,0.655643,0.400819,0.132407,0.004146,33.898099,2.687938
1.630281,1.281207,1.100120,0.867599,0.660567,0.402087,0.132417,0.004146,39.371261,0.300241
0.788817,0.772311,0.748443,0.683074,0.573504,0.379426,0.130131,0.005575,18.281743,6.657047
1.343968,1.186889,1.062137,0.853610,0.661861,0.396652,0.129232,0.005508,34.185114,2.386536
1.642493,1.271944,1.112458,0.881174,0.673076,0.397490,0.129247,0.005508,38.777586,0.469874
0.791781,0.760701,0.752697,0.686291,0.587704,0.376961,0.132084,0.003934,18.324709,6.852706
1.348725,1.168452,1.061964,0.861678,0.670215,0.392050,0.132704,0.004189,33.899766,2.976942
1.625719,1.283983,1.124596,0.887086,0.675051,0.392558,0.132767,0.004189,39.952721,0.028350
0.778769,0.770738,0.749977,0.677533,0.574910,0.379546,0.127653,0.014907,18.185563,6.386056
1.319490,1.183337,1.043282,0.863739,0.658621,0.395508,0.128503,0.014864,33.303172,2.971448
1.564388,1.282441,1.091624,0.884766,0.665434,0.396324,0.128823,0.014864,39.471613,0.113377
0.783885,0.775224,0.744903,0.671396,0.584867,0.380582,0.125439,-0.000576,18.294748,6.788030
1.344278,1.179558,1.050576,0.862198,0.666840,0.400971,0.126315,-0.000576,33.186176,3.224437
1.592621,1.290419,1.111944,0.883367,0.671037,0.401102,0.126208,-0.000576,38.914501,0.062036
0.786238,0.765996,0.739327,0.682340,0.585594,0.373738,0.130846,0.008235,18.261814,6.775977
1.373651,1.178359,1.039096,0.850478,0.664404,0.388004,0.130756,0.008332,34.092102,2.951583
1.630607,1.297376,1.095722,0.869770,0.668894,0.389053,0.130815,0.008332,40.162008,0.249589
0.794474,0.766895,0.747640,0.682744,0.581037,0.378749,0.128792,0.004238,18.353842,6.702717
1.342202,1.163168,1.051173,0.845945,0.661996,0.396656,0.129902,0.004534,33.578600,2.642738
1.611750,1.271650,1.102972,0.862995,0.671166,0.396844,0.130027,0.004534,39.415647,-0.008538
0.794953,0.771894,0.739402,0.677396,0.585040,0.375513,0.128014,0.008195,18.338438,6.628958
1.339762,1.164526,1.031386,0.853178,0.667208,0.393078,0.128527,0.008604,34.827061,1.708093
1.626098,1.270242,1.089736,0.874116,0.672572,0.393692,0.128485,0.008486,39.518192,0.078370
0.795997,0.768310,0.750786,0.678338,0.575016,0.376128,0.129942,0.009762,18.408667,6.749749
1.383076,1.176411,1.044879,0.848506,0.656560,0.395617,0.129450,0.009633,34.510809,2.011858
1.634007,1.262290,1.096559,0.869477,0.668436,0.397130,0.129842,0.009633,38.461959,0.045137
0.784414,0.779675,0.741369,0.678398,0.583218,0.379670,0.133497,0.000899,18.288467,6.652674
1.329740,1.201836,1.031308,0.848843,0.654471,0.394748,0.133718,0.000919,33.725939,2.232188
1.579243,1.297296,1.090503,0.874097,0.662666,0.395831,0.133320,0.000919,39.021959,0.342934
0.795942,0.772607,0.745254,0.682517,0.578555,0.373889,0.126039,0.007445,18.440234,6.717976
1.362328,1.158220,1.039688,0.855840,0.663189,0.394431,0.126787,0.007221,34.128251,2.959321
1.616136,1.266975,1.093217,0.872670,0.669176,0.396198,0.126896,0.007240,39.511034,0.280327
0.795490,0.770684,0.734654,0.680977,0.580408,0.381498,0.128052,0.002136,18.457745,6.986256
1.345825,1.189669,1.037033,0.869495,0.660995,0.397689,0.126745,0.002175,34.194326,2.547052
1.616801,1.286583,1.094237,0.894473,0.666707,0.398012,0.126717,0.002175,39.303385,0.014841
0.804263,0.770120,0.746082,0.685848,0.579124,0.381607,0.129434,0.005870,18.528818,6.989816
1.356929,1.178281,1.041650,0.851117,0.659093,0.395181,0.130549,0.005981,34.553986,2.046534
1.592714,1.291765,1.102749,0.868502,0.666321,0.395619,0.130571,0.005981,39.409363,0.119893
0.795017,0.764225,0.737286,0.679198,0.586401,0.377892,0.125691,0.007144,18.339905,6.638532
1.358218,1.178157,1.043709,0.857833,0.667059,0.394597,0.126205,0.007103,34.442580,2.318721
1.627461,1.289896,1.091910,0.884247,0.674778,0.396074,0.125974,0.007103,39.177043,0.052404
0.791870,0.779407,0.744168,0.693383,0.573389,0.374811,0.127709,0.003098,18.335345,6.642440
1.352153,1.177858,1.008309,0.862386,0.651681,0.391472,0.127153,0.003088,34.482727,2.693251
1.597235,1.293232,1.059604,0.883595,0.656424,0.391037,0.127236,0.003088,39.154101,0.531050
1.002968,0.954833,0.925108,0.822328,0.683496,0.420294,0.144333,0.002625,22.183106,8.578539
1.724702,1.335821,1.187373,0.950021,0.737065,0.430160,0.145687,0.002645,42.167102,0.942957
1.839904,1.359895,1.192621,0.950348,0.738186,0.429989,0.145610,0.002645,44.656572,0.010485
1.023186,0.960155,0.922997,0.829908,0.680989,0.425011,0.142261,0.007181,22.455959,8.145542
1.698818,1.315906,1.181256,0.947520,0.728041,0.434494,0.142953,0.007280,42.296994,0.425206
1.775863,1.345459,1.188528,0.948936,0.730383,0.435056,0.142765,0.007280,43.578518,0.060432
1.018600,0.970128,0.938355,0.819619,0.683861,0.421653,0.141372,0.003325,22.492733,8.302944
1.634603,1.349868,1.183835,0.955714,0.737337,0.431626,0.140223,0.003246,41.958831,1.508398
1.723348,1.382361,1.191970,0.959040,0.738214,0.431989,0.140309,0.003246,45.773321,-0.391293
1.022883,0.973635,0.931143,0.842065,0.676073,0.428473,0.142382,0.005405,22.544864,8.579649
1.712014,1.349667,1.194121,0.958007,0.726731,0.441181,0.142191,0.005385,43.195663,0.692468
1.820378,1.364726,1.205032,0.960202,0.728388,0.440891,0.142250,0.005385,44.729071,0.364378
1.011087,0.962315,0.917060,0.829396,0.681506,0.420456,0.143700,0.008138,22.347827,8.458014
1.685853,1.343564,1.177234,0.954632,0.734002,0.430324,0.143745,0.007958,41.243691,1.021643
1.734263,1.360637,1.186296,0.956462,0.734413,0.430604,0.143714,0.007978,44.220111,-0.257676
1.011304,0.959516,0.923512,0.821470,0.681218,0.426392,0.139849,0.006414,22.347771,8.134029
1.672456,1.351698,1.180784,0.953107,0.732115,0.436030,0.140552,0.006138,43.446127,0.814597
1.746390,1.371840,1.197756,0.953293,0.731439,0.435901,0.140510,0.006138,45.375776,0.004000
1.027287,0.965460,0.936698,0.822608,0.677252,0.421040,0.145580,0.004915,22.530931,8.284373
1.693669,1.335087,1.200699,0.951354,0.730074,0.429559,0.147038,0.004836,40.826987,1.403667
1.789489,1.368107,1.202774,0.957096,0.732006,0.428902,0.147041,0.004836,43.476416,-0.123104
1.022531,0.978749,0.929291,0.821493,0.682497,0.423166,0.145204,0.006472,22.543514,8.146237
1.725078,1.330735,1.191082,0.957517,0.733744,0.435143,0.145432,0.006512,41.794205,1.676685
1.794318,1.367426,1.199937,0.961178,0.735175,0.435303,0.145483,0.006512,44.332931,0.038766
1.014151,0.965608,0.926487,0.821999,0.682213,0.424068,0.142665,0.008593,22.418604,8.347172
1.704081,1.362659,1.188641,0.955171,0.735349,0.433585,0.143729,0.008534,42.695500,0.597081
1.793868,1.396353,1.202486,0.959009,0.736522,0.433855,0.143605,0.008534,44.242960,0.004833
1.015794,0.958391,0.921584,0.829070,0.682576,0.427556,0.136876,0.000879,22.369509,7.816362
1.637988,1.344779,1.185069,0.950364,0.737050,0.437444,0.137572,0.000840,40.811322,1.571624
1.758817,1.375679,1.200562,0.955667,0.736259,0.437602,0.137565,0.000840,44.641218,0.265773
1.002734,0.976632,0.932326,0.824051,0.687143,0.425485,0.143039,0.008711,22.313461,8.537096
1.681228,1.372228,1.172071,0.942239,0.729913,0.435901,0.143704,0.008964,41.851362,1.298777
1.756878,1.381097,1.185681,0.947244,0.731792,0.435829,0.143543,0.009003,45.092363,-0.003829
0.999186,0.966301,0.925912,0.821644,0.683113,0.428886,0.144589,0.005693,22.196102,8.219096
1.647275,1.351554,1.181964,0.950114,0.734524,0.438738,0.144416,0.005673,41.483532,1.338956
1.759913,1.375176,1.196776,0.951651,0.735282,0.439226,0.144447,0.005673,43.393466,0.026041
1.032320,0.983034,0.923738,0.828165,0.678598,0.428045,0.145788,0.010825,22.607170,7.632425
1.694314,1.358387,1.172252,0.950304,0.725146,0.438792,0.147070,0.010651,41.214444,0.889124
1.764434,1.377321,1.184597,0.953996,0.726277,0.438695,0.147104,0.010651,43.668364,-0.000491
1.029351,0.981595,0.935261,0.823516,0.682704,0.422597,0.142130,0.008684,22.629495,8.006621
1.673514,1.348880,1.172776,0.950391,0.732647,0.432257,0.143496,0.008814,42.582973,0.886013
1.778246,1.372951,1.186244,0.952807,0.733867,0.432999,0.143538,0.008814,45.036267,0.001849
1.020468,0.952631,0.940997,0.814708,0.678508,0.425959,0.146454,0.004191,22.473904,8.354097
1.695190,1.363716,1.181780,0.941938,0.723822,0.434040,0.147166,0.004171,43.526818,-0.029757
1.771139,1.374410,1.188088,0.948113,0.724848,0.434234,0.147252,0.004171,45.227365,0.005360
1.009140,0.965285,0.929262,0.819745,0.685367,0.426829,0.140608,0.007491,22.305693,8.673866
1.684096,1.351688,1.180510,0.936164,0.731210,0.436060,0.141538,0.007393,41.818391,1.030348
1.782702,1.374165,1.197106,0.942146,0.732206,0.436701,0.141595,0.007393,44.450246,0.084823
1.012848,0.963393,0.925002,0.827856,0.676330,0.427517,0.140357,0.005843,22.360630,8.597886
1.694403,1.361754,1.160139,0.960037,0.726683,0.437598,0.141364,0.005950,41.154370,1.213174
1.770052,1.383146,1.174627,0.962558,0.729727,0.437477,0.141371,0.005950,44.789424,-0.090509
1.010781,0.956077,0.922160,0.829685,0.678584,0.425603,0.141624,0.005164,22.255668,8.130170
1.682057,1.346381,1.170751,0.952191,0.733897,0.434885,0.142137,0.005224,41.808329,2.569430
1.760439,1.370297,1.182338,0.956050,0.735217,0.435646,0.142209,0.005224,46.414444,0.026395
0.993590,0.972582,0.920869,0.824147,0.674530,0.427694,0.139879,0.006275,22.103054,7.921696
1.652228,1.351047,1.155013,0.947496,0.729455,0.436207,0.141251,0.006246,42.430349,0.165828
1.745463,1.362286,1.168867,0.953990,0.730822,0.436162,0.141327,0.006246,43.884777,0.282025
1.007584,0.979940,0.905811,0.827178,0.677099,0.423977,0.138245,0.004710,22.324735,7.818765
1.650094,1.347599,1.144694,0.947303,0.728121,0.430190,0.138893,0.004670,41.783870,0.997187
1.773965,1.379432,1.155486,0.949004,0.731103,0.430874,0.138960,0.004670,44.399059,0.325063
1.283875,1.222117,1.087165,0.942208,0.741345,0.443179,0.153576,0.004191,27.555129,9.168566
1.841006,1.411880,1.230190,0.993614,0.763399,0.446955,0.153460,0.004211,49.798267,-0.204417
1.864005,1.411924,1.232474,0.992231,0.763218,0.446639,0.153469,0.004211,49.746999,0.000000
1.321887,1.206030,1.082255,0.937302,0.741794,0.449451,0.149750,0.009089,28.081394,8.773465
1.818243,1.413065,1.237233,0.998664,0.758305,0.452617,0.149971,0.008981,51.728471,-0.009015
1.845137,1.412384,1.239358,1.000520,0.759321,0.452478,0.149844,0.008981,51.663438,0.000000
1.286259,1.187474,1.118360,0.934885,0.743860,0.447242,0.147582,0.002681,27.576063,8.203608
1.815469,1.407181,1.240854,0.993380,0.764895,0.450865,0.147844,0.002602,50.721634,-0.148052
1.815469,1.407271,1.238340,0.993424,0.764541,0.450952,0.147844,0.002602,50.926796,-0.001305
1.272666,1.175238,1.107749,0.945001,0.744577,0.451932,0.149397,0.005381,27.251539,9.318101
1.780254,1.395268,1.253073,0.999602,0.761537,0.454039,0.149095,0.005420,48.017526,2.156192
1.820516,1.399294,1.253473,0.999667,0.761781,0.454090,0.149063,0.005420,52.582125,0.000000
1.287823,1.196624,1.118050,0.946306,0.743419,0.449487,0.149723,0.006638,27.750810,9.775631
1.817914,1.404488,1.251393,0.990168,0.764947,0.451886,0.149369,0.006658,50.494462,0.477752
1.817914,1.403633,1.249901,0.990691,0.765038,0.451822,0.149369,0.006658,50.717436,0.000000
1.277359,1.196156,1.113867,0.936372,0.737168,0.453096,0.150510,0.006490,27.526495,10.167465
1.860912,1.402539,1.241317,0.982044,0.755569,0.456120,0.150693,0.006412,51.422853,0.124644
1.852783,1.405730,1.245795,0.981843,0.755965,0.456159,0.150693,0.006412,51.623425,0.000000
1.330272,1.180149,1.112821,0.940266,0.747190,0.450260,0.151129,0.004419,27.955989,8.938372
1.845449,1.407674,1.253537,0.997472,0.765805,0.452137,0.150905,0.004400,50.150056,-1.730229
1.851780,1.410980,1.254119,0.998634,0.766075,0.452100,0.150905,0.004400,50.828980,0.000000
1.302851,1.189877,1.113831,0.942411,0.744002,0.448917,0.149544,0.008695,27.792368,9.756867
1.844563,1.417850,1.242247,0.998291,0.763948,0.451422,0.150424,0.008892,53.595778,-0.050369
1.840045,1.420733,1.245726,0.998348,0.763521,0.451406,0.150479,0.008892,53.283970,0.000000
1.284451,1.190634,1.107272,0.948668,0.742357,0.450014,0.151415,0.009213,27.525977,9.365994
1.814309,1.410852,1.239473,0.996925,0.760789,0.452886,0.152136,0.009311,52.811083,-2.933673
1.815445,1.417042,1.240456,0.997406,0.760836,0.452815,0.152101,0.009311,49.857983,0.000000
1.329950,1.197470,1.117099,0.931424,0.750078,0.451614,0.146221,-0.000148,28.275132,8.975612
1.822937,1.420392,1.237993,0.992739,0.767192,0.454481,0.146482,-0.000148,51.615007,-0.404813
1.830394,1.424121,1.240177,0.993498,0.766634,0.454462,0.146476,-0.000148,51.711242,0.000000
1.310097,1.173504,1.104585,0.921074,0.742380,0.452073,0.150388,0.008530,27.786468,8.975680
1.823339,1.411727,1.228620,0.982035,0.760742,0.453212,0.150282,0.008648,50.642010,0.520997
1.823334,1.415809,1.230940,0.983116,0.761024,0.453312,0.150282,0.008648,50.987818,0.021225
1.302067,1.189164,1.105288,0.928947,0.744701,0.454434,0.148754,0.006861,27.861646,8.540322
1.842496,1.410551,1.235022,0.981499,0.760114,0.456474,0.148489,0.006921,47.991933,0.126807
1.847257,1.409707,1.235600,0.981975,0.760525,0.456571,0.148446,0.006921,48.356148,0.000000
1.316285,1.181262,1.092748,0.930075,0.734897,0.451741,0.152739,0.008352,27.795624,8.697992
1.814769,1.418082,1.235568,0.989485,0.755823,0.456017,0.151723,0.008332,48.670809,0.666469
1.830576,1.416972,1.235308,0.990300,0.756467,0.456128,0.151720,0.008332,49.454682,0.000000
1.291822,1.202277,1.091824,0.927702,0.736670,0.451492,0.151704,0.008814,27.683879,9.416941
1.834852,1.416830,1.220699,0.986517,0.760714,0.452758,0.152271,0.008814,49.154372,-0.017318
1.827515,1.416793,1.222668,0.985495,0.760626,0.452645,0.152306,0.008814,49.129068,0.000000
1.312922,1.174881,1.102474,0.925219,0.735514,0.446356,0.150620,0.004166,27.849852,8.685848
1.837206,1.407372,1.227470,0.978973,0.755755,0.449676,0.151008,0.004166,50.381871,-0.534333
1.847115,1.410822,1.228670,0.979366,0.756096,0.449505,0.151067,0.004166,50.350905,0.004574
1.282894,1.200283,1.110105,0.935025,0.737332,0.448190,0.146144,0.007393,27.640252,9.590894
1.865784,1.417130,1.235258,0.985546,0.756852,0.451979,0.146448,0.007334,50.413567,-0.476115
1.856150,1.420679,1.236167,0.986159,0.756711,0.451639,0.146396,0.007334,49.975282,0.000000
1.323354,1.181684,1.100133,0.933813,0.740398,0.451409,0.148313,0.004849,27.980312,8.667549
1.838527,1.425397,1.222096,0.993130,0.755972,0.456967,0.148735,0.004888,51.194553,0.270560
1.851439,1.422916,1.220736,0.992733,0.755951,0.457066,0.148735,0.004888,51.685137,0.000000
1.311294,1.170373,1.104457,0.929768,0.745813,0.449885,0.148870,0.003934,27.877467,9.293864
1.830957,1.409140,1.230849,0.986701,0.769030,0.452700,0.148576,0.004072,47.232745,1.794345
1.835060,1.411836,1.231383,0.985749,0.768599,0.452721,0.148660,0.004072,50.698359,0.000000
1.305825,1.175332,1.092224,0.936205,0.741230,0.449290,0.147513,0.005326,27.821881,8.814455
1.807471,1.412717,1.214420,0.984662,0.759826,0.451827,0.148326,0.005286,48.399454,0.013694
1.800894,1.414813,1.214414,0.985595,0.760110,0.451938,0.148326,0.005286,48.669839,0.000000
1.291003,1.175077,1.099409,0.940433,0.739187,0.445190,0.145739,0.004115,27.681994,9.815855
1.853283,1.418012,1.207727,0.988640,0.757826,0.449595,0.146191,0.004115,52.080361,-0.511549
1.848288,1.419302,1.209054,0.987946,0.758228,0.449401,0.146191,0.004115,51.846390,0.000000
1.624913,1.364165,1.204743,0.996354,0.770435,0.454418,0.155245,0.004134,34.834429,9.148382
1.906456,1.423273,1.259633,1.005403,0.773976,0.454286,0.155193,0.004134,59.103161,0.000000
1.906456,1.425089,1.259633,1.005403,0.773976,0.454286,0.155193,0.004134,59.103161,0.000000
1.538201,1.366884,1.221343,0.998772,0.760011,0.458090,0.151259,0.010562,33.316510,9.306581
1.870869,1.420792,1.251073,1.004256,0.767697,0.458963,0.151146,0.010562,54.143528,1.691848
1.879532,1.420792,1.251419,1.004256,0.767555,0.458963,0.151146,0.010562,57.016779,0.000000
1.631536,1.352942,1.214958,0.993535,0.770069,0.457648,0.149779,0.002927,35.333050,11.341292
1.864385,1.420886,1.245021,1.004343,0.773638,0.458264,0.149759,0.002927,58.270367,0.215854
1.864385,1.420886,1.245021,1.004140,0.773638,0.458210,0.149759,0.002927,58.990488,0.000000
1.598486,1.353017,1.231677,0.995448,0.765989,0.462344,0.151619,0.004890,34.245178,8.894957
1.869561,1.420267,1.271414,1.009229,0.770462,0.463555,0.151586,0.004832,50.986081,1.623472
1.858474,1.420267,1.271414,1.008976,0.770462,0.463555,0.151586,0.004832,55.231846,0.000000
1.553751,1.355483,1.211658,0.987330,0.768718,0.458513,0.151880,0.006360,33.399840,10.159183
1.832330,1.415912,1.262087,1.002713,0.772473,0.459148,0.152083,0.006400,53.345164,0.625992
1.832330,1.415155,1.262076,1.002713,0.772473,0.459148,0.152083,0.006400,55.583241,0.000000
1.568337,1.357525,1.216710,0.983472,0.767272,0.459240,0.153572,0.006929,33.813299,9.664863
1.842850,1.416817,1.259897,0.994362,0.769714,0.460271,0.153406,0.006929,57.830657,-0.107404
1.858308,1.416817,1.261275,0.994354,0.769714,0.460271,0.153406,0.006929,57.630641,0.000000
1.610090,1.358911,1.222405,0.994147,0.772406,0.456793,0.153643,0.003914,34.500716,8.591676
1.891013,1.427462,1.265255,1.007556,0.777127,0.457305,0.153839,0.003914,58.433540,0.000000
1.891013,1.427462,1.265255,1.007795,0.777286,0.457242,0.153839,0.003914,58.433540,0.000000
1.626298,1.352827,1.219267,0.996836,0.769583,0.457578,0.152705,0.007899,34.750263,10.190034
1.879752,1.429351,1.258818,1.009807,0.772484,0.458303,0.152808,0.007899,57.347253,-0.022831
1.879752,1.429351,1.258818,1.009562,0.772602,0.458303,0.152808,0.007899,57.347253,0.000000
1.599275,1.362791,1.225591,0.987130,0.766028,0.457792,0.152832,0.009324,34.580975,8.576518
1.841059,1.431246,1.256224,1.005026,0.771018,0.458714,0.152812,0.009285,59.175572,-0.000545
1.841059,1.433037,1.256901,1.005279,0.771018,0.458714,0.152812,0.009285,59.772182,0.000000
1.620800,1.340538,1.218948,0.994663,0.768950,0.460044,0.149119,0.001205,34.560148,9.066726
1.847479,1.433508,1.260001,1.005312,0.775161,0.460563,0.149169,0.001205,59.348434,0.000000
1.847479,1.433508,1.260001,1.005312,0.775161,0.460563,0.149169,0.001205,59.348434,0.000000
1.614585,1.372343,1.214412,0.975588,0.766179,0.457832,0.151858,0.009375,35.160460,12.962811
1.853096,1.432844,1.248379,0.990122,0.770808,0.458609,0.151386,0.009375,60.937574,-0.026084
1.847787,1.433805,1.248379,0.990122,0.770808,0.458519,0.151386,0.009375,60.885563,0.000000
1.590893,1.356031,1.208537,0.983810,0.769932,0.462541,0.152520,0.006969,34.287893,10.184290
1.859158,1.431783,1.248032,0.997299,0.773067,0.463133,0.152727,0.006910,58.995190,0.000000
1.859158,1.431783,1.248362,0.997059,0.773067,0.463133,0.152727,0.006910,58.995190,0.000000
1.666024,1.377239,1.207788,0.983361,0.763126,0.459855,0.155390,0.009260,35.660793,8.429507
1.883322,1.433111,1.246764,0.997883,0.765726,0.459908,0.155444,0.009299,56.463834,0.000000
1.883322,1.433111,1.246764,0.997656,0.765726,0.459908,0.155444,0.009299,56.463834,0.000000
1.588926,1.346329,1.204601,0.981864,0.765619,0.456767,0.154777,0.009452,34.103554,9.082274
1.855652,1.425682,1.239652,0.996688,0.769456,0.457191,0.154860,0.009452,56.311565,0.000000
1.863984,1.425682,1.239652,0.996688,0.769456,0.457191,0.154860,0.009452,56.311565,0.000000
1.648335,1.361643,1.203176,0.976933,0.760961,0.456314,0.154327,0.004394,35.202161,7.363804
1.858190,1.430852,1.242572,0.992105,0.767107,0.456815,0.154494,0.004433,58.335441,0.000000
1.858198,1.430852,1.242572,0.991894,0.767107,0.456815,0.154494,0.004433,58.335441,0.000000
1.577927,1.396538,1.202103,0.979823,0.760792,0.457263,0.147536,0.007633,34.226301,9.290319
1.847560,1.437081,1.248276,0.994213,0.769256,0.457900,0.147340,0.007574,55.198570,0.056192
1.852194,1.437081,1.248276,0.994213,0.769256,0.457900,0.147340,0.007574,55.308110,0.000000
1.612939,1.361528,1.205667,0.994409,0.761380,0.460699,0.150340,0.005979,34.521650,9.757477
1.892243,1.439992,1.247477,1.006110,0.767290,0.461762,0.150297,0.005960,60.617714,0.048883
1.892243,1.439992,1.246845,1.006110,0.767285,0.461762,0.150297,0.005960,60.617714,0.000000
1.635730,1.349693,1.204913,0.984119,0.773313,0.457797,0.151693,0.005301,35.324084,9.941406
1.835291,1.423963,1.238127,0.997859,0.778526,0.458784,0.151504,0.005301,58.763627,0.000000
1.835291,1.423963,1.238127,0.997859,0.778366,0.458784,0.151504,0.005301,58.763627,0.000000
1.621085,1.341966,1.212450,0.988663,0.766658,0.458139,0.150257,0.006479,34.995193,10.033958
1.826911,1.429930,1.240788,1.002513,0.772768,0.458365,0.150225,0.006518,57.710790,0.000000
1.826911,1.429930,1.240481,1.002513,0.772923,0.458378,0.150225,0.006518,57.710790,0.000000
1.567685,1.366100,1.174116,0.986883,0.761932,0.456368,0.147527,0.002883,33.851093,9.832923
1.861633,1.422452,1.221164,0.997604,0.768550,0.456561,0.147300,0.002883,53.031814,0.000000
1.861633,1.422452,1.221138,0.997604,0.768396,0.456561,0.147300,0.002883,53.031814,0.000000
1.656043,1.282064,1.009330,0.660428,0.079368,0.007058,0.001250,0.002885,29.149967,2.699092
1.893397,1.421493,1.222724,0.841996,0.079397,0.007118,0.001230,0.002925,32.808812,0.022316
1.893397,1.420598,1.225067,0.868285,0.079365,0.007118,0.001230,0.002925,32.880732,0.000532
1.652800,1.301126,1.010697,0.660442,0.070943,0.007148,0.004652,-0.001182,29.300281,2.458353
1.875893,1.419057,1.210933,0.829973,0.070958,0.007168,0.004652,-0.001182,32.743875,0.026412
1.875893,1.417271,1.212898,0.855579,0.070920,0.007168,0.004652,-0.001182,32.824687,-0.000626
1.703035,1.299827,1.004487,0.669108,0.072831,0.002176,0.000458,0.002083,29.513349,2.412080
1.868006,1.416675,1.209193,0.844005,0.073470,0.002176,0.000458,0.002083,32.800690,0.034509
1.868006,1.416675,1.219252,0.871816,0.073470,0.002176,0.000458,0.002083,32.877032,-0.001717
1.626602,1.301650,1.008925,0.667558,0.079114,0.010157,0.005860,0.002860,29.216687,2.490717
1.853025,1.419439,1.225022,0.836999,0.079094,0.010157,0.005860,0.002860,32.759129,0.079012
1.853025,1.416883,1.230260,0.864521,0.079094,0.010157,0.005860,0.002860,32.883359,0.001229
1.683011,1.307944,1.014407,0.671320,0.079293,0.002042,-0.000260,-0.001143,29.646485,2.239266
1.832330,1.421030,1.209218,0.841829,0.079082,0.002042,-0.000260,-0.001143,32.814328,0.030456
1.832330,1.420094,1.212858,0.866486,0.079115,0.002042,-0.000260,-0.001143,32.914357,-0.002309
1.653669,1.284445,1.004834,0.660293,0.075389,0.005572,0.004716,-0.008927,29.226039,2.539720
1.855518,1.416598,1.217935,0.840780,0.075196,0.005572,0.004716,-0.008927,32.744668,0.042308
1.855518,1.417493,1.216836,0.863127,0.075127,0.005572,0.004716,-0.008927,32.807088,0.000664
1.666344,1.294996,1.005501,0.664211,0.075006,0.009780,-0.002193,0.004743,29.244757,2.541066
1.879587,1.424172,1.219546,0.849267,0.074863,0.009800,-0.002193,0.004743,32.791535,0.024385
1.879587,1.425917,1.225389,0.872603,0.074900,0.009800,-0.002193,0.004743,32.878705,-0.000982
1.600427,1.289264,1.005029,0.670384,0.074380,0.001876,0.003099,-0.002186,28.963778,2.866050
1.874292,1.431398,1.219178,0.847579,0.073636,0.001876,0.003119,-0.002186,32.801621,0.015958
1.874292,1.431398,1.221707,0.876000,0.073639,0.001876,0.003119,-0.002186,32.865233,0.003264
1.641091,1.309910,1.014507,0.664934,0.078930,0.009882,0.001609,-0.003175,29.344640,2.576353
1.845940,1.426299,1.215106,0.844268,0.078960,0.009863,0.001609,-0.003115,32.778801,0.030799
1.845940,1.425472,1.220348,0.869448,0.078960,0.009863,0.001609,-0.003115,32.849886,0.004798
1.666932,1.300717,1.002357,0.670457,0.071988,0.010162,0.005471,0.006005,29.360232,2.384354
1.844296,1.436298,1.220709,0.851824,0.072487,0.010082,0.005471,0.006005,32.797665,0.044097
1.844296,1.436298,1.223863,0.874718,0.072509,0.010082,0.005471,0.006005,32.876600,0.000961
1.674011,1.262352,1.013252,0.660974,0.075857,0.012226,0.000642,0.004936,29.251989,2.518175
1.858562,1.423554,1.216280,0.826174,0.076180,0.012187,0.000642,0.004936,32.770766,0.037339
1.858562,1.424463,1.215194,0.854363,0.076180,0.012187,0.000642,0.004936,32.857547,0.005499
1.646012,1.291251,1.013368,0.670640,0.080041,0.000239,-0.005271,-0.004653,29.213649,2.583918
1.867640,1.427068,1.219072,0.832025,0.080359,0.000239,-0.005271,-0.004653,32.775337,0.037288
1.867640,1.429810,1.218851,0.863320,0.080338,0.000239,-0.005271,-0.004653,32.857862,0.001955
1.665536,1.291768,1.006701,0.657235,0.077325,0.007707,0.004841,-0.004456,29.206748,2.558699
1.877854,1.425950,1.211979,0.827421,0.078202,0.007627,0.004841,-0.004436,32.755297,0.044813
1.877854,1.427652,1.216770,0.854161,0.078312,0.007627,0.004841,-0.004436,32.846799,0.001929
1.683170,1.303380,1.011771,0.664572,0.074514,0.009373,0.006588,-0.003005,29.461092,2.333504
1.866439,1.422073,1.196990,0.835397,0.074257,0.009374,0.006588,-0.002945,32.735113,0.034382
1.860966,1.424740,1.203555,0.862746,0.074259,0.009374,0.006588,-0.002945,32.820616,0.003755
1.592063,1.302261,1.031084,0.660066,0.084417,0.007702,-0.002992,0.005806,29.110688,2.708796
1.868971,1.424560,1.210591,0.827486,0.084656,0.007741,-0.002972,0.005806,32.781416,0.026038
1.868971,1.424601,1.215559,0.853707,0.084656,0.007741,-0.002972,0.005806,32.868768,0.000367
1.599753,1.288949,1.014587,0.664827,0.070618,0.000951,0.000915,-0.000280,28.978661,2.870705
1.865784,1.423194,1.214561,0.833526,0.070357,0.000951,0.000915,-0.000280,32.779836,0.028926
1.860903,1.423229,1.216767,0.854920,0.070339,0.000951,0.000915,-0.000280,32.838712,0.003609
1.641828,1.271553,0.998606,0.663721,0.074198,0.007931,-0.000247,-0.000393,29.011604,2.711430
1.865697,1.435242,1.206484,0.836948,0.074142,0.007852,-0.000247,-0.000393,32.767047,0.037558
1.881159,1.437157,1.212094,0.864686,0.074178,0.007852,-0.000247,-0.000393,32.833089,0.004637
1.613841,1.266152,1.017914,0.662607,0.074213,-0.001225,0.004049,-0.005252,29.038160,2.640103
1.843562,1.421490,1.202873,0.832158,0.074174,-0.001225,0.004049,-0.005232,32.755246,0.026681
1.843562,1.419991,1.202822,0.857130,0.074174,-0.001225,0.004049,-0.005232,32.834773,0.001093
1.636902,1.283571,1.012889,0.660049,0.076113,0.001359,-0.003055,-0.001769,29.262326,2.439142
1.818805,1.423493,1.196676,0.841392,0.075588,0.001359,-0.003055,-0.001769,32.749416,0.024728
1.818795,1.423493,1.195054,0.861405,0.075588,0.001359,-0.003055,-0.001769,32.830312,0.003399
1.597756,1.276718,1.002754,0.663060,0.076689,0.009579,-0.004627,-0.000698,28.951280,2.816536
1.861633,1.418629,1.190153,0.835160,0.076269,0.009579,-0.004607,-0.000698,32.759839,0.026910
1.861633,1.417710,1.192337,0.858467,0.076269,0.009579,-0.004607,-0.000698,32.822257,0.000848
1.817998,1.345809,1.086374,0.812112,0.462736,0.021177,0.004287,-0.002131,32.784082,2.981310
1.906456,1.427759,1.240428,0.950773,0.544526,0.020954,0.004287,-0.002151,37.394085,0.066142
1.906456,1.427759,1.243904,0.956336,0.559742,0.020954,0.004287,-0.002151,37.543337,0.020404
1.718005,1.351122,1.108601,0.819187,0.462540,0.019183,0.008353,0.002968,32.459907,3.147921
1.869896,1.414837,1.231331,0.945971,0.532228,0.019221,0.008353,0.002988,37.465384,0.077190
1.869896,1.414777,1.232532,0.951104,0.548515,0.019221,0.008353,0.002988,37.643772,0.016883
1.817723,1.365194,1.105984,0.800681,0.466642,0.014569,0.000578,0.001636,33.330323,2.529889
1.870381,1.420076,1.230383,0.946669,0.542578,0.014648,0.000578,0.001636,37.286160,0.073038
1.870381,1.420076,1.230384,0.950802,0.558022,0.014648,0.000578,0.001636,37.457104,0.011402
1.770549,1.357619,1.110816,0.809969,0.457616,0.015541,-0.002883,0.000119,32.932216,2.941732
1.875366,1.415929,1.257970,0.944103,0.530007,0.015560,-0.002883,0.000119,37.367613,0.059164
1.875366,1.416788,1.259366,0.948416,0.545310,0.015560,-0.002883,0.000119,37.549077,0.019769
1.745180,1.326563,1.110057,0.824860,0.467670,0.024996,-0.000010,0.001935,32.644545,3.154596
1.837209,1.417597,1.244437,0.947512,0.538125,0.024993,-0.000010,0.001935,37.330485,0.078348
1.837209,1.417597,1.243923,0.949362,0.551576,0.024993,-0.000010,0.001935,37.498564,0.020790
1.796455,1.347022,1.089404,0.806056,0.464173,0.015148,0.004412,-0.003327,32.954226,2.869811
1.863760,1.418512,1.247048,0.936986,0.544306,0.015190,0.004412,-0.003327,37.315805,0.106751
1.863760,1.418512,1.246735,0.939779,0.557400,0.015190,0.004412,-0.003327,37.544617,0.018485
1.786906,1.360648,1.100722,0.819441,0.459817,0.025725,0.000499,-0.002917,32.900767,2.863445
1.885211,1.430255,1.245445,0.951629,0.534114,0.025685,0.000499,-0.002937,37.359786,0.082157
1.885211,1.430255,1.249252,0.955787,0.549618,0.025685,0.000499,-0.002937,37.533682,0.020539
1.777661,1.348139,1.108802,0.819233,0.459096,0.017892,-0.001905,0.003173,32.820347,2.899682
1.870760,1.430432,1.243273,0.948849,0.541172,0.018028,-0.001905,0.003213,37.401699,0.110842
1.870760,1.430432,1.243212,0.953815,0.554727,0.018028,-0.001905,0.003213,37.592034,0.008849
1.787267,1.351945,1.102822,0.823048,0.463516,0.017582,-0.000229,-0.001575,33.036817,2.701495
1.845940,1.431236,1.248350,0.951716,0.541762,0.017525,-0.000229,-0.001575,37.454826,0.087792
1.845940,1.430426,1.248042,0.954730,0.557668,0.017525,-0.000229,-0.001575,37.628038,0.012901
1.780080,1.359414,1.096804,0.812038,0.468379,0.017985,0.006522,-0.002534,32.990784,2.846825
1.857377,1.431725,1.246989,0.949687,0.539361,0.018086,0.006522,-0.002534,37.356692,0.089996
1.857377,1.431725,1.252530,0.954491,0.555072,0.018086,0.006522,-0.002534,37.557347,0.011187
1.770054,1.352021,1.095738,0.813723,0.452975,0.020608,-0.001527,0.002666,32.859532,2.956166
1.853096,1.434657,1.237911,0.937440,0.531631,0.020683,-0.001527,0.002666,37.393590,0.076914
1.853096,1.434658,1.238979,0.944705,0.546280,0.020683,-0.001527,0.002666,37.601516,0.019766
1.784212,1.355243,1.102450,0.813038,0.458713,0.015571,-0.000582,-0.003117,32.995080,2.700987
1.867640,1.434556,1.228335,0.939534,0.536160,0.015532,-0.000582,-0.003117,37.394653,0.102952
1.867640,1.434545,1.227462,0.944750,0.551672,0.015532,-0.000582,-0.003117,37.612810,0.016152
1.756679,1.349278,1.091483,0.813069,0.459625,0.020335,0.007267,0.002873,32.542568,3.174506
1.881779,1.433196,1.230993,0.943031,0.534501,0.020228,0.007267,0.002933,37.266167,0.094631
1.881779,1.432230,1.233353,0.944421,0.547675,0.020228,0.007267,0.002933,37.461031,0.012296
1.784418,1.360282,1.095474,0.809739,0.459948,0.018891,0.001258,0.003011,33.009232,2.820953
1.869457,1.426616,1.224207,0.949639,0.537906,0.019145,0.001258,0.003011,37.397036,0.079097
1.869457,1.426616,1.224202,0.951944,0.555705,0.019145,0.001258,0.003011,37.576924,0.008032
1.776935,1.344616,1.092175,0.804424,0.461190,0.018678,0.002067,0.002262,32.747434,2.878657
1.874610,1.431713,1.226105,0.940008,0.535066,0.018786,0.002067,0.002262,37.369162,0.058223
1.874610,1.431741,1.227567,0.944187,0.549570,0.018786,0.002067,0.002262,37.504015,0.007126
1.756644,1.363533,1.090736,0.804412,0.459875,0.020475,0.007538,0.000526,32.716338,3.084751
1.860903,1.434151,1.234976,0.939113,0.540896,0.020495,0.007538,0.000526,37.377262,0.095255
1.860903,1.434228,1.231777,0.943146,0.555678,0.020495,0.007538,0.000526,37.600435,0.014219
1.811196,1.355140,1.094118,0.811073,0.459647,0.021983,0.005536,-0.002596,32.860088,2.899880
1.892243,1.438131,1.234463,0.950764,0.527777,0.022040,0.005536,-0.002596,37.376347,0.067205
1.892243,1.438131,1.233544,0.953193,0.541853,0.022040,0.005536,-0.002596,37.542682,0.012289
1.737093,1.368566,1.101695,0.818786,0.469605,0.017457,0.003662,0.000171,32.943811,2.793619
1.847966,1.420937,1.224373,0.952348,0.548799,0.017574,0.003662,0.000171,37.414750,0.079630
1.847966,1.420937,1.225509,0.951319,0.562278,0.017574,0.003662,0.000171,37.587367,0.012113
1.770485,1.353163,1.110805,0.818953,0.461811,0.020923,-0.000040,-0.000399,33.121910,2.726113
1.831107,1.426157,1.228143,0.947699,0.541143,0.020788,-0.000040,-0.000399,37.308571,0.083121
1.831107,1.426157,1.228422,0.951604,0.557567,0.020788,-0.000040,-0.000399,37.502425,0.020868
1.786211,1.341056,1.082340,0.814924,0.456676,0.020249,0.001836,-0.004858,32.944060,2.803307
1.861633,1.425540,1.207352,0.944026,0.537036,0.020367,0.001836,-0.004858,37.332905,0.072994
1.861633,1.425540,1.208455,0.950309,0.553199,0.020367,0.001836,-0.004858,37.478724,0.011873
1.872363,1.403638,1.197683,0.923027,0.653921,0.202702,0.006810,0.000560,37.265068,2.327545
1.906456,1.430508,1.253515,0.990535,0.712035,0.212799,0.006810,0.000560,40.982131,0.022526
1.906456,1.430508,1.254840,0.990058,0.713496,0.213124,0.006810,0.000560,41.023162,0.000200
1.798427,1.403670,1.194580,0.926026,0.643912,0.202300,0.005459,-0.000309,36.629739,2.791601
1.882092,1.423381,1.253677,0.991297,0.707906,0.208777,0.005459,-0.000309,40.792676,0.033721
1.882092,1.423381,1.253021,0.991977,0.712333,0.209248,0.005459,-0.000309,40.842557,0.001152
1.829590,1.398979,1.205735,0.916226,0.650360,0.201432,0.006184,-0.006100,37.203199,2.464469
1.870381,1.419106,1.247154,0.987057,0.716891,0.209843,0.006184,-0.006100,40.878935,0.028031
1.870381,1.419106,1.247154,0.988074,0.719839,0.210354,0.006184,-0.006100,40.948470,0.001771
1.842676,1.406602,1.220522,0.930678,0.653097,0.209371,0.002587,-0.005905,37.455839,2.121572
1.875366,1.421135,1.270562,0.993957,0.715325,0.213395,0.002607,-0.005905,40.960354,0.008556
1.875366,1.421135,1.270562,0.992992,0.718612,0.214312,0.002607,-0.005905,40.999852,-0.000464
1.795754,1.392078,1.213318,0.935035,0.647520,0.201413,0.005253,-0.001524,37.061690,2.564325
1.842221,1.421030,1.256851,0.992577,0.717448,0.209923,0.005253,-0.001524,40.943015,0.012855
1.842221,1.421030,1.256851,0.992576,0.718229,0.210167,0.005253,-0.001524,40.966325,-0.000263
1.840025,1.394807,1.223288,0.922850,0.648784,0.199957,0.005268,-0.009012,37.348262,2.180480
1.863760,1.420212,1.256525,0.977681,0.719115,0.207967,0.005268,-0.008972,40.969923,0.019557
1.863760,1.420212,1.256525,0.977926,0.723244,0.208339,0.005268,-0.008972,40.999222,-0.000995
1.835916,1.406647,1.210564,0.926073,0.648933,0.199615,0.000926,0.000299,37.031941,2.476945
1.891013,1.428506,1.262790,0.987558,0.712557,0.208049,0.000926,0.000299,40.924057,0.009334
1.891013,1.428506,1.262790,0.988693,0.716271,0.208461,0.000926,0.000299,40.940453,0.001964
1.845660,1.402674,1.205486,0.938841,0.638376,0.196362,0.003383,0.000269,37.136065,2.184042
1.879752,1.433189,1.251552,1.000097,0.709224,0.205717,0.003403,0.000269,40.868663,0.007668
1.879752,1.433189,1.250883,1.000047,0.710629,0.205823,0.003403,0.000269,40.910646,0.001560
1.811317,1.410013,1.213867,0.926677,0.647538,0.199415,0.000090,0.001002,37.276630,2.293589
1.845940,1.431921,1.255843,0.990851,0.712642,0.204853,0.000090,0.001002,40.947913,0.018528
1.845940,1.431921,1.255843,0.990776,0.715877,0.205320,0.000090,0.001002,40.997298,0.002189
1.830387,1.427813,1.202289,0.930485,0.653335,0.209001,0.010967,-0.006074,37.711358,2.024096
1.857377,1.438126,1.259604,0.991392,0.713943,0.217903,0.011026,-0.006074,40.977062,0.015737
1.857377,1.438126,1.259594,0.989557,0.715799,0.218673,0.011026,-0.006074,40.998699,0.005044
1.837610,1.410855,1.199498,0.914367,0.647832,0.203681,-0.002225,0.003173,37.512133,1.872659
1.858562,1.433808,1.242757,0.969655,0.708270,0.212183,-0.002225,0.003173,40.696294,0.024446
1.858562,1.433808,1.242130,0.970093,0.710716,0.212620,-0.002225,0.003173,40.752275,0.001567
1.828779,1.400655,1.190983,0.919622,0.651268,0.202964,0.001791,0.002750,36.917766,2.381873
1.867640,1.433611,1.246845,0.984439,0.717252,0.209782,0.001791,0.002730,40.971901,0.021876
1.867640,1.433611,1.246845,0.985124,0.718292,0.210682,0.001791,0.002730,41.033180,0.000000
1.843517,1.403955,1.199401,0.912839,0.646243,0.200197,0.000080,0.000101,36.971879,2.704078
1.887252,1.435050,1.247473,0.984455,0.707591,0.209875,0.000080,0.000101,41.015647,-0.000466
1.887252,1.435050,1.248417,0.984907,0.707597,0.209826,0.000080,0.000101,41.042835,0.000067
1.818325,1.408119,1.192235,0.926911,0.643575,0.205191,0.005756,-0.001828,37.199910,2.484794
1.869457,1.430285,1.236894,0.982866,0.706756,0.212026,0.005756,-0.001828,40.970772,0.016442
1.869457,1.430285,1.236894,0.982868,0.709054,0.211869,0.005756,-0.001828,41.018553,0.001733
1.860479,1.402249,1.197483,0.913799,0.647205,0.202161,-0.006080,0.003293,37.415542,2.092584
1.874610,1.432675,1.244743,0.978029,0.706717,0.209747,-0.006060,0.003293,40.840933,0.018397
1.874610,1.432675,1.244743,0.979581,0.708380,0.208635,-0.006060,0.003293,40.887623,0.000453
1.824841,1.406262,1.212840,0.919422,0.643696,0.207891,0.004904,-0.007548,37.130352,2.427937
1.865784,1.437081,1.247087,0.982584,0.704187,0.212825,0.004904,-0.007548,40.873019,0.016722
1.865784,1.437081,1.245555,0.984816,0.707085,0.213170,0.004904,-0.007548,40.907242,0.000065
1.810614,1.426160,1.201459,0.924833,0.638237,0.203788,0.004070,-0.005993,36.775902,2.770531
1.892243,1.442052,1.244592,0.988019,0.697469,0.212233,0.004091,-0.005993,40.921596,0.019365
1.892243,1.442052,1.244287,0.988199,0.703413,0.213009,0.004091,-0.005993,40.969067,-0.001449
1.805201,1.402564,1.204182,0.916242,0.652696,0.203327,0.003895,0.004108,37.226113,2.363784
1.847966,1.424919,1.237009,0.977344,0.719896,0.212550,0.003895,0.004108,40.948486,0.026769
1.847966,1.424919,1.236434,0.977837,0.720829,0.213141,0.003895,0.004108,40.973607,0.003035
1.794005,1.411616,1.182424,0.917712,0.654086,0.196613,0.002359,0.000321,37.002589,2.434870
1.831107,1.429681,1.237417,0.987413,0.713804,0.204134,0.002359,0.000321,40.850739,0.018310
1.831107,1.429681,1.238020,0.987487,0.717075,0.204926,0.002359,0.000321,40.888019,0.002070
1.824593,1.403170,1.172681,0.922016,0.643565,0.196301,0.002439,0.001003,36.980769,2.489136
1.861633,1.426485,1.216655,0.988546,0.705457,0.204788,0.002459,0.001003,40.892491,0.015888
1.861633,1.426485,1.216652,0.988535,0.708491,0.205735,0.002459,0.001003,40.906171,-0.003829
1.906456,1.423405,1.249972,0.990528,0.739124,0.399125,0.032586,-0.004068,42.871791,1.172090
1.906456,1.430508,1.262033,1.006022,0.760318,0.412587,0.032754,-0.004068,45.271829,0.005504
1.906456,1.430508,1.262033,1.006022,0.759794,0.413073,0.032812,-0.004068,45.282933,0.000356
1.882092,1.418349,1.244477,0.985958,0.736053,0.407560,0.033618,0.004193,42.658330,1.201956
1.882092,1.425284,1.254800,1.003975,0.756912,0.418348,0.033579,0.004153,44.999949,0.001563
1.882092,1.425284,1.254800,1.004243,0.757170,0.420007,0.033597,0.004153,44.988692,-0.000332
1.858562,1.412210,1.233213,0.984756,0.739505,0.405866,0.028054,-0.005918,41.841183,2.267913
1.870381,1.421780,1.250039,1.003523,0.761318,0.419498,0.028562,-0.005918,45.213578,0.000350
1.870381,1.421780,1.250039,1.003523,0.762664,0.419171,0.028563,-0.005918,45.230066,0.000176
1.866785,1.402515,1.260433,0.990066,0.730986,0.406710,0.032341,-0.007219,41.336106,2.455435
1.875366,1.422903,1.273202,1.008048,0.756146,0.417852,0.031671,-0.007219,45.242848,0.014035
1.875366,1.422903,1.273202,1.008048,0.756574,0.418766,0.031657,-0.007219,45.270254,0.002661
1.842221,1.411985,1.249258,0.985991,0.736114,0.402849,0.034269,-0.001625,42.469633,1.428524
1.842221,1.420246,1.264550,1.000446,0.760473,0.418813,0.034123,-0.001625,45.265069,0.060836
1.842221,1.420246,1.264550,1.000667,0.759667,0.418644,0.034123,-0.001625,45.328690,0.000899
1.863760,1.411413,1.248179,0.975090,0.730221,0.406836,0.031369,0.006211,42.494590,1.569666
1.863760,1.422047,1.260854,0.993515,0.754965,0.421537,0.031960,0.006211,45.138340,0.013183
1.863760,1.422047,1.260854,0.993274,0.755066,0.422042,0.031946,0.006211,45.149970,-0.000690
1.874130,1.417777,1.256741,0.991653,0.737654,0.404104,0.031493,0.008199,41.942313,2.198496
1.891013,1.431235,1.266971,1.007337,0.761191,0.416059,0.031600,0.008199,45.321146,-0.008516
1.891013,1.431235,1.266971,1.007812,0.761150,0.416755,0.031641,0.008199,45.311377,0.000627
1.851949,1.422777,1.236062,0.987273,0.733772,0.406486,0.030212,-0.003649,41.204235,2.514665
1.879752,1.432221,1.258009,1.007603,0.757867,0.419792,0.030056,-0.003649,45.307059,-0.017851
1.879752,1.432221,1.258009,1.007603,0.758277,0.419575,0.029959,-0.003649,45.317088,0.000359
1.833404,1.421517,1.242039,0.981885,0.728133,0.406914,0.042660,0.001089,41.629729,2.474160
1.845940,1.434017,1.259172,1.006021,0.751751,0.417730,0.042891,0.001089,45.169185,0.003294
1.845940,1.434017,1.259172,1.006498,0.752009,0.417970,0.042955,0.001089,45.175861,-0.000607
1.857377,1.432528,1.251729,0.989790,0.739002,0.405067,0.038105,0.002122,42.948129,1.270015
1.857377,1.438126,1.263595,1.004194,0.763325,0.416901,0.038706,0.002122,45.187244,0.012809
1.857377,1.438126,1.263595,1.003986,0.763690,0.416944,0.038764,0.002122,45.209663,-0.000700
1.845232,1.412234,1.230546,0.967257,0.730168,0.411362,0.038740,0.007249,41.206713,2.646687
1.858562,1.434657,1.245265,0.988909,0.752998,0.421920,0.038810,0.007249,45.315699,0.007355
1.858562,1.434657,1.244631,0.989814,0.753702,0.422263,0.038753,0.007249,45.339873,0.000090
1.847103,1.427294,1.235443,0.974895,0.735792,0.402916,0.030510,-0.004013,41.560670,2.086877
1.867640,1.433611,1.249984,0.993999,0.758234,0.419158,0.030217,-0.004013,45.008311,0.006183
1.867640,1.433611,1.249984,0.994434,0.759169,0.419779,0.030315,-0.004013,45.021439,0.000167
1.887252,1.416286,1.240330,0.976254,0.732853,0.409534,0.037559,-0.000250,41.992149,1.919722
1.887252,1.435050,1.251701,0.994377,0.754093,0.422048,0.038116,-0.000250,45.320227,0.000000
1.887252,1.435050,1.251701,0.993900,0.754071,0.423042,0.038195,-0.000250,45.333255,-0.001260
1.840574,1.408286,1.226118,0.975812,0.728590,0.400976,0.035733,-0.001975,40.743447,3.055940
1.869457,1.430285,1.243769,0.996289,0.757519,0.414709,0.036037,-0.001975,45.173302,0.005467
1.869457,1.430285,1.243769,0.996289,0.758187,0.415483,0.036043,-0.001975,45.194951,0.000349
1.874610,1.425633,1.226681,0.971651,0.729255,0.398825,0.038397,-0.003517,42.300775,1.857695
1.874610,1.430852,1.246314,0.991563,0.756699,0.415520,0.038034,-0.003517,45.313571,-0.007339
1.874610,1.430852,1.245674,0.991345,0.756545,0.416315,0.038102,-0.003517,45.322986,-0.000449
1.865784,1.420634,1.233865,0.978082,0.730799,0.404031,0.034061,-0.002520,41.830846,2.364822
1.865784,1.437977,1.252416,0.993173,0.754574,0.416894,0.034861,-0.002520,45.324288,0.002605
1.865784,1.437977,1.252416,0.992959,0.754473,0.418048,0.034860,-0.002520,45.337598,-0.002701
1.892243,1.432525,1.235143,0.984137,0.728137,0.412352,0.036605,-0.006345,42.503352,1.590566
1.892243,1.441896,1.249364,1.004726,0.753921,0.423874,0.037025,-0.006345,45.213141,-0.006997
1.892243,1.441896,1.249364,1.004469,0.754081,0.423940,0.037127,-0.006345,45.226114,-0.000702
1.819221,1.411283,1.231605,0.979956,0.736060,0.403505,0.042629,-0.006808,41.324427,2.745729
1.847966,1.423963,1.241396,0.999146,0.763125,0.417445,0.042075,-0.006848,45.227936,0.004064
1.847966,1.423963,1.241396,0.999131,0.763000,0.417828,0.042081,-0.006848,45.252089,0.002120
1.822808,1.417677,1.227772,0.983314,0.734576,0.401863,0.036460,0.000714,41.825858,2.277658
1.831107,1.430682,1.240167,1.001078,0.757105,0.413841,0.036174,0.000714,45.090236,0.005960
1.831107,1.430682,1.240167,1.001078,0.757260,0.414414,0.036060,0.000714,45.096878,0.001449
1.848288,1.416695,1.204077,0.977339,0.727581,0.398831,0.036847,-0.003513,41.506128,2.245235
1.861633,1.426481,1.222863,0.999545,0.756287,0.413644,0.037280,-0.003533,45.148137,0.000086
1.861633,1.426481,1.222293,1.000297,0.756730,0.414316,0.037281,-0.003533,45.141847,-0.000172
1.881095,1.422336,1.259177,1.000967,0.764840,0.441983,0.142084,-0.005005,45.096366,3.882910
1.906456,1.430508,1.261626,1.007684,0.771966,0.446052,0.141753,-0.004966,51.021194,0.000333
1.906456,1.430508,1.261626,1.007684,0.772120,0.445997,0.141829,-0.004966,51.024196,0.000000
1.882092,1.426125,1.252117,0.995816,0.760378,0.446102,0.135482,0.007741,48.488082,1.204134
1.882092,1.426125,1.256684,1.007108,0.768238,0.450122,0.135906,0.007523,51.014948,0.003913
1.882092,1.426125,1.256684,1.007108,0.768284,0.450348,0.135858,0.007483,51.016696,0.001749
1.870381,1.414973,1.247444,0.997934,0.766479,0.444937,0.132253,0.007778,47.262493,2.726108
1.870381,1.421780,1.251354,1.005274,0.772002,0.448366,0.132906,0.007876,51.174821,0.001036
1.870381,1.421780,1.251354,1.005274,0.772002,0.448311,0.133131,0.007877,51.172749,-0.000345
1.875366,1.419439,1.269118,1.006275,0.763669,0.449544,0.135649,0.003113,47.894613,2.021526
1.875366,1.422903,1.274423,1.011408,0.770287,0.453928,0.136395,0.002873,51.053822,-0.001595
1.875366,1.422903,1.274423,1.011408,0.770525,0.453941,0.136725,0.002873,51.049457,-0.001342
1.842221,1.411729,1.253192,0.997027,0.765857,0.447690,0.134391,0.004275,46.287314,3.728377
1.842221,1.421961,1.266034,1.003659,0.772177,0.450555,0.135243,0.004178,50.839918,-0.000560
1.842221,1.421961,1.266034,1.003659,0.772177,0.450394,0.134897,0.004178,50.844157,-0.002560
1.845079,1.420215,1.255439,0.989288,0.760068,0.447008,0.135945,-0.002770,45.944462,3.051826
1.863760,1.420212,1.262945,0.996218,0.768599,0.451902,0.137039,-0.002860,50.919299,0.016150
1.863760,1.420212,1.262945,0.996218,0.768279,0.452043,0.137188,-0.002860,50.948380,0.000000
1.876048,1.431235,1.263086,1.004430,0.767793,0.442969,0.137237,0.008417,46.722706,3.017462
1.891013,1.430401,1.269336,1.010823,0.774097,0.447611,0.137579,0.008259,51.080186,-0.002196
1.891013,1.430401,1.269336,1.010823,0.774097,0.447649,0.137700,0.008319,51.089489,0.000339
1.860304,1.433189,1.253959,1.007458,0.765220,0.444358,0.134225,0.001532,46.160779,3.610028
1.879752,1.433189,1.261489,1.012474,0.771544,0.448597,0.134702,0.001642,51.243752,-0.000877
1.879752,1.433189,1.261489,1.012474,0.771544,0.448422,0.134878,0.001652,51.255348,0.001760
1.845940,1.433851,1.254926,0.999797,0.761625,0.443682,0.135237,0.006076,47.879465,1.496843
1.845940,1.434842,1.259184,1.008436,0.767737,0.448790,0.135850,0.005973,51.122892,0.007942
1.845940,1.434842,1.259184,1.008436,0.767630,0.449216,0.135952,0.005973,51.149337,0.000000
1.857377,1.435309,1.254805,1.004259,0.768878,0.451539,0.132075,-0.002601,48.042598,2.083247
1.857377,1.438126,1.263304,1.007461,0.772983,0.453123,0.133122,-0.002541,51.191431,-0.009351
1.857377,1.438126,1.263304,1.007461,0.773046,0.453152,0.133064,-0.002541,51.170678,0.000000
1.842628,1.431262,1.242797,0.985864,0.761090,0.446991,0.131273,0.008332,45.764716,3.683579
1.858562,1.433805,1.248712,0.993131,0.769074,0.451498,0.133389,0.008321,51.169643,0.003796
1.858562,1.433805,1.248712,0.993131,0.769103,0.451464,0.133393,0.008281,51.169643,-0.000086
1.867640,1.432769,1.251571,0.992944,0.765649,0.448650,0.135282,0.006393,48.823560,1.316346
1.867640,1.435506,1.251974,0.997493,0.772579,0.454291,0.136714,0.006065,50.837520,0.007277
1.867640,1.435506,1.251974,0.997493,0.772272,0.454384,0.136631,0.005985,50.846958,-0.000080
1.887252,1.435050,1.243980,0.993955,0.756491,0.446957,0.136411,-0.002783,48.311080,1.594409
1.887252,1.435050,1.251670,0.999854,0.765439,0.450629,0.137682,-0.002704,51.242261,0.000351
1.887252,1.435050,1.251670,0.999854,0.765432,0.450580,0.137552,-0.002704,51.256668,-0.001408
1.869457,1.428392,1.237620,0.991548,0.763977,0.445719,0.137582,0.002959,48.133803,1.757591
1.869457,1.430285,1.242861,0.999832,0.769326,0.450327,0.139447,0.003069,51.102888,0.007055
1.869457,1.430285,1.242861,0.999832,0.769350,0.450359,0.139554,0.003069,51.114028,0.000000
1.874610,1.428956,1.242546,0.992114,0.762625,0.441461,0.139143,-0.005791,48.142558,1.803020
1.874610,1.432675,1.247601,0.995009,0.766451,0.445729,0.139548,-0.005651,51.006550,-0.003570
1.874610,1.432675,1.247601,0.995009,0.766451,0.445781,0.139459,-0.005651,50.998251,0.000000
1.865784,1.429711,1.248874,0.993332,0.759335,0.445751,0.131302,-0.001376,46.840706,2.423995
1.865784,1.437977,1.251457,0.996879,0.766826,0.449045,0.131566,-0.001317,51.126135,0.010601
1.865784,1.437977,1.251457,0.996879,0.766828,0.449263,0.131667,-0.001317,51.169729,-0.005516
1.892243,1.437252,1.243389,1.001849,0.760597,0.446860,0.130354,0.000910,47.770034,2.419208
1.892243,1.442941,1.248727,1.008137,0.765759,0.452022,0.130702,0.000930,51.278456,-0.006363
1.892243,1.442941,1.248727,1.008137,0.766305,0.452254,0.130593,0.000930,51.259748,0.000000
1.847966,1.425880,1.231584,0.989728,0.766888,0.445135,0.135111,-0.001752,47.992057,1.825560
1.847966,1.425880,1.241410,0.999624,0.775802,0.448130,0.136554,-0.001582,51.112070,0.037353
1.847966,1.425880,1.241410,0.999600,0.775802,0.448374,0.136703,-0.001582,51.210978,0.000000
1.831107,1.428685,1.237764,1.001029,0.762222,0.444661,0.132857,-0.000050,48.248700,1.619816
1.831107,1.430682,1.242661,1.003604,0.770552,0.447633,0.134283,-0.000050,51.164988,0.008279
1.831107,1.430682,1.242661,1.003604,0.770403,0.447784,0.133998,-0.000050,51.179486,-0.000346
1.839475,1.427408,1.217497,0.999304,0.758827,0.442316,0.131378,-0.006174,45.085219,4.860879
1.861633,1.427435,1.224309,1.003344,0.768783,0.447501,0.132555,-0.006254,51.277572,0.009205
1.861633,1.427435,1.224309,1.003344,0.768783,0.447344,0.132551,-0.006313,51.303466,-0.002223
