=============================
Thu Apr 10 13:10:40 2014

1.497526, 1.073887, 0.980870, 0.740493, 0.508297, 0.245800, 0.086393, 0.016960, ;
1.486052, 1.069634, 0.975579, 0.743443, 0.516528, 0.250446, 0.091372, 0.013779, ;
1.504976, 1.072274, 0.983569, 0.740289, 0.506393, 0.248286, 0.092432, 0.016583, ;
1.479527, 1.066343, 0.981329, 0.740665, 0.503400, 0.251667, 0.090841, 0.012443, ;
1.495518, 1.072453, 0.980965, 0.738620, 0.501398, 0.250515, 0.086478, 0.017261, ;
1.483450, 1.070559, 0.980594, 0.740432, 0.499832, 0.240672, 0.089385, 0.013719, ;
1.474465, 1.070538, 0.975722, 0.735968, 0.489499, 0.233367, 0.091074, 0.018685, ;
1.458343, 1.066585, 0.966279, 0.731426, 0.490518, 0.237785, 0.079742, 0.014294, ;
1.497068, 1.075189, 0.962213, 0.731380, 0.487827, 0.233386, 0.080817, 0.012531, ;
1.477636, 1.076557, 0.969508, 0.730263, 0.482001, 0.227793, 0.078298, 0.009366, ;
1.492066, 1.070155, 0.971929, 0.722648, 0.477227, 0.224708, 0.079846, 0.008904, ;
1.479636, 1.067362, 0.970093, 0.723237, 0.478606, 0.217393, 0.076485, 0.016599, ;
1.500378, 1.073382, 0.971887, 0.719864, 0.490328, 0.219054, 0.071057, 0.012375, ;
1.505638, 1.070980, 0.974074, 0.718145, 0.487293, 0.221509, 0.064099, 0.000818, ;
1.500581, 1.075041, 0.964163, 0.702189, 0.478625, 0.216533, 0.061593, 0.013668, ;
1.491255, 1.063694, 0.944496, 0.698557, 0.472787, 0.210285, 0.067366, 0.007570, ;
1.461655, 1.048858, 0.925239, 0.684716, 0.464830, 0.201081, 0.060364, 0.018116, ;
1.464140, 1.051123, 0.924928, 0.676624, 0.458291, 0.198773, 0.059815, 0.011295, ;
1.433366, 1.043651, 0.913054, 0.675145, 0.460678, 0.205614, 0.061369, 0.003628, ;
1.425524, 1.039503, 0.916254, 0.667890, 0.460331, 0.204228, 0.063793, 0.005071, ;
1.434632, 1.040219, 0.914931, 0.677389, 0.468128, 0.207560, 0.066609, 0.009918, ;
1.436455, 1.040597, 0.913679, 0.675692, 0.467871, 0.197336, 0.065735, 0.006677, ;
1.435535, 1.043068, 0.918458, 0.687992, 0.472699, 0.211860, 0.063163, 0.006678, ;
1.452042, 1.043125, 0.922705, 0.687274, 0.475647, 0.210852, 0.059668, 0.004490, ;
1.446415, 1.042317, 0.920917, 0.687394, 0.466794, 0.208740, 0.064988, 0.008919, ;
1.424793, 1.020504, 0.910181, 0.666545, 0.465714, 0.210420, 0.062664, 0.010014, ;
1.445610, 1.026260, 0.897447, 0.659273, 0.445849, 0.196885, 0.068508, 0.009962, ;
1.430986, 1.026318, 0.901214, 0.656293, 0.441667, 0.197131, 0.065086, 0.012902, ;
1.426250, 1.023077, 0.900756, 0.659853, 0.448356, 0.199220, 0.057624, 0.010710, ;
1.427928, 1.015389, 0.903919, 0.664532, 0.449602, 0.200575, 0.063418, 0.003356, ;
1.443919, 1.019111, 0.908527, 0.666936, 0.457915, 0.203044, 0.078731, 0.010966, ;
1.444851, 1.025521, 0.905096, 0.674407, 0.456876, 0.207525, 0.064913, 0.006416, ;
1.426621, 1.023806, 0.910765, 0.672489, 0.462825, 0.204365, 0.063062, 0.012044, ;
1.420631, 1.032853, 0.904962, 0.674709, 0.464511, 0.214607, 0.065706, 0.012437, ;
1.440415, 1.033749, 0.916457, 0.679541, 0.467583, 0.213826, 0.069685, 0.015055, ;
1.459626, 1.037493, 0.915102, 0.679802, 0.477261, 0.215862, 0.078621, 0.018357, ;
1.451578, 1.037107, 0.917276, 0.685549, 0.477033, 0.223705, 0.074348, 0.018665, ;
1.452556, 1.044747, 0.922631, 0.689385, 0.481017, 0.219306, 0.074064, 0.011045, ;
1.448369, 1.048156, 0.923711, 0.693376, 0.477216, 0.228955, 0.082408, 0.012048, ;
1.444162, 1.043088, 0.929170, 0.701627, 0.489731, 0.230324, 0.078033, 0.012898, ;
1.462727, 1.054105, 0.938800, 0.702865, 0.489697, 0.234909, 0.087971, 0.012873, ;
1.444711, 1.049629, 0.937133, 0.708228, 0.490826, 0.229213, 0.079955, 0.011314, ;
1.439222, 1.041782, 0.935558, 0.707882, 0.494345, 0.244971, 0.086058, 0.011144, ;
1.433476, 1.043697, 0.939418, 0.710635, 0.491212, 0.247191, 0.091376, 0.004549, ;
1.452958, 1.060775, 0.945892, 0.716980, 0.498612, 0.247715, 0.085269, 0.014399, ;
1.435387, 1.045158, 0.935394, 0.714227, 0.494888, 0.252297, 0.091472, 0.009860, ;
1.450805, 1.058563, 0.947340, 0.711111, 0.491865, 0.245219, 0.096833, 0.011677, ;
1.450140, 1.052605, 0.950162, 0.718184, 0.498533, 0.237396, 0.082598, 0.013055, ;
1.466295, 1.061027, 0.952786, 0.717835, 0.504067, 0.230998, 0.080086, 0.012606, ;
1.439385, 1.059042, 0.937416, 0.708654, 0.487046, 0.222964, 0.075922, 0.014319, ;
1.431949, 1.053568, 0.930726, 0.701858, 0.484527, 0.224588, 0.067903, 0.018624, ;
1.438855, 1.050101, 0.926042, 0.689559, 0.474221, 0.219653, 0.074630, 0.015896, ;
1.454769, 1.056696, 0.929816, 0.688755, 0.476733, 0.214242, 0.065422, 0.012310, ;
1.454011, 1.053614, 0.921487, 0.680715, 0.459005, 0.203209, 0.057802, 0.007786, ;
1.425418, 1.037305, 0.895950, 0.655010, 0.442312, 0.187598, 0.060533, 0.019272, ;
1.425284, 1.033359, 0.893764, 0.653876, 0.441997, 0.190035, 0.054208, 0.008664, ;
1.466898, 1.035802, 0.896886, 0.640299, 0.424252, 0.180090, 0.049646, 0.006155, ;
1.446497, 1.040664, 0.884210, 0.643568, 0.423924, 0.173375, 0.053525, 0.008569, ;
1.425784, 1.046014, 0.888992, 0.646397, 0.431223, 0.179020, 0.055678, 0.009336, ;
1.445537, 1.048181, 0.888021, 0.659945, 0.444861, 0.188057, 0.053757, 0.007569, ;
1.445428, 1.045386, 0.901007, 0.659457, 0.449763, 0.193043, 0.056067, 0.015495, ;
1.444299, 1.053094, 0.904348, 0.662526, 0.451715, 0.197598, 0.058301, 0.007950, ;
1.463804, 1.053852, 0.917824, 0.675023, 0.456162, 0.203166, 0.060234, 0.009309, ;
1.466713, 1.056878, 0.925635, 0.680873, 0.463781, 0.210064, 0.059789, 0.016385, ;
1.484388, 1.063396, 0.931797, 0.683670, 0.473536, 0.197675, 0.065801, 0.011448, ;
1.467580, 1.063252, 0.930838, 0.695586, 0.478667, 0.211341, 0.064739, 0.014505, ;
1.491593, 1.070961, 0.941569, 0.698272, 0.482504, 0.220645, 0.068522, 0.015431, ;
1.451407, 1.081957, 0.938202, 0.700181, 0.481863, 0.213652, 0.073870, 0.010650, ;
1.468799, 1.069868, 0.950430, 0.711528, 0.490020, 0.219512, 0.073221, 0.013007, ;
1.449492, 1.071910, 0.949576, 0.712227, 0.496068, 0.230554, 0.073330, 0.010210, ;
1.445164, 1.078753, 0.956349, 0.726405, 0.507158, 0.253497, 0.100663, 0.020175, ;
1.444361, 1.073823, 0.966489, 0.736153, 0.517404, 0.267425, 0.111739, 0.021205, ;
1.454289, 1.085267, 0.976701, 0.749896, 0.524012, 0.283022, 0.104260, 0.013955, ;
1.461878, 1.084257, 0.978322, 0.743228, 0.515224, 0.276845, 0.103997, 0.017725, ;
1.464926, 1.092416, 0.979775, 0.745421, 0.509568, 0.273695, 0.111541, 0.018873, ;
1.457300, 1.089926, 0.971686, 0.745506, 0.510807, 0.278284, 0.114714, 0.017653, ;
1.492328, 1.097308, 0.973988, 0.745140, 0.510555, 0.273815, 0.098066, 0.010472, ;
1.482245, 1.096332, 0.981114, 0.737397, 0.509464, 0.265506, 0.106524, 0.020152, ;
1.484303, 1.103659, 0.961740, 0.728646, 0.498841, 0.238927, 0.086243, 0.013693, ;
1.485599, 1.087607, 0.943732, 0.710786, 0.487003, 0.220242, 0.076209, 0.006991, ;
1.499153, 1.090424, 0.940593, 0.695504, 0.469729, 0.218100, 0.070310, 0.015895, ;
1.486838, 1.081502, 0.932095, 0.685349, 0.466071, 0.204808, 0.055539, 0.008927, ;
1.475476, 1.068362, 0.922332, 0.673204, 0.443588, 0.192210, 0.059106, 0.017486, ;
1.490706, 1.073717, 0.918124, 0.675935, 0.447845, 0.191061, 0.051013, 0.013041, ;
1.469709, 1.058204, 0.894224, 0.646325, 0.418023, 0.170369, 0.046441, 0.009752, ;
1.475203, 1.055643, 0.890584, 0.642960, 0.413729, 0.163956, 0.037537, 0.006883, ;
1.463071, 1.057285, 0.888569, 0.644445, 0.413026, 0.165571, 0.043678, 0.004409, ;
1.468155, 1.060384, 0.888501, 0.643214, 0.411834, 0.156258, 0.042358, 0.010130, ;
1.468829, 1.082444, 0.896952, 0.652362, 0.420105, 0.154916, 0.044837, 0.007294, ;
1.473904, 1.083228, 0.898269, 0.655252, 0.422162, 0.167728, 0.043291, 0.008659, ;
=============================
Thu Apr 10 13:19:51 2014

1.497526, 1.073887, 0.980870, 0.740493, 0.508297, 0.245800, 0.086393, 0.016960, ;
1.486052, 1.069634, 0.975579, 0.743443, 0.516528, 0.250446, 0.091372, 0.013779, ;
1.504976, 1.072274, 0.983569, 0.740289, 0.506393, 0.248286, 0.092432, 0.016583, ;
1.479527, 1.066343, 0.981329, 0.740665, 0.503400, 0.251667, 0.090841, 0.012443, ;
1.495518, 1.072453, 0.980965, 0.738620, 0.501398, 0.250515, 0.086478, 0.017261, ;
1.483450, 1.070559, 0.980594, 0.740432, 0.499832, 0.240672, 0.089385, 0.013719, ;
1.474465, 1.070538, 0.975722, 0.735968, 0.489499, 0.233367, 0.091074, 0.018685, ;
1.458343, 1.066585, 0.966279, 0.731426, 0.490518, 0.237785, 0.079742, 0.014294, ;
1.497068, 1.075189, 0.962213, 0.731380, 0.487827, 0.233386, 0.080817, 0.012531, ;
1.477636, 1.076557, 0.969508, 0.730263, 0.482001, 0.227793, 0.078298, 0.009366, ;
1.492066, 1.070155, 0.971929, 0.722648, 0.477227, 0.224708, 0.079846, 0.008904, ;
1.479636, 1.067362, 0.970093, 0.723237, 0.478606, 0.217393, 0.076485, 0.016599, ;
1.500378, 1.073382, 0.971887, 0.719864, 0.490328, 0.219054, 0.071057, 0.012375, ;
1.505638, 1.070980, 0.974074, 0.718145, 0.487293, 0.221509, 0.064099, 0.000818, ;
1.500581, 1.075041, 0.964163, 0.702189, 0.478625, 0.216533, 0.061593, 0.013668, ;
1.491255, 1.063694, 0.944496, 0.698557, 0.472787, 0.210285, 0.067366, 0.007570, ;
1.461655, 1.048858, 0.925239, 0.684716, 0.464830, 0.201081, 0.060364, 0.018116, ;
1.464140, 1.051123, 0.924928, 0.676624, 0.458291, 0.198773, 0.059815, 0.011295, ;
1.433366, 1.043651, 0.913054, 0.675145, 0.460678, 0.205614, 0.061369, 0.003628, ;
1.425524, 1.039503, 0.916254, 0.667890, 0.460331, 0.204228, 0.063793, 0.005071, ;
1.434632, 1.040219, 0.914931, 0.677389, 0.468128, 0.207560, 0.066609, 0.009918, ;
1.436455, 1.040597, 0.913679, 0.675692, 0.467871, 0.197336, 0.065735, 0.006677, ;
1.435535, 1.043068, 0.918458, 0.687992, 0.472699, 0.211860, 0.063163, 0.006678, ;
1.452042, 1.043125, 0.922705, 0.687274, 0.475647, 0.210852, 0.059668, 0.004490, ;
1.446415, 1.042317, 0.920917, 0.687394, 0.466794, 0.208740, 0.064988, 0.008919, ;
1.424793, 1.020504, 0.910181, 0.666545, 0.465714, 0.210420, 0.062664, 0.010014, ;
1.445610, 1.026260, 0.897447, 0.659273, 0.445849, 0.196885, 0.068508, 0.009962, ;
1.430986, 1.026318, 0.901214, 0.656293, 0.441667, 0.197131, 0.065086, 0.012902, ;
1.426250, 1.023077, 0.900756, 0.659853, 0.448356, 0.199220, 0.057624, 0.010710, ;
1.427928, 1.015389, 0.903919, 0.664532, 0.449602, 0.200575, 0.063418, 0.003356, ;
1.443919, 1.019111, 0.908527, 0.666936, 0.457915, 0.203044, 0.078731, 0.010966, ;
1.444851, 1.025521, 0.905096, 0.674407, 0.456876, 0.207525, 0.064913, 0.006416, ;
1.426621, 1.023806, 0.910765, 0.672489, 0.462825, 0.204365, 0.063062, 0.012044, ;
1.420631, 1.032853, 0.904962, 0.674709, 0.464511, 0.214607, 0.065706, 0.012437, ;
1.440415, 1.033749, 0.916457, 0.679541, 0.467583, 0.213826, 0.069685, 0.015055, ;
1.459626, 1.037493, 0.915102, 0.679802, 0.477261, 0.215862, 0.078621, 0.018357, ;
1.451578, 1.037107, 0.917276, 0.685549, 0.477033, 0.223705, 0.074348, 0.018665, ;
1.452556, 1.044747, 0.922631, 0.689385, 0.481017, 0.219306, 0.074064, 0.011045, ;
1.448369, 1.048156, 0.923711, 0.693376, 0.477216, 0.228955, 0.082408, 0.012048, ;
1.444162, 1.043088, 0.929170, 0.701627, 0.489731, 0.230324, 0.078033, 0.012898, ;
1.462727, 1.054105, 0.938800, 0.702865, 0.489697, 0.234909, 0.087971, 0.012873, ;
1.444711, 1.049629, 0.937133, 0.708228, 0.490826, 0.229213, 0.079955, 0.011314, ;
1.439222, 1.041782, 0.935558, 0.707882, 0.494345, 0.244971, 0.086058, 0.011144, ;
1.433476, 1.043697, 0.939418, 0.710635, 0.491212, 0.247191, 0.091376, 0.004549, ;
1.452958, 1.060775, 0.945892, 0.716980, 0.498612, 0.247715, 0.085269, 0.014399, ;
1.435387, 1.045158, 0.935394, 0.714227, 0.494888, 0.252297, 0.091472, 0.009860, ;
1.450805, 1.058563, 0.947340, 0.711111, 0.491865, 0.245219, 0.096833, 0.011677, ;
1.450140, 1.052605, 0.950162, 0.718184, 0.498533, 0.237396, 0.082598, 0.013055, ;
1.466295, 1.061027, 0.952786, 0.717835, 0.504067, 0.230998, 0.080086, 0.012606, ;
1.439385, 1.059042, 0.937416, 0.708654, 0.487046, 0.222964, 0.075922, 0.014319, ;
1.431949, 1.053568, 0.930726, 0.701858, 0.484527, 0.224588, 0.067903, 0.018624, ;
1.438855, 1.050101, 0.926042, 0.689559, 0.474221, 0.219653, 0.074630, 0.015896, ;
1.454769, 1.056696, 0.929816, 0.688755, 0.476733, 0.214242, 0.065422, 0.012310, ;
1.454011, 1.053614, 0.921487, 0.680715, 0.459005, 0.203209, 0.057802, 0.007786, ;
1.425418, 1.037305, 0.895950, 0.655010, 0.442312, 0.187598, 0.060533, 0.019272, ;
1.425284, 1.033359, 0.893764, 0.653876, 0.441997, 0.190035, 0.054208, 0.008664, ;
1.466898, 1.035802, 0.896886, 0.640299, 0.424252, 0.180090, 0.049646, 0.006155, ;
1.446497, 1.040664, 0.884210, 0.643568, 0.423924, 0.173375, 0.053525, 0.008569, ;
1.425784, 1.046014, 0.888992, 0.646397, 0.431223, 0.179020, 0.055678, 0.009336, ;
1.445537, 1.048181, 0.888021, 0.659945, 0.444861, 0.188057, 0.053757, 0.007569, ;
1.445428, 1.045386, 0.901007, 0.659457, 0.449763, 0.193043, 0.056067, 0.015495, ;
1.444299, 1.053094, 0.904348, 0.662526, 0.451715, 0.197598, 0.058301, 0.007950, ;
1.463804, 1.053852, 0.917824, 0.675023, 0.456162, 0.203166, 0.060234, 0.009309, ;
1.466713, 1.056878, 0.925635, 0.680873, 0.463781, 0.210064, 0.059789, 0.016385, ;
1.484388, 1.063396, 0.931797, 0.683670, 0.473536, 0.197675, 0.065801, 0.011448, ;
1.467580, 1.063252, 0.930838, 0.695586, 0.478667, 0.211341, 0.064739, 0.014505, ;
1.491593, 1.070961, 0.941569, 0.698272, 0.482504, 0.220645, 0.068522, 0.015431, ;
1.451407, 1.081957, 0.938202, 0.700181, 0.481863, 0.213652, 0.073870, 0.010650, ;
1.468799, 1.069868, 0.950430, 0.711528, 0.490020, 0.219512, 0.073221, 0.013007, ;
1.449492, 1.071910, 0.949576, 0.712227, 0.496068, 0.230554, 0.073330, 0.010210, ;
1.445164, 1.078753, 0.956349, 0.726405, 0.507158, 0.253497, 0.100663, 0.020175, ;
1.444361, 1.073823, 0.966489, 0.736153, 0.517404, 0.267425, 0.111739, 0.021205, ;
1.454289, 1.085267, 0.976701, 0.749896, 0.524012, 0.283022, 0.104260, 0.013955, ;
1.461878, 1.084257, 0.978322, 0.743228, 0.515224, 0.276845, 0.103997, 0.017725, ;
1.464926, 1.092416, 0.979775, 0.745421, 0.509568, 0.273695, 0.111541, 0.018873, ;
1.457300, 1.089926, 0.971686, 0.745506, 0.510807, 0.278284, 0.114714, 0.017653, ;
1.492328, 1.097308, 0.973988, 0.745140, 0.510555, 0.273815, 0.098066, 0.010472, ;
1.482245, 1.096332, 0.981114, 0.737397, 0.509464, 0.265506, 0.106524, 0.020152, ;
1.484303, 1.103659, 0.961740, 0.728646, 0.498841, 0.238927, 0.086243, 0.013693, ;
1.485599, 1.087607, 0.943732, 0.710786, 0.487003, 0.220242, 0.076209, 0.006991, ;
1.499153, 1.090424, 0.940593, 0.695504, 0.469729, 0.218100, 0.070310, 0.015895, ;
1.486838, 1.081502, 0.932095, 0.685349, 0.466071, 0.204808, 0.055539, 0.008927, ;
1.475476, 1.068362, 0.922332, 0.673204, 0.443588, 0.192210, 0.059106, 0.017486, ;
1.490706, 1.073717, 0.918124, 0.675935, 0.447845, 0.191061, 0.051013, 0.013041, ;
1.469709, 1.058204, 0.894224, 0.646325, 0.418023, 0.170369, 0.046441, 0.009752, ;
1.475203, 1.055643, 0.890584, 0.642960, 0.413729, 0.163956, 0.037537, 0.006883, ;
1.463071, 1.057285, 0.888569, 0.644445, 0.413026, 0.165571, 0.043678, 0.004409, ;
1.468155, 1.060384, 0.888501, 0.643214, 0.411834, 0.156258, 0.042358, 0.010130, ;
1.468829, 1.082444, 0.896952, 0.652362, 0.420105, 0.154916, 0.044837, 0.007294, ;
1.473904, 1.083228, 0.898269, 0.655252, 0.422162, 0.167728, 0.043291, 0.008659, ;
1.453477, 1.080306, 0.905148, 0.667441, 0.443752, 0.182538, 0.056412, 0.007380, ;
1.462281, 1.078473, 0.907457, 0.669853, 0.451726, 0.190085, 0.058074, 0.004652, ;
1.480326, 1.093621, 0.928985, 0.701926, 0.479422, 0.211788, 0.069729, 0.013746, ;
1.470194, 1.104702, 0.933683, 0.715994, 0.494937, 0.220907, 0.071654, 0.014027, ;
1.470378, 1.096038, 0.941755, 0.719005, 0.499946, 0.224268, 0.079481, 0.013099, ;
1.422452, 1.069061, 0.931565, 0.703666, 0.493132, 0.237693, 0.081484, 0.016230, ;
1.435496, 1.074651, 0.941659, 0.702400, 0.485159, 0.236735, 0.085894, 0.019205, ;
1.431563, 1.069330, 0.949760, 0.706298, 0.497820, 0.243365, 0.098082, 0.017051, ;
1.406310, 1.061556, 0.930385, 0.708573, 0.503361, 0.254521, 0.092542, 0.009825, ;
1.416848, 1.064584, 0.946271, 0.715024, 0.506245, 0.264740, 0.101915, 0.014086, ;
1.431282, 1.065251, 0.943460, 0.714364, 0.496287, 0.256999, 0.095688, 0.012845, ;
1.398517, 1.063326, 0.942340, 0.715977, 0.497025, 0.251283, 0.094211, 0.021927, ;
1.429182, 1.061419, 0.947933, 0.717713, 0.501212, 0.262456, 0.101233, 0.014680, ;
1.429914, 1.062648, 0.944505, 0.723190, 0.500136, 0.260883, 0.091480, 0.021854, ;
1.438148, 1.067368, 0.952952, 0.723065, 0.506735, 0.258395, 0.098136, 0.018124, ;
1.443996, 1.075145, 0.941311, 0.720139, 0.501018, 0.257006, 0.100849, 0.014037, ;
1.440638, 1.056272, 0.949937, 0.726596, 0.502189, 0.259569, 0.092917, 0.020743, ;
1.434250, 1.061285, 0.945105, 0.721226, 0.499389, 0.258502, 0.100413, 0.017731, ;
1.454736, 1.072262, 0.939408, 0.727946, 0.503104, 0.259812, 0.104916, 0.017530, ;
1.438300, 1.080251, 0.948388, 0.724204, 0.500645, 0.267857, 0.104847, 0.013945, ;
1.441254, 1.064204, 0.949335, 0.725243, 0.498696, 0.259581, 0.101006, 0.013669, ;
1.447534, 1.075002, 0.946122, 0.724081, 0.504631, 0.258055, 0.097202, 0.025729, ;
1.439566, 1.071162, 0.948341, 0.723041, 0.508950, 0.258464, 0.097374, 0.018575, ;
1.432263, 1.069811, 0.938058, 0.722988, 0.501565, 0.267850, 0.101050, 0.017095, ;
1.434902, 1.075375, 0.945380, 0.722574, 0.501426, 0.263438, 0.095638, 0.013401, ;
1.428979, 1.071896, 0.943422, 0.716045, 0.502289, 0.262988, 0.101961, 0.012355, ;
1.439932, 1.079183, 0.944181, 0.720273, 0.501345, 0.264647, 0.102087, 0.015962, ;
1.432316, 1.079008, 0.941370, 0.722880, 0.506181, 0.269390, 0.095751, 0.010956, ;
1.438851, 1.071416, 0.945439, 0.720546, 0.502902, 0.268801, 0.101556, 0.021920, ;
1.428690, 1.076807, 0.948174, 0.723103, 0.504709, 0.268086, 0.098689, 0.016604, ;
1.422002, 1.082314, 0.942391, 0.721580, 0.501216, 0.260992, 0.103949, 0.010521, ;
1.429259, 1.075762, 0.938817, 0.733459, 0.506314, 0.265706, 0.095128, 0.017574, ;
1.421020, 1.079636, 0.942430, 0.721443, 0.503776, 0.258566, 0.092061, 0.017505, ;
1.419023, 1.072263, 0.945193, 0.719035, 0.499896, 0.254263, 0.088932, 0.018238, ;
1.427945, 1.074916, 0.948972, 0.721017, 0.495277, 0.252918, 0.088663, 0.016419, ;
1.455682, 1.088557, 0.942518, 0.717118, 0.490635, 0.247251, 0.097271, 0.010234, ;
1.430744, 1.081499, 0.947859, 0.711099, 0.478309, 0.233190, 0.091597, 0.014163, ;
1.451400, 1.083192, 0.946573, 0.701036, 0.474494, 0.221711, 0.080922, 0.006784, ;
1.466720, 1.086063, 0.937976, 0.695338, 0.463804, 0.212287, 0.078728, 0.005699, ;
1.438391, 1.084891, 0.936520, 0.683737, 0.460918, 0.209055, 0.077133, 0.016667, ;
1.452872, 1.077614, 0.916569, 0.675928, 0.445855, 0.195733, 0.064261, 0.014414, ;
1.455548, 1.072724, 0.913856, 0.665874, 0.448942, 0.199647, 0.066356, 0.009855, ;
1.435802, 1.053513, 0.904238, 0.655799, 0.440393, 0.200570, 0.065107, 0.009012, ;
1.434745, 1.054512, 0.890787, 0.654373, 0.437980, 0.188185, 0.064383, 0.011949, ;
1.426332, 1.047082, 0.877304, 0.640248, 0.422401, 0.180878, 0.048507, 0.013872, ;
1.423277, 1.049057, 0.859420, 0.633902, 0.420583, 0.172184, 0.050459, 0.014062, ;
1.444923, 1.049672, 0.872644, 0.637886, 0.425943, 0.180088, 0.051470, 0.013591, ;
1.473827, 1.065337, 0.877479, 0.643245, 0.425280, 0.182125, 0.062257, 0.011867, ;
1.463938, 1.055155, 0.887109, 0.637503, 0.430301, 0.176202, 0.058109, 0.007958, ;
1.455498, 1.059636, 0.885680, 0.640424, 0.429741, 0.180828, 0.057661, 0.008714, ;
1.455642, 1.060455, 0.888419, 0.649194, 0.433312, 0.185016, 0.060644, 0.012018, ;
1.446104, 1.067963, 0.894225, 0.664091, 0.450038, 0.197470, 0.067054, 0.008099, ;
1.455853, 1.064743, 0.905801, 0.683806, 0.473623, 0.222260, 0.074526, 0.011307, ;
1.463996, 1.065061, 0.929921, 0.704475, 0.493480, 0.262704, 0.099021, 0.019761, ;
1.481447, 1.072981, 0.956629, 0.737530, 0.511350, 0.277426, 0.110625, 0.016728, ;
1.461188, 1.075293, 0.952089, 0.740435, 0.528951, 0.271936, 0.105318, 0.020584, ;
1.508373, 1.110246, 0.963536, 0.760492, 0.549607, 0.318600, 0.130529, 0.026566, ;
1.499035, 1.107926, 0.951855, 0.742283, 0.540244, 0.310244, 0.126973, 0.018803, ;
1.516747, 1.112037, 0.946707, 0.739897, 0.535848, 0.313960, 0.128882, 0.023794, ;
1.471777, 1.097182, 0.957110, 0.734514, 0.525746, 0.309183, 0.124896, 0.017898, ;
1.489583, 1.120879, 0.967356, 0.733587, 0.530085, 0.288454, 0.112156, 0.015946, ;
1.530715, 1.171861, 0.956768, 0.755032, 0.546009, 0.294905, 0.123212, 0.022767, ;
1.512147, 1.162897, 1.006452, 0.783224, 0.569911, 0.298828, 0.122748, 0.020752, ;
1.519397, 1.141025, 1.030486, 0.797145, 0.566272, 0.307129, 0.126132, 0.019704, ;
1.528628, 1.120861, 1.001090, 0.762298, 0.543844, 0.305942, 0.121289, 0.009966, ;
1.513701, 1.142413, 1.028273, 0.797718, 0.582286, 0.311629, 0.123312, 0.019899, ;
1.431982, 1.139272, 1.025931, 0.778552, 0.560242, 0.303939, 0.119642, 0.021907, ;
1.431937, 1.116424, 0.969224, 0.736821, 0.514033, 0.278261, 0.107007, 0.017310, ;
1.447733, 1.105697, 0.935913, 0.695937, 0.463405, 0.243436, 0.090526, 0.018087, ;
1.479118, 1.092589, 0.929464, 0.694956, 0.458951, 0.243164, 0.098935, 0.014916, ;
1.447986, 1.089050, 0.930025, 0.689240, 0.459642, 0.247206, 0.099088, 0.011471, ;
1.443368, 1.094173, 0.932867, 0.697819, 0.466884, 0.250492, 0.092484, 0.014075, ;
1.438087, 1.096250, 0.949067, 0.700359, 0.475876, 0.252640, 0.102040, 0.013499, ;
1.438001, 1.094984, 0.940554, 0.698734, 0.475794, 0.251276, 0.099241, 0.016881, ;
1.453764, 1.103596, 0.938378, 0.709984, 0.482946, 0.255187, 0.098931, 0.013896, ;
1.433344, 1.094984, 0.936116, 0.707886, 0.483403, 0.257893, 0.104592, 0.013807, ;
1.461147, 1.126680, 0.945807, 0.712476, 0.487031, 0.268094, 0.109706, 0.015607, ;
1.454324, 1.124198, 0.954874, 0.722992, 0.497526, 0.275940, 0.110780, 0.020755, ;
1.462130, 1.125644, 0.948336, 0.722759, 0.499214, 0.269610, 0.102808, 0.013040, ;
1.466549, 1.122180, 0.947182, 0.722586, 0.509421, 0.278364, 0.114938, 0.012297, ;
1.462867, 1.140442, 0.944412, 0.720634, 0.508453, 0.283538, 0.113695, 0.011775, ;
1.470835, 1.178945, 0.926853, 0.738582, 0.524160, 0.295078, 0.115102, 0.022893, ;
1.475057, 1.198755, 0.932267, 0.745168, 0.526206, 0.297466, 0.114394, 0.016725, ;
1.479624, 1.216448, 0.919070, 0.744793, 0.519035, 0.281643, 0.115683, 0.018647, ;
1.473711, 1.195688, 0.919189, 0.743478, 0.529769, 0.277632, 0.105996, 0.009500, ;
1.462061, 1.206060, 0.908036, 0.741153, 0.524495, 0.276937, 0.102336, 0.016610, ;
1.471539, 1.243041, 0.901325, 0.732520, 0.532519, 0.288540, 0.104686, 0.016127, ;
1.484296, 1.295954, 0.890698, 0.724564, 0.523354, 0.280299, 0.100774, 0.015383, ;
1.479984, 1.324085, 0.902058, 0.718167, 0.528097, 0.283221, 0.099235, 0.016709, ;
1.508330, 1.378150, 0.924645, 0.704511, 0.530266, 0.281261, 0.094988, 0.011656, ;
1.557661, 1.390155, 0.965679, 0.705601, 0.532414, 0.291040, 0.102973, 0.009285, ;
1.609669, 1.446051, 0.993178, 0.718232, 0.545263, 0.296990, 0.107077, 0.009821, ;
1.625021, 1.448865, 1.002960, 0.730297, 0.554367, 0.296610, 0.109810, 0.010980, ;
1.665076, 1.473477, 1.031873, 0.731637, 0.557047, 0.315938, 0.115719, 0.006207, ;
1.684223, 1.489578, 1.053187, 0.748695, 0.567344, 0.340602, 0.130624, 0.016826, ;
1.754302, 1.504672, 1.077122, 0.759296, 0.574735, 0.365470, 0.159418, 0.029690, ;
1.759926, 1.489248, 1.086708, 0.779705, 0.592378, 0.383471, 0.164120, 0.018988, ;
1.748177, 1.505254, 1.082519, 0.804045, 0.610798, 0.409435, 0.185899, 0.033730, ;
1.702818, 1.461059, 1.089074, 0.821179, 0.649065, 0.417978, 0.199200, 0.022671, ;
1.690187, 1.461187, 1.088492, 0.833579, 0.675743, 0.446006, 0.217422, 0.035542, ;
1.658871, 1.451217, 1.068343, 0.832505, 0.683015, 0.458850, 0.225722, 0.038198, ;
1.668666, 1.437743, 1.076186, 0.817728, 0.676193, 0.458593, 0.225939, 0.035258, ;
1.685882, 1.425505, 1.084185, 0.817168, 0.646078, 0.453265, 0.230363, 0.044528, ;
1.689982, 1.361231, 1.062854, 0.800240, 0.637465, 0.451474, 0.222921, 0.028795, ;
1.655460, 1.333043, 1.052036, 0.796927, 0.610735, 0.440420, 0.216845, 0.038640, ;
1.632988, 1.291393, 1.010431, 0.778365, 0.594378, 0.425469, 0.212064, 0.032710, ;
1.615428, 1.277064, 0.994091, 0.778520, 0.578442, 0.421097, 0.210287, 0.031601, ;
1.628826, 1.269674, 1.000028, 0.775033, 0.568221, 0.414216, 0.197697, 0.033883, ;
1.635598, 1.266880, 1.009440, 0.791450, 0.574491, 0.413378, 0.201733, 0.033080, ;
1.617395, 1.277878, 1.004559, 0.796495, 0.582478, 0.428118, 0.203924, 0.033806, ;
1.641442, 1.299052, 1.032033, 0.813057, 0.578088, 0.421193, 0.213375, 0.034734, ;
1.639468, 1.257960, 1.028929, 0.811903, 0.567656, 0.427671, 0.212265, 0.041313, ;
1.603369, 1.256337, 1.020937, 0.790335, 0.551780, 0.412381, 0.212459, 0.036408, ;
1.560339, 1.248045, 1.018955, 0.782643, 0.537841, 0.398011, 0.200082, 0.026214, ;
1.549533, 1.228081, 1.002143, 0.758806, 0.527709, 0.382464, 0.195383, 0.033453, ;
1.491179, 1.206917, 0.988798, 0.742806, 0.512715, 0.361053, 0.177603, 0.023169, ;
1.502094, 1.196924, 0.968958, 0.720958, 0.496527, 0.353481, 0.158235, 0.024392, ;
1.479439, 1.187753, 0.953157, 0.704615, 0.498426, 0.341540, 0.156622, 0.017533, ;
1.470932, 1.175037, 0.940235, 0.700842, 0.483930, 0.330158, 0.159364, 0.023149, ;
1.457940, 1.197227, 0.918735, 0.679388, 0.479544, 0.321222, 0.154810, 0.022111, ;
1.431083, 1.171106, 0.887587, 0.644645, 0.449962, 0.300983, 0.139754, 0.020511, ;
1.495232, 1.208671, 0.882338, 0.630126, 0.432886, 0.280522, 0.128169, 0.016249, ;
1.524293, 1.241604, 0.908075, 0.630746, 0.417324, 0.259778, 0.129607, 0.023415, ;
1.595979, 1.312180, 0.949934, 0.652518, 0.403456, 0.251268, 0.115819, 0.012087, ;
1.617293, 1.336912, 0.984926, 0.663367, 0.409274, 0.250603, 0.096707, 0.012768, ;
1.625358, 1.322603, 0.996748, 0.669173, 0.399861, 0.228451, 0.091221, 0.006051, ;
1.613624, 1.325212, 0.970765, 0.637760, 0.380427, 0.199399, 0.080562, 0.007849, ;
1.517267, 1.259415, 0.904890, 0.589066, 0.350887, 0.183159, 0.064854, 0.017569, ;
1.448134, 1.162683, 0.840182, 0.542414, 0.332202, 0.173921, 0.063128, 0.004568, ;
1.365426, 1.069316, 0.767865, 0.495511, 0.307732, 0.156269, 0.063100, 0.001700, ;
1.324077, 1.041527, 0.735003, 0.474485, 0.297498, 0.160167, 0.059058, 0.007216, ;
1.293457, 1.016135, 0.721193, 0.468333, 0.292077, 0.156467, 0.053038, 0.004821, ;
1.303861, 1.032283, 0.732393, 0.476254, 0.289369, 0.157008, 0.052701, 0.009007, ;
1.328291, 1.059274, 0.752994, 0.486639, 0.298632, 0.160372, 0.056335, 0.009158, ;
1.406715, 1.132083, 0.821053, 0.524526, 0.317456, 0.162178, 0.053290, 0.007688, ;
1.467237, 1.179214, 0.854693, 0.543935, 0.322473, 0.162935, 0.050771, -0.002685, ;
1.465402, 1.193288, 0.869732, 0.547471, 0.322142, 0.152710, 0.063703, 0.001801, ;
1.442694, 1.180437, 0.862996, 0.541306, 0.317268, 0.144432, 0.046138, 0.004509, ;
1.387423, 1.126568, 0.817803, 0.524286, 0.301425, 0.141101, 0.038521, 0.003928, ;
1.303992, 1.022176, 0.742506, 0.479806, 0.278482, 0.118953, 0.036840, 0.002385, ;
1.240343, 0.975194, 0.699537, 0.458575, 0.263720, 0.118543, 0.033501, -0.002009, ;
1.219136, 0.949769, 0.678758, 0.443774, 0.254925, 0.112354, 0.039855, 0.005224, ;
1.214202, 0.945610, 0.674661, 0.439900, 0.247153, 0.115943, 0.026335, -0.000240, ;
1.214255, 0.947538, 0.679920, 0.443257, 0.254794, 0.112486, 0.033513, 0.002567, ;
1.206749, 0.950310, 0.684185, 0.455543, 0.251164, 0.107814, 0.023234, 0.010297, ;
1.241953, 0.978300, 0.691544, 0.453249, 0.253377, 0.109206, 0.034597, 0.001103, ;
1.238961, 0.972238, 0.694827, 0.455972, 0.258515, 0.114211, 0.031503, 0.005680, ;
1.239443, 0.979780, 0.683709, 0.463907, 0.265850, 0.116941, 0.030892, 0.000040, ;
1.235944, 0.971703, 0.685963, 0.454613, 0.271182, 0.120987, 0.025221, 0.003223, ;
1.232138, 0.972601, 0.676914, 0.456630, 0.269367, 0.118864, 0.032424, 0.002666, ;
1.239938, 0.981197, 0.673923, 0.458572, 0.267631, 0.117848, 0.029987, 0.003356, ;
1.234192, 0.974656, 0.666404, 0.455500, 0.271865, 0.128652, 0.024675, 0.008360, ;
1.236827, 0.971605, 0.661968, 0.453805, 0.260787, 0.125733, 0.033643, 0.001653, ;
1.218184, 0.963789, 0.649198, 0.451056, 0.267607, 0.119938, 0.033138, 0.003106, ;
1.219870, 0.957178, 0.645851, 0.442603, 0.262902, 0.120397, 0.036996, 0.005536, ;
1.211608, 0.955230, 0.642665, 0.445748, 0.261396, 0.118274, 0.031867, 0.000785, ;
1.209085, 0.951351, 0.638623, 0.439132, 0.255061, 0.119855, 0.027472, 0.003609, ;
1.194704, 0.941004, 0.639343, 0.435757, 0.257495, 0.117065, 0.032524, 0.001972, ;
1.210512, 0.940116, 0.631201, 0.436241, 0.252516, 0.109744, 0.025639, -0.000618, ;
1.206088, 0.934261, 0.628643, 0.435502, 0.250141, 0.107536, 0.028965, 0.003953, ;
1.189851, 0.934305, 0.631030, 0.432867, 0.249048, 0.112772, 0.029635, 0.002367, ;
1.205935, 0.939520, 0.632942, 0.429759, 0.250104, 0.110720, 0.026869, 0.000997, ;
1.198110, 0.931567, 0.627966, 0.432203, 0.246034, 0.108673, 0.032974, 0.001671, ;
1.187841, 0.928167, 0.631201, 0.432160, 0.247360, 0.108371, 0.030865, 0.001269, ;
1.215579, 0.939595, 0.629012, 0.428963, 0.247711, 0.105268, 0.038402, -0.000611, ;
1.206168, 0.935677, 0.631311, 0.433072, 0.248477, 0.109095, 0.029126, -0.003625, ;
1.200615, 0.936523, 0.631235, 0.430899, 0.247094, 0.113741, 0.040270, 0.009698, ;
1.205683, 0.935972, 0.629933, 0.436259, 0.247109, 0.104749, 0.028745, 0.006373, ;
1.200330, 0.935293, 0.632967, 0.435039, 0.246875, 0.109808, 0.031481, 0.003351, ;
1.213830, 0.945791, 0.636958, 0.437180, 0.251575, 0.108935, 0.025223, 0.004426, ;
1.212972, 0.943444, 0.632558, 0.435025, 0.245745, 0.113188, 0.033392, 0.001997, ;
1.199945, 0.935752, 0.630504, 0.438319, 0.256996, 0.112699, 0.032005, 0.003819, ;
1.226761, 0.954830, 0.638765, 0.437848, 0.262968, 0.114375, 0.038691, 0.008359, ;
1.216886, 0.941655, 0.632210, 0.434774, 0.255826, 0.112578, 0.027441, -0.002742, ;
1.209387, 0.939959, 0.629167, 0.439764, 0.258666, 0.118332, 0.037328, 0.002892, ;
1.213246, 0.948663, 0.632342, 0.435102, 0.251777, 0.110218, 0.027127, 0.004861, ;
1.203116, 0.947608, 0.635561, 0.442041, 0.260043, 0.115076, 0.039457, 0.003601, ;
1.202222, 0.943565, 0.637680, 0.438032, 0.257122, 0.112715, 0.035469, 0.008933, ;
1.208983, 0.945961, 0.632344, 0.438099, 0.260118, 0.108358, 0.031266, 0.003554, ;
1.200829, 0.943586, 0.635041, 0.435411, 0.255988, 0.115115, 0.032657, 0.006999, ;
1.205228, 0.949396, 0.639659, 0.438549, 0.261789, 0.118424, 0.024052, -0.001609, ;
1.204774, 0.949105, 0.641185, 0.444068, 0.255528, 0.113683, 0.032266, 0.004504, ;
1.213717, 0.950719, 0.635301, 0.437819, 0.259184, 0.118846, 0.029442, 0.004883, ;
1.216460, 0.949929, 0.636479, 0.443914, 0.259576, 0.112327, 0.037759, -0.000100, ;
1.207096, 0.949573, 0.638765, 0.447286, 0.266068, 0.121413, 0.032968, 0.000632, ;
1.214634, 0.943523, 0.640818, 0.443665, 0.259055, 0.112148, 0.021604, 0.003991, ;
1.226991, 0.954390, 0.637862, 0.445748, 0.260224, 0.115212, 0.028699, -0.001863, ;
1.210812, 0.942842, 0.638389, 0.443065, 0.259790, 0.109867, 0.028962, 0.000309, ;
1.211956, 0.950007, 0.639877, 0.442347, 0.263417, 0.112271, 0.030152, 0.000972, ;
1.221726, 0.952525, 0.640258, 0.438481, 0.255457, 0.118822, 0.032876, -0.001196, ;
1.219452, 0.951024, 0.635397, 0.444619, 0.258960, 0.116295, 0.023119, 0.010551, ;
1.205553, 0.943520, 0.634454, 0.447420, 0.263506, 0.115627, 0.031131, 0.007178, ;
1.215662, 0.953902, 0.639520, 0.442960, 0.256821, 0.112262, 0.038653, 0.002465, ;
1.219827, 0.952936, 0.640017, 0.444301, 0.257622, 0.111708, 0.029679, -0.009064, ;
1.216689, 0.958979, 0.642866, 0.447408, 0.265192, 0.118312, 0.031070, 0.006018, ;
1.209696, 0.959586, 0.644831, 0.445264, 0.272126, 0.119431, 0.038096, 0.005017, ;
1.223287, 0.954759, 0.639265, 0.439003, 0.261720, 0.113704, 0.033606, -0.000626, ;
1.221910, 0.957292, 0.639622, 0.440977, 0.259827, 0.119015, 0.037782, 0.009845, ;
1.209130, 0.953939, 0.643557, 0.446838, 0.261514, 0.115715, 0.035016, 0.003274, ;
1.214033, 0.952503, 0.642346, 0.444317, 0.261029, 0.119188, 0.031097, 0.007696, ;
1.201397, 0.946634, 0.638546, 0.437772, 0.257657, 0.113295, 0.032272, 0.007922, ;
1.222061, 0.951695, 0.633614, 0.436674, 0.263228, 0.118535, 0.027097, 0.003409, ;
1.210857, 0.946063, 0.635249, 0.440548, 0.261441, 0.117060, 0.032857, 0.006966, ;
1.213469, 0.952899, 0.633514, 0.439285, 0.260563, 0.111910, 0.031837, 0.007824, ;
1.206338, 0.949723, 0.627910, 0.438682, 0.260268, 0.121642, 0.033639, 0.000120, ;
1.203912, 0.948377, 0.631614, 0.445784, 0.260761, 0.118695, 0.031651, -0.005093, ;
1.218061, 0.939113, 0.630412, 0.439324, 0.263789, 0.117842, 0.042585, -0.000130, ;
1.202947, 0.945343, 0.626770, 0.434802, 0.254695, 0.116565, 0.034099, 0.008141, ;
1.201960, 0.941086, 0.625504, 0.437084, 0.253541, 0.122491, 0.040047, 0.004483, ;
1.208901, 0.942875, 0.624867, 0.437024, 0.254133, 0.116905, 0.032648, 0.006349, ;
=============================
Thu Apr 10 13:52:04 2014

1.906456, 1.430508, 1.262328, 1.008930, 0.776056, 0.455712, 0.155933, 0.004116, ;
1.882092, 1.426125, 1.256684, 1.008398, 0.770942, 0.460534, 0.152290, 0.010551, ;
1.870381, 1.421780, 1.251354, 1.007058, 0.776479, 0.460157, 0.150261, 0.002866, ;
1.875366, 1.422903, 1.275476, 1.012731, 0.773786, 0.464901, 0.151808, 0.005047, ;
1.842221, 1.421961, 1.266034, 1.005773, 0.775948, 0.460182, 0.152739, 0.006841, ;
1.863760, 1.422047, 1.262945, 0.997926, 0.771289, 0.462181, 0.153670, 0.006848, ;
1.891013, 1.431235, 1.269336, 1.011775, 0.779066, 0.458978, 0.154442, 0.004270, ;
1.879752, 1.433189, 1.261783, 1.012931, 0.775684, 0.459460, 0.153383, 0.007626, ;
1.845940, 1.434842, 1.260552, 1.010181, 0.773282, 0.460505, 0.153560, 0.009345, ;
1.857377, 1.438126, 1.263595, 1.008998, 0.777390, 0.462241, 0.149864, 0.000830, ;
1.858562, 1.434657, 1.249657, 0.994510, 0.772612, 0.460587, 0.152463, 0.009330, ;
1.867640, 1.435506, 1.252249, 0.999133, 0.775156, 0.465172, 0.153052, 0.006645, ;
1.887252, 1.435050, 1.252007, 1.001697, 0.770056, 0.461545, 0.156161, 0.009880, ;
1.869457, 1.430285, 1.244373, 0.999840, 0.773608, 0.458853, 0.155445, 0.009676, ;
1.874610, 1.432675, 1.248248, 0.995924, 0.770971, 0.458245, 0.154799, 0.004132, ;
1.865784, 1.437977, 1.253703, 0.997670, 0.771740, 0.459894, 0.148551, 0.007771, ;
1.892243, 1.442941, 1.249364, 1.008398, 0.769828, 0.464057, 0.150839, 0.005922, ;
1.847966, 1.425880, 1.241410, 1.001264, 0.780460, 0.460403, 0.152500, 0.004730, ;
1.831107, 1.430682, 1.243278, 1.004829, 0.775390, 0.460105, 0.150409, 0.006083, ;
1.861633, 1.427435, 1.224309, 1.004326, 0.771207, 0.457592, 0.147878, 0.002982, ;
1.902117, 1.428303, 1.234858, 1.010808, 0.772487, 0.456661, 0.153321, 0.006782, ;
1.847531, 1.441749, 1.242618, 1.011103, 0.775072, 0.458747, 0.155840, 0.008788, ;
1.869428, 1.446885, 1.241338, 1.007783, 0.768414, 0.462533, 0.155354, 0.006384, ;
1.854368, 1.434990, 1.236176, 1.008099, 0.771445, 0.457352, 0.152373, 0.004458, ;
1.861510, 1.439489, 1.231897, 1.005080, 0.779356, 0.458363, 0.158263, 0.008382, ;
1.859478, 1.439016, 1.233431, 1.010081, 0.773303, 0.457244, 0.154581, 0.005785, ;
1.890722, 1.439854, 1.243752, 1.006011, 0.769251, 0.460222, 0.154756, 0.006092, ;
1.896240, 1.440613, 1.250047, 1.017804, 0.767116, 0.460309, 0.149623, 0.003710, ;
1.892455, 1.450036, 1.246830, 1.010988, 0.772858, 0.459077, 0.153001, 0.009942, ;
1.890458, 1.439955, 1.241027, 1.015448, 0.771295, 0.456582, 0.152152, 0.009295, ;
1.827178, 1.446579, 1.235633, 1.004503, 0.772906, 0.460090, 0.153576, 0.006931, ;
1.867429, 1.449090, 1.238237, 1.002831, 0.771639, 0.458164, 0.150089, 0.007225, ;
1.900108, 1.450372, 1.239678, 1.005803, 0.771939, 0.458471, 0.153435, 0.005596, ;
1.887944, 1.442367, 1.237628, 1.005183, 0.776185, 0.460466, 0.152535, 0.011729, ;
1.866773, 1.442039, 1.251362, 1.008559, 0.770379, 0.456561, 0.148216, 0.009995, ;
1.848431, 1.438999, 1.231521, 1.004578, 0.766655, 0.456545, 0.155924, 0.006522, ;
1.853208, 1.443685, 1.237576, 1.006357, 0.763260, 0.455092, 0.151644, 0.004542, ;
1.923720, 1.452187, 1.248533, 1.016129, 0.775096, 0.460130, 0.155009, 0.003145, ;
1.931495, 1.457960, 1.253806, 1.013802, 0.764827, 0.460366, 0.153797, 0.003321, ;
1.877332, 1.450940, 1.255188, 1.009217, 0.771364, 0.460699, 0.153141, 0.008276, ;
1.829753, 1.430372, 1.245723, 1.006510, 0.764886, 0.455622, 0.149373, 0.008963, ;
1.892283, 1.463527, 1.248948, 1.004719, 0.765573, 0.457199, 0.149022, 0.007491, ;
1.855151, 1.447412, 1.261309, 1.005807, 0.766286, 0.458560, 0.152816, 0.008852, ;
1.840742, 1.434612, 1.247197, 1.004484, 0.771207, 0.454297, 0.150077, 0.009037, ;
1.847025, 1.440241, 1.246337, 0.996408, 0.765700, 0.456222, 0.151899, 0.008811, ;
1.898581, 1.452344, 1.252676, 0.997613, 0.762808, 0.454737, 0.152604, 0.006320, ;
1.871436, 1.450891, 1.236323, 0.996467, 0.764482, 0.455071, 0.147864, 0.007354, ;
1.850299, 1.454276, 1.230517, 1.002086, 0.761341, 0.453977, 0.149756, 0.008445, ;
1.870160, 1.459088, 1.235151, 0.998770, 0.771288, 0.450448, 0.147645, 0.008057, ;
1.900137, 1.453472, 1.242740, 1.004197, 0.763752, 0.453909, 0.152505, 0.009690, ;
1.871609, 1.444423, 1.252474, 1.004742, 0.771053, 0.453697, 0.151735, 0.005763, ;
1.850439, 1.444246, 1.238218, 1.001006, 0.768473, 0.455595, 0.151430, 0.005367, ;
1.847289, 1.446142, 1.245272, 1.002574, 0.766745, 0.454351, 0.150416, 0.007991, ;
1.861843, 1.433022, 1.246847, 1.002685, 0.771182, 0.460635, 0.150844, 0.011213, ;
1.875621, 1.445573, 1.229440, 0.993186, 0.767810, 0.451610, 0.149384, 0.004723, ;
1.892247, 1.452900, 1.236565, 1.000480, 0.770385, 0.453800, 0.150394, 0.002465, ;
1.889260, 1.448476, 1.241773, 0.996378, 0.771657, 0.455563, 0.150978, 0.008098, ;
1.844447, 1.447389, 1.235597, 0.999132, 0.766731, 0.453276, 0.154401, 0.005258, ;
1.846743, 1.451482, 1.235950, 1.000502, 0.764374, 0.456452, 0.152462, 0.002859, ;
1.883304, 1.459666, 1.248240, 1.003799, 0.765431, 0.460034, 0.147567, 0.006820, ;
1.846840, 1.455126, 1.239994, 0.997625, 0.771038, 0.457973, 0.153756, 0.002830, ;
1.836072, 1.455132, 1.244823, 1.006450, 0.770199, 0.457337, 0.152292, 0.004829, ;
1.936136, 1.453172, 1.263342, 1.014016, 0.766865, 0.451931, 0.151416, 0.003678, ;
1.857773, 1.444767, 1.251574, 1.008348, 0.773330, 0.455175, 0.151075, 0.007653, ;
1.918747, 1.457569, 1.261831, 1.013903, 0.765740, 0.457338, 0.150342, 0.010708, ;
1.846143, 1.440744, 1.253965, 1.008526, 0.765018, 0.456818, 0.152654, 0.002818, ;
1.859721, 1.442424, 1.253097, 1.000061, 0.767736, 0.458847, 0.151519, 0.002705, ;
1.907061, 1.436053, 1.253023, 0.999597, 0.763474, 0.454430, 0.150372, 0.006557, ;
1.886856, 1.446281, 1.249671, 1.004146, 0.766656, 0.453592, 0.150951, 0.002052, ;
1.890656, 1.459481, 1.248292, 1.013663, 0.774623, 0.455470, 0.154263, 0.005279, ;
1.916861, 1.464491, 1.253189, 1.011329, 0.767568, 0.461116, 0.151679, 0.008515, ;
1.875021, 1.448152, 1.246988, 1.000579, 0.765688, 0.456300, 0.150268, 0.008713, ;
1.834044, 1.438758, 1.235298, 0.994334, 0.769694, 0.456480, 0.152629, 0.007937, ;
1.844696, 1.426886, 1.241179, 0.993163, 0.770593, 0.452949, 0.151692, 0.004395, ;
1.820861, 1.418444, 1.234537, 0.992349, 0.768449, 0.458703, 0.153989, 0.006599, ;
1.831727, 1.415218, 1.237759, 0.988747, 0.766650, 0.458067, 0.148329, 0.005360, ;
1.862929, 1.435793, 1.244130, 1.004001, 0.773139, 0.458094, 0.152474, 0.005407, ;
1.894083, 1.458771, 1.248462, 1.001629, 0.775864, 0.454952, 0.151277, 0.005242, ;
1.891421, 1.447946, 1.246234, 1.002548, 0.769664, 0.456200, 0.151035, 0.008271, ;
1.922820, 1.450699, 1.259395, 1.014936, 0.767092, 0.454227, 0.151569, 0.011281, ;
1.910280, 1.455213, 1.251027, 1.017298, 0.769329, 0.456599, 0.146883, 0.005923, ;
1.845099, 1.454361, 1.251289, 1.004246, 0.771497, 0.457269, 0.151493, 0.007627, ;
1.882215, 1.459299, 1.252224, 1.001382, 0.770047, 0.457856, 0.149000, 0.006733, ;
1.888449, 1.464063, 1.241265, 1.008108, 0.766093, 0.456116, 0.146907, 0.002689, ;
1.877144, 1.449390, 1.241701, 0.999793, 0.765187, 0.452772, 0.147660, 0.002994, ;
1.891148, 1.453137, 1.236456, 1.008931, 0.765826, 0.455781, 0.146160, 0.007451, ;
1.852917, 1.452061, 1.246798, 1.004591, 0.765754, 0.453331, 0.152160, 0.004403, ;
1.854235, 1.438912, 1.239229, 0.998931, 0.760910, 0.453942, 0.148232, 0.007428, ;
1.892899, 1.447338, 1.240063, 0.995962, 0.769062, 0.456732, 0.152062, 0.006537, ;
1.887007, 1.455141, 1.252824, 0.999499, 0.765675, 0.454200, 0.148227, 0.004381, ;
1.886411, 1.438146, 1.240412, 1.002544, 0.766415, 0.454382, 0.149843, 0.008575, ;
1.891830, 1.443169, 1.235444, 1.005292, 0.770157, 0.455157, 0.149063, 0.005381, ;
1.845079, 1.428093, 1.237418, 0.997960, 0.766965, 0.454138, 0.150785, 0.004327, ;
1.855132, 1.426431, 1.236698, 1.002016, 0.759444, 0.459738, 0.150459, 0.008622, ;
1.882892, 1.426184, 1.239524, 1.005937, 0.771692, 0.457185, 0.151940, 0.006885, ;
1.889850, 1.445705, 1.253719, 1.006750, 0.767204, 0.453360, 0.149482, 0.008940, ;
1.917304, 1.452027, 1.250032, 1.009376, 0.766830, 0.458694, 0.152370, 0.008934, ;
1.874211, 1.450628, 1.238461, 1.002064, 0.765515, 0.454714, 0.151854, 0.007867, ;
1.914110, 1.460628, 1.246343, 1.007217, 0.764267, 0.456381, 0.152034, 0.007905, ;
1.868040, 1.450086, 1.241281, 1.014048, 0.765967, 0.452628, 0.151954, 0.007745, ;
1.908832, 1.461314, 1.245593, 1.002950, 0.768364, 0.454720, 0.154269, 0.009073, ;
1.894714, 1.450583, 1.250771, 1.007645, 0.762987, 0.457112, 0.150988, 0.010059, ;
1.868061, 1.447821, 1.246019, 1.006549, 0.763816, 0.458340, 0.156799, 0.010524, ;
1.842578, 1.434104, 1.246695, 1.004886, 0.762144, 0.455036, 0.153537, 0.009989, ;
1.862753, 1.444121, 1.244002, 1.005530, 0.771096, 0.458211, 0.154182, 0.007821, ;
1.868632, 1.452751, 1.239440, 1.006989, 0.767156, 0.454189, 0.152048, 0.009174, ;
1.898794, 1.444960, 1.260225, 1.016156, 0.770161, 0.454836, 0.155125, 0.006502, ;
1.879062, 1.452810, 1.251851, 1.007827, 0.768669, 0.452842, 0.156961, 0.006285, ;
1.860684, 1.442725, 1.255527, 1.008534, 0.772118, 0.457050, 0.156510, 0.012022, ;
1.849621, 1.435341, 1.247655, 1.008622, 0.767387, 0.453966, 0.148935, 0.003101, ;
1.877056, 1.435518, 1.250905, 1.008767, 0.771251, 0.451557, 0.152904, 0.005988, ;
1.882824, 1.447666, 1.263078, 1.008788, 0.766329, 0.455627, 0.151166, 0.006768, ;
1.877165, 1.447731, 1.258956, 1.010353, 0.778626, 0.452891, 0.153998, 0.010569, ;
1.891980, 1.436263, 1.259845, 1.012434, 0.772218, 0.451009, 0.154161, 0.008235, ;
1.922995, 1.454364, 1.251796, 1.008681, 0.765454, 0.449944, 0.149323, 0.008972, ;
1.875639, 1.458301, 1.245466, 1.006931, 0.771204, 0.453289, 0.151685, 0.007875, ;
1.898256, 1.449535, 1.267052, 1.010098, 0.772242, 0.449915, 0.151560, 0.004999, ;
1.886262, 1.446815, 1.260156, 1.008205, 0.767901, 0.454150, 0.154164, 0.005079, ;
1.901613, 1.452088, 1.272461, 1.007509, 0.769271, 0.460356, 0.152066, 0.005342, ;
1.915466, 1.456297, 1.260036, 1.003025, 0.768089, 0.451929, 0.149675, 0.004841, ;
1.901731, 1.460493, 1.260891, 1.012739, 0.770943, 0.455060, 0.156440, 0.006074, ;
1.898630, 1.459313, 1.264424, 1.011182, 0.766227, 0.455156, 0.152400, 0.010913, ;
1.901843, 1.458874, 1.245432, 1.003751, 0.766215, 0.450297, 0.149881, 0.004025, ;
1.878925, 1.457051, 1.249815, 1.008229, 0.773219, 0.454321, 0.150076, 0.011234, ;
1.892536, 1.448952, 1.246011, 1.004609, 0.771065, 0.462233, 0.148860, 0.008226, ;
1.886865, 1.458196, 1.248320, 1.002558, 0.771330, 0.460289, 0.151702, 0.005155, ;
1.920082, 1.461746, 1.261184, 1.009797, 0.771464, 0.456773, 0.149973, 0.004160, ;
1.936102, 1.455858, 1.249495, 1.016152, 0.768174, 0.454745, 0.152038, 0.006618, ;
1.863464, 1.463630, 1.244997, 1.002374, 0.769072, 0.452742, 0.153886, 0.008247, ;
1.892321, 1.454225, 1.252564, 1.006616, 0.767487, 0.455051, 0.152741, 0.003652, ;
1.897871, 1.460974, 1.247131, 1.009845, 0.772258, 0.454203, 0.154583, 0.007837, ;
1.904647, 1.466923, 1.265067, 1.003420, 0.763879, 0.454246, 0.149876, 0.004909, ;
1.885571, 1.457362, 1.253380, 1.003289, 0.768513, 0.450914, 0.152168, 0.009427, ;
1.920953, 1.449818, 1.253027, 1.000426, 0.765667, 0.449383, 0.154335, -0.000463, ;
1.904575, 1.448098, 1.253540, 1.007662, 0.768540, 0.454639, 0.149568, 0.002907, ;
1.925655, 1.471358, 1.249550, 1.019723, 0.767791, 0.453952, 0.149610, 0.008217, ;
1.947303, 1.464816, 1.250076, 1.004877, 0.767697, 0.456028, 0.153698, 0.004656, ;
1.926240, 1.468621, 1.256897, 1.007469, 0.759199, 0.452727, 0.154830, 0.003518, ;
1.881494, 1.442789, 1.240144, 0.998447, 0.762004, 0.455542, 0.148058, 0.007210, ;
1.890333, 1.439344, 1.238227, 1.002820, 0.766572, 0.454923, 0.151455, 0.003655, ;
1.897699, 1.456534, 1.233846, 1.004260, 0.764350, 0.454844, 0.148804, 0.003549, ;
1.867357, 1.452490, 1.247093, 1.007547, 0.767220, 0.453135, 0.153757, 0.008479, ;
1.891235, 1.451025, 1.237346, 1.008121, 0.769374, 0.453271, 0.151910, 0.009617, ;
1.878200, 1.435518, 1.247648, 1.000077, 0.766623, 0.455303, 0.149518, 0.007878, ;
1.926978, 1.446127, 1.242286, 1.012000, 0.768154, 0.457825, 0.152182, 0.008716, ;
1.891297, 1.447276, 1.245561, 1.008332, 0.768114, 0.453440, 0.150482, 0.003548, ;
1.859039, 1.437731, 1.239174, 1.007455, 0.766911, 0.453525, 0.152783, 0.006001, ;
1.913158, 1.444532, 1.241678, 1.011150, 0.772342, 0.455314, 0.154162, 0.006383, ;
1.881199, 1.453880, 1.245270, 1.012642, 0.770255, 0.455254, 0.152552, 0.004998, ;
1.866583, 1.439440, 1.238040, 1.006120, 0.766842, 0.455285, 0.154119, 0.009711, ;
1.912162, 1.448188, 1.245657, 1.009926, 0.765488, 0.456412, 0.156174, 0.010803, ;
1.881203, 1.437093, 1.250446, 1.009162, 0.767304, 0.452573, 0.151496, 0.007823, ;
1.891521, 1.435271, 1.245041, 0.992339, 0.766933, 0.453984, 0.151712, 0.004567, ;
1.872557, 1.435184, 1.246554, 1.010054, 0.764435, 0.450633, 0.149383, 0.004566, ;
1.971983, 1.466711, 1.267462, 1.007547, 0.763981, 0.452286, 0.154990, 0.007791, ;
1.923113, 1.455914, 1.246444, 0.997241, 0.765635, 0.452277, 0.151669, 0.007846, ;
1.909380, 1.439747, 1.240698, 1.004142, 0.770481, 0.452599, 0.151775, 0.007531, ;
1.932584, 1.447870, 1.250412, 1.000698, 0.764719, 0.455577, 0.148072, 0.004414, ;
1.903841, 1.449082, 1.255744, 0.996326, 0.760316, 0.448207, 0.151283, 0.005178, ;
1.925879, 1.445908, 1.256162, 1.005116, 0.771010, 0.453857, 0.152651, 0.008104, ;
1.915309, 1.458739, 1.258038, 0.996666, 0.772370, 0.452373, 0.150558, 0.002063, ;
1.889430, 1.448065, 1.231779, 0.995079, 0.771767, 0.455307, 0.147161, -0.000742, ;
1.888423, 1.455936, 1.257253, 1.005250, 0.771368, 0.453453, 0.146091, 0.010407, ;
1.875872, 1.440759, 1.243635, 1.009970, 0.774233, 0.454833, 0.148568, 0.007224, ;
1.877478, 1.447771, 1.249170, 1.006135, 0.766711, 0.458548, 0.149060, 0.007064, ;
1.861967, 1.448808, 1.253661, 1.007322, 0.773336, 0.453946, 0.152189, 0.008026, ;
1.852332, 1.437078, 1.236086, 1.009125, 0.772396, 0.455116, 0.152040, 0.005894, ;
1.900208, 1.436247, 1.234418, 1.005554, 0.763988, 0.451143, 0.148105, 0.005361, ;
1.894187, 1.444698, 1.239136, 1.009984, 0.766994, 0.452607, 0.152299, 0.000867, ;
1.889932, 1.440686, 1.240209, 1.007208, 0.773129, 0.453423, 0.150670, 0.007364, ;
1.866443, 1.437684, 1.238200, 1.001136, 0.769148, 0.454718, 0.150779, 0.008739, ;
1.910342, 1.453178, 1.244329, 1.000444, 0.764523, 0.451274, 0.149549, 0.005761, ;
1.883125, 1.451472, 1.243134, 0.996909, 0.767080, 0.450788, 0.147024, 0.006506, ;
1.850499, 1.440742, 1.241187, 1.002037, 0.767110, 0.452487, 0.149795, 0.003391, ;
1.844780, 1.443349, 1.240092, 0.996737, 0.763556, 0.450952, 0.145974, 0.011438, ;
1.859950, 1.445554, 1.253306, 0.999228, 0.763559, 0.451736, 0.147456, 0.004657, ;
1.864918, 1.435139, 1.240090, 1.003126, 0.767163, 0.454542, 0.149067, 0.006596, ;
1.854895, 1.442670, 1.242747, 1.006149, 0.767911, 0.453981, 0.147443, 0.005733, ;
1.899825, 1.450637, 1.245868, 1.007317, 0.767389, 0.455518, 0.149568, 0.006110, ;
1.892237, 1.445163, 1.247074, 1.008578, 0.768949, 0.456386, 0.149724, 0.008519, ;
1.871687, 1.449803, 1.248229, 1.001873, 0.764127, 0.452901, 0.148701, 0.009948, ;
1.870705, 1.458624, 1.246196, 1.006299, 0.764053, 0.452496, 0.144855, 0.007909, ;
1.886830, 1.457336, 1.255261, 1.013719, 0.764643, 0.450837, 0.150845, 0.008989, ;
1.895343, 1.439255, 1.247428, 1.010781, 0.765202, 0.455631, 0.149850, 0.004788, ;
1.892246, 1.449437, 1.255656, 1.008424, 0.765841, 0.454417, 0.149509, 0.004820, ;
1.908260, 1.455323, 1.252389, 1.000606, 0.764948, 0.452933, 0.152591, 0.001072, ;
1.855380, 1.437863, 1.251721, 1.008822, 0.768743, 0.456442, 0.150239, 0.004130, ;
1.835178, 1.432058, 1.247857, 1.009504, 0.768094, 0.455861, 0.148581, 0.008871, ;
1.840106, 1.441698, 1.238552, 0.999835, 0.763202, 0.449969, 0.148919, 0.006551, ;
1.846663, 1.440362, 1.243972, 1.011680, 0.767796, 0.452819, 0.152019, 0.009944, ;
1.847839, 1.440230, 1.248005, 1.008521, 0.766642, 0.452966, 0.150614, 0.007737, ;
1.874260, 1.447390, 1.262600, 1.008744, 0.767057, 0.449527, 0.146538, 0.005276, ;
1.840364, 1.439084, 1.240120, 1.007502, 0.770353, 0.452055, 0.151050, 0.000969, ;
1.847899, 1.437812, 1.231156, 0.995673, 0.759681, 0.451198, 0.146700, 0.003110, ;
1.830187, 1.444159, 1.241493, 1.003522, 0.763455, 0.453483, 0.150330, 0.007186, ;
1.853449, 1.437802, 1.229934, 1.003490, 0.767678, 0.457026, 0.146428, 0.009336, ;
1.874314, 1.447572, 1.242463, 1.005936, 0.768184, 0.455987, 0.151535, 0.008113, ;
1.875000, 1.449556, 1.244920, 1.005006, 0.770863, 0.449945, 0.145215, 0.004843, ;
1.901014, 1.455116, 1.255898, 0.999675, 0.765940, 0.451821, 0.149677, 0.007425, ;
1.851453, 1.448024, 1.237530, 1.006006, 0.765933, 0.450481, 0.149121, 0.006493, ;
1.868565, 1.456615, 1.248393, 1.001759, 0.767959, 0.454155, 0.145190, 0.005868, ;
1.879462, 1.448660, 1.246588, 1.004171, 0.766617, 0.453184, 0.147433, 0.004263, ;
1.854424, 1.438424, 1.242062, 0.992137, 0.762892, 0.453645, 0.150997, 0.005810, ;
1.856538, 1.440794, 1.252764, 0.996578, 0.768466, 0.452139, 0.147628, 0.007273, ;
1.808092, 1.438095, 1.249117, 0.990733, 0.769857, 0.453678, 0.149286, 0.005146, ;
1.889255, 1.439318, 1.260296, 1.004547, 0.772007, 0.452278, 0.150162, 0.007900, ;
1.893971, 1.447369, 1.260852, 1.001646, 0.769378, 0.453623, 0.148422, 0.004445, ;
1.873528, 1.440234, 1.265484, 0.998821, 0.775460, 0.456402, 0.152659, 0.004729, ;
1.854679, 1.437255, 1.257609, 1.005691, 0.763435, 0.455995, 0.151231, 0.004543, ;
1.917030, 1.448459, 1.248471, 0.998225, 0.759786, 0.449440, 0.150794, 0.008328, ;
1.924389, 1.443382, 1.241733, 0.998133, 0.766684, 0.451417, 0.145608, 0.006164, ;
1.883484, 1.449515, 1.244920, 1.001674, 0.772265, 0.454208, 0.149589, 0.005294, ;
1.911108, 1.440995, 1.250166, 0.997415, 0.769508, 0.454896, 0.150652, 0.001197, ;
1.882313, 1.441028, 1.245117, 0.992952, 0.770598, 0.455404, 0.145885, 0.006622, ;
1.906386, 1.451103, 1.249308, 1.013710, 0.776774, 0.460426, 0.150523, 0.006681, ;
1.852393, 1.440057, 1.254454, 1.003406, 0.768167, 0.456923, 0.149468, 0.001875, ;
1.831961, 1.438821, 1.244633, 1.000057, 0.767103, 0.453375, 0.147611, 0.007729, ;
1.827816, 1.434711, 1.245045, 1.007454, 0.764860, 0.453544, 0.146018, 0.007033, ;
1.845610, 1.453279, 1.247751, 0.999370, 0.763735, 0.453100, 0.154732, 0.006490, ;
1.858278, 1.458515, 1.253520, 1.005111, 0.765288, 0.456449, 0.149471, 0.005966, ;
1.850175, 1.445205, 1.241643, 0.996332, 0.759328, 0.454388, 0.153551, 0.010761, ;
1.855766, 1.452959, 1.242626, 1.003356, 0.764009, 0.451988, 0.145370, 0.004106, ;
1.874590, 1.453506, 1.242363, 1.002881, 0.765986, 0.450518, 0.149447, 0.006803, ;
1.900460, 1.453217, 1.237659, 1.005310, 0.762905, 0.455418, 0.148136, 0.007237, ;
1.882817, 1.436296, 1.232829, 0.995151, 0.764933, 0.450153, 0.146912, 0.010934, ;
1.842728, 1.436524, 1.237862, 0.992852, 0.763486, 0.449110, 0.152801, 0.006870, ;
1.859631, 1.448331, 1.239790, 0.998981, 0.759537, 0.449467, 0.149944, 0.003380, ;
1.842948, 1.429587, 1.234340, 0.998206, 0.756671, 0.452382, 0.150683, 0.004877, ;
1.870693, 1.437094, 1.234135, 0.995187, 0.762570, 0.453936, 0.150996, 0.006505, ;
1.883371, 1.431836, 1.228090, 0.990131, 0.757009, 0.450201, 0.147081, 0.004405, ;
1.867997, 1.439788, 1.225621, 0.992058, 0.759812, 0.451190, 0.144926, 0.005857, ;
1.857824, 1.430760, 1.224083, 0.996781, 0.764393, 0.451694, 0.150070, 0.005370, ;
1.853703, 1.439406, 1.227940, 1.002746, 0.759231, 0.458223, 0.150620, 0.007080, ;
1.872858, 1.423387, 1.233903, 0.997334, 0.758111, 0.451975, 0.150233, 0.004644, ;
1.897255, 1.437766, 1.252829, 0.994570, 0.762260, 0.455443, 0.150592, 0.007437, ;
1.891014, 1.441048, 1.244606, 0.988037, 0.766460, 0.454635, 0.149511, 0.009383, ;
1.845067, 1.429126, 1.233877, 0.995562, 0.762685, 0.448615, 0.149343, 0.009637, ;
1.861192, 1.433086, 1.227358, 0.991186, 0.760127, 0.449441, 0.151026, 0.003569, ;
1.881542, 1.443768, 1.244920, 0.992975, 0.758852, 0.450525, 0.149754, 0.007135, ;
1.858085, 1.447784, 1.243833, 0.999341, 0.763680, 0.451286, 0.148524, 0.009240, ;
1.871265, 1.436723, 1.235525, 0.997952, 0.762800, 0.453838, 0.152249, 0.004213, ;
1.795452, 1.416267, 1.234136, 0.991419, 0.763262, 0.451653, 0.150831, 0.007407, ;
1.827584, 1.427185, 1.239074, 0.992727, 0.762344, 0.449946, 0.149699, 0.006359, ;
1.837820, 1.436019, 1.242420, 0.998794, 0.761827, 0.454514, 0.148188, 0.004513, ;
1.852510, 1.440277, 1.246411, 1.001243, 0.763730, 0.452515, 0.148024, 0.007201, ;
1.833082, 1.422277, 1.239594, 0.995548, 0.762477, 0.451404, 0.148599, 0.008098, ;
1.840621, 1.432931, 1.238070, 1.003389, 0.767676, 0.452516, 0.151779, 0.006315, ;
1.828409, 1.423605, 1.241309, 0.991122, 0.763150, 0.448830, 0.150557, 0.006093, ;
1.852194, 1.430228, 1.237896, 0.994408, 0.759495, 0.452870, 0.148091, 0.004079, ;
1.887683, 1.436118, 1.237366, 1.006701, 0.765563, 0.453175, 0.153341, 0.008675, ;
1.884183, 1.447422, 1.239438, 0.999255, 0.762245, 0.453518, 0.151646, 0.008108, ;
1.864543, 1.440247, 1.242167, 0.993145, 0.762888, 0.452270, 0.153550, 0.004751, ;
1.862406, 1.432239, 1.240104, 0.993980, 0.757306, 0.450307, 0.150753, 0.006230, ;
1.879074, 1.438179, 1.249773, 0.999831, 0.762670, 0.453335, 0.150864, 0.003447, ;
1.839361, 1.442793, 1.244039, 0.987564, 0.763489, 0.453317, 0.150356, 0.003734, ;
1.882835, 1.439471, 1.236173, 0.993176, 0.755088, 0.453344, 0.150136, 0.005766, ;
1.857990, 1.427253, 1.228941, 0.993558, 0.759456, 0.450756, 0.147675, 0.001598, ;
1.877464, 1.422651, 1.228082, 0.991976, 0.758573, 0.454599, 0.148743, 0.005981, ;
1.862455, 1.427907, 1.233985, 0.990886, 0.765622, 0.449771, 0.145118, 0.005256, ;
1.853646, 1.438642, 1.243014, 0.988160, 0.754534, 0.451461, 0.143471, 0.006515, ;
1.824973, 1.432433, 1.232844, 0.994277, 0.760656, 0.449559, 0.145692, 0.005862, ;
1.855959, 1.441098, 1.237929, 1.004955, 0.757731, 0.451196, 0.147745, 0.001772, ;
1.896204, 1.449818, 1.237953, 1.005181, 0.760617, 0.452348, 0.146775, 0.009383, ;
1.895944, 1.449044, 1.242745, 1.001250, 0.756993, 0.447522, 0.144032, 0.006369, ;
1.884351, 1.452855, 1.249279, 1.003922, 0.756655, 0.450414, 0.148027, 0.007883, ;
1.885341, 1.441756, 1.247830, 1.002460, 0.769642, 0.453700, 0.147610, 0.012502, ;
1.828211, 1.442167, 1.243441, 1.006019, 0.766971, 0.450390, 0.148640, 0.006544, ;
1.818592, 1.436698, 1.235795, 1.009312, 0.769242, 0.450957, 0.147526, 0.003870, ;
1.892854, 1.449069, 1.249873, 1.007690, 0.766858, 0.448140, 0.151884, 0.008142, ;
1.850833, 1.441811, 1.253850, 1.006515, 0.758069, 0.451992, 0.144430, 0.006190, ;
1.844399, 1.442854, 1.234159, 1.005111, 0.764806, 0.451383, 0.148419, 0.006620, ;
1.869331, 1.449676, 1.240698, 1.002953, 0.759665, 0.448382, 0.144132, 0.012398, ;
1.902793, 1.467445, 1.244474, 0.993915, 0.765319, 0.453809, 0.149987, 0.006280, ;
1.894535, 1.451603, 1.258387, 1.005239, 0.767884, 0.456658, 0.147036, 0.005730, ;
1.908112, 1.448186, 1.257199, 0.996162, 0.767470, 0.457629, 0.150823, 0.006217, ;
1.895061, 1.445712, 1.264346, 1.005206, 0.767548, 0.452704, 0.149919, 0.004314, ;
1.860202, 1.438879, 1.238951, 0.998402, 0.770812, 0.452682, 0.151321, 0.006824, ;
1.874021, 1.445682, 1.243881, 0.999848, 0.769500, 0.454325, 0.151811, 0.005790, ;
1.857836, 1.426820, 1.250084, 0.998705, 0.769741, 0.458957, 0.149643, 0.003358, ;
1.881180, 1.439142, 1.241570, 1.000896, 0.769031, 0.459267, 0.149310, 0.006412, ;
1.885756, 1.455216, 1.246736, 1.006294, 0.769037, 0.453222, 0.147951, 0.006132, ;
1.876924, 1.449175, 1.250197, 1.004522, 0.772795, 0.455774, 0.148319, 0.004796, ;
1.883279, 1.453444, 1.248167, 1.004066, 0.770714, 0.456961, 0.154218, 0.007431, ;
1.913772, 1.456824, 1.256432, 1.007110, 0.774624, 0.457307, 0.152258, 0.004308, ;
1.928532, 1.463148, 1.260615, 1.009176, 0.775861, 0.455884, 0.152589, 0.009404, ;
1.904250, 1.454782, 1.255745, 0.998816, 0.773460, 0.455893, 0.152108, 0.008403, ;
1.885695, 1.456042, 1.254672, 1.005774, 0.767064, 0.457365, 0.149458, 0.009402, ;
1.871266, 1.445749, 1.254835, 1.009751, 0.769449, 0.453961, 0.149405, 0.008604, ;
1.936483, 1.465934, 1.259970, 1.015446, 0.771992, 0.457902, 0.148551, 0.008286, ;
1.914526, 1.452425, 1.258255, 1.012819, 0.770683, 0.455911, 0.153829, 0.009038, ;
1.895578, 1.467789, 1.260092, 1.002378, 0.768889, 0.455421, 0.150697, 0.006842, ;
1.915933, 1.458089, 1.250290, 1.007782, 0.767797, 0.454161, 0.152348, 0.005722, ;
1.887320, 1.456898, 1.250630, 0.999278, 0.769967, 0.454893, 0.150810, 0.009031, ;
1.937648, 1.468907, 1.244193, 1.006106, 0.765659, 0.458561, 0.152267, 0.007454, ;
1.870600, 1.451158, 1.247558, 1.014316, 0.769931, 0.456273, 0.150197, 0.004718, ;
1.880075, 1.448148, 1.249542, 1.007697, 0.774334, 0.454289, 0.154013, 0.008107, ;
1.861901, 1.447859, 1.255152, 1.015213, 0.772630, 0.462190, 0.154734, 0.006432, ;
1.879694, 1.447770, 1.245210, 1.008823, 0.767451, 0.454435, 0.151369, 0.011533, ;
1.918555, 1.448766, 1.248719, 1.011305, 0.770891, 0.456986, 0.152067, 0.010409, ;
1.905258, 1.453929, 1.256672, 1.015535, 0.771000, 0.457011, 0.152467, 0.005382, ;
=============================
Thu Apr 10 13:54:07 2014

1.764583, 1.435752, 1.176975, 1.055607, 0.930367, 0.786794, 0.585756, 0.390004, ;
1.756770, 1.432425, 1.181080, 1.050172, 0.917249, 0.775762, 0.575572, 0.398626, ;
1.762868, 1.437926, 1.186650, 1.059401, 0.921984, 0.778110, 0.575046, 0.403892, ;
1.778721, 1.427285, 1.179268, 1.052387, 0.916999, 0.775950, 0.572419, 0.400781, ;
1.782374, 1.430533, 1.177939, 1.053619, 0.920146, 0.772628, 0.575581, 0.403410, ;
1.772030, 1.439971, 1.184704, 1.058103, 0.922288, 0.770881, 0.572934, 0.402213, ;
1.780431, 1.446175, 1.182939, 1.047121, 0.922442, 0.775803, 0.569905, 0.398421, ;
1.785024, 1.442862, 1.179923, 1.053341, 0.927349, 0.773617, 0.571753, 0.403690, ;
1.785311, 1.438678, 1.173722, 1.043801, 0.924219, 0.772779, 0.560791, 0.406831, ;
1.779889, 1.440553, 1.183771, 1.048201, 0.927187, 0.770137, 0.564119, 0.403571, ;
1.778364, 1.440240, 1.186639, 1.050738, 0.925874, 0.772542, 0.562995, 0.405215, ;
1.769641, 1.436130, 1.186736, 1.047308, 0.926061, 0.769679, 0.563179, 0.406247, ;
1.789281, 1.439357, 1.193515, 1.050396, 0.913944, 0.765301, 0.559177, 0.404750, ;
1.766517, 1.431281, 1.187497, 1.043698, 0.923293, 0.764330, 0.556999, 0.406913, ;
1.771022, 1.443857, 1.184663, 1.044941, 0.916993, 0.763794, 0.553602, 0.404684, ;
1.754937, 1.402440, 1.175770, 1.053958, 0.919920, 0.775249, 0.581422, 0.379843, ;
1.774300, 1.428538, 1.183297, 1.039665, 0.908356, 0.756861, 0.554553, 0.369233, ;
1.785632, 1.418959, 1.175663, 1.037643, 0.911808, 0.763119, 0.545671, 0.366031, ;
1.755692, 1.409906, 1.172133, 1.028645, 0.894623, 0.758359, 0.543335, 0.369592, ;
1.781172, 1.412359, 1.171991, 1.025108, 0.897752, 0.751614, 0.541925, 0.368041, ;
1.766438, 1.409962, 1.162385, 1.025426, 0.891278, 0.749238, 0.536197, 0.368696, ;
1.758269, 1.409847, 1.159644, 1.015654, 0.896072, 0.751117, 0.536895, 0.365712, ;
1.766984, 1.411819, 1.162528, 1.016445, 0.896235, 0.749885, 0.535852, 0.364338, ;
1.746444, 1.396191, 1.159291, 1.007224, 0.896797, 0.744393, 0.532037, 0.361461, ;
1.758673, 1.384594, 1.166374, 1.014534, 0.891575, 0.740531, 0.528372, 0.356627, ;
1.786558, 1.395633, 1.164988, 1.023983, 0.894252, 0.743706, 0.519572, 0.353463, ;
1.770566, 1.391729, 1.158795, 1.015394, 0.888622, 0.741700, 0.522395, 0.355667, ;
1.775071, 1.388037, 1.173294, 1.015818, 0.889652, 0.740542, 0.518196, 0.354226, ;
1.799700, 1.407867, 1.171339, 1.024107, 0.898490, 0.739334, 0.520180, 0.358337, ;
1.773085, 1.393085, 1.167387, 1.025073, 0.896493, 0.744573, 0.526487, 0.364025, ;
1.741852, 1.373022, 1.175725, 1.033395, 0.905965, 0.766586, 0.543270, 0.354638, ;
1.757362, 1.379070, 1.172782, 1.028482, 0.909305, 0.747490, 0.523578, 0.335766, ;
1.746118, 1.388629, 1.167538, 1.028847, 0.901740, 0.743980, 0.515820, 0.343232, ;
1.771882, 1.392525, 1.185672, 1.025115, 0.900939, 0.739937, 0.513801, 0.350933, ;
1.737877, 1.385051, 1.172499, 1.028606, 0.908163, 0.742899, 0.508217, 0.348262, ;
1.765128, 1.380142, 1.171437, 1.047713, 0.911025, 0.743169, 0.514606, 0.351146, ;
1.743520, 1.388783, 1.167898, 1.037315, 0.910941, 0.739342, 0.513075, 0.356819, ;
1.728937, 1.374079, 1.163009, 1.033715, 0.908668, 0.744745, 0.513875, 0.354816, ;
1.730365, 1.370257, 1.150610, 1.031470, 0.894068, 0.735754, 0.509343, 0.345792, ;
1.725192, 1.375726, 1.163070, 1.027853, 0.888954, 0.731798, 0.507053, 0.342307, ;
1.724780, 1.363650, 1.146834, 1.021421, 0.884897, 0.735247, 0.504192, 0.340757, ;
1.730142, 1.368719, 1.159656, 1.023593, 0.883276, 0.730680, 0.507449, 0.345602, ;
1.717611, 1.364580, 1.158196, 1.017460, 0.885213, 0.730644, 0.505992, 0.348368, ;
1.734390, 1.367615, 1.150545, 1.023859, 0.883037, 0.733974, 0.509967, 0.343431, ;
1.721126, 1.372711, 1.153946, 1.028095, 0.886497, 0.729752, 0.514762, 0.347744, ;
1.743903, 1.372859, 1.151052, 1.017934, 0.897612, 0.764571, 0.559290, 0.351153, ;
1.760557, 1.397656, 1.156414, 1.008244, 0.887875, 0.730874, 0.509569, 0.330102, ;
1.787033, 1.386296, 1.179959, 1.017780, 0.886572, 0.737915, 0.517486, 0.334538, ;
1.780350, 1.394164, 1.161722, 1.019082, 0.890900, 0.740619, 0.515196, 0.337633, ;
1.741739, 1.373827, 1.160451, 1.021388, 0.889757, 0.745498, 0.512167, 0.331401, ;
1.774023, 1.390014, 1.169030, 1.029095, 0.891147, 0.746997, 0.517517, 0.332783, ;
1.765673, 1.387264, 1.171175, 1.027215, 0.896075, 0.740367, 0.519480, 0.334195, ;
1.774626, 1.391923, 1.170115, 1.028725, 0.885740, 0.738890, 0.512236, 0.339994, ;
1.783152, 1.394787, 1.168364, 1.023531, 0.896069, 0.741163, 0.511838, 0.340785, ;
1.773398, 1.401818, 1.177389, 1.027043, 0.898693, 0.740281, 0.510990, 0.347483, ;
1.754975, 1.389319, 1.173050, 1.027848, 0.897220, 0.746410, 0.516535, 0.349679, ;
1.779146, 1.408184, 1.176142, 1.025127, 0.894692, 0.737743, 0.514214, 0.355857, ;
1.767203, 1.408965, 1.181928, 1.019138, 0.897296, 0.740493, 0.512364, 0.356611, ;
1.767131, 1.401323, 1.163176, 1.015143, 0.889899, 0.736441, 0.510897, 0.351456, ;
1.769759, 1.394590, 1.170205, 1.017079, 0.888748, 0.740847, 0.512531, 0.355782, ;
1.750368, 1.394610, 1.152845, 1.023675, 0.903256, 0.762795, 0.565468, 0.378326, ;
1.736445, 1.394910, 1.150122, 1.022014, 0.895930, 0.756343, 0.553437, 0.386641, ;
1.763673, 1.401130, 1.155030, 1.023548, 0.890806, 0.746390, 0.543876, 0.388394, ;
1.748665, 1.395854, 1.161963, 1.017804, 0.889921, 0.748614, 0.540991, 0.395501, ;
1.787012, 1.409086, 1.156963, 1.023775, 0.889898, 0.753461, 0.543734, 0.391896, ;
1.762520, 1.411440, 1.166527, 1.025062, 0.887326, 0.751584, 0.542565, 0.392671, ;
1.745257, 1.389328, 1.159134, 1.012983, 0.883265, 0.748609, 0.538875, 0.384099, ;
1.759148, 1.403307, 1.173111, 1.022230, 0.882764, 0.741649, 0.536094, 0.376946, ;
1.762337, 1.408764, 1.168983, 1.016996, 0.884052, 0.738630, 0.536952, 0.384353, ;
1.732205, 1.388207, 1.159922, 1.022208, 0.883343, 0.736140, 0.530006, 0.385090, ;
1.749938, 1.389315, 1.157608, 1.018606, 0.879725, 0.737240, 0.531886, 0.381782, ;
1.769772, 1.407921, 1.173951, 1.022356, 0.882978, 0.742088, 0.530377, 0.387888, ;
1.776178, 1.397523, 1.168373, 1.017775, 0.879710, 0.737131, 0.531132, 0.384952, ;
1.775084, 1.405797, 1.167797, 1.035005, 0.888758, 0.743662, 0.532524, 0.383314, ;
1.757166, 1.402414, 1.165415, 1.026210, 0.886025, 0.740956, 0.527621, 0.383341, ;
1.740928, 1.382059, 1.163192, 1.029732, 0.901794, 0.758767, 0.570450, 0.358850, ;
1.764192, 1.375688, 1.155360, 1.012331, 0.884263, 0.736524, 0.537514, 0.346998, ;
1.728959, 1.380684, 1.155774, 1.008112, 0.874972, 0.741068, 0.536066, 0.354372, ;
1.748720, 1.378089, 1.157171, 1.005787, 0.879687, 0.737211, 0.532293, 0.359238, ;
1.734939, 1.368285, 1.148192, 1.009472, 0.886331, 0.739134, 0.531500, 0.365063, ;
1.733590, 1.363285, 1.149167, 1.005683, 0.871130, 0.740181, 0.528350, 0.359715, ;
1.773779, 1.380638, 1.160513, 1.014778, 0.877990, 0.738855, 0.529367, 0.359395, ;
1.751701, 1.379573, 1.156102, 1.015335, 0.882799, 0.738074, 0.538834, 0.365327, ;
1.746987, 1.375672, 1.161879, 1.017089, 0.881521, 0.742420, 0.534425, 0.365688, ;
1.738622, 1.387937, 1.163906, 1.005157, 0.879483, 0.741778, 0.532636, 0.368366, ;
1.731974, 1.375121, 1.153466, 1.009762, 0.882376, 0.743586, 0.534608, 0.370125, ;
1.714620, 1.375736, 1.150577, 1.012216, 0.879840, 0.736289, 0.531930, 0.368630, ;
1.730259, 1.362868, 1.152591, 1.005500, 0.872832, 0.740726, 0.532507, 0.369643, ;
1.774747, 1.407936, 1.165793, 1.009242, 0.882575, 0.732539, 0.533213, 0.374276, ;
1.770761, 1.405674, 1.160761, 1.011895, 0.884362, 0.733051, 0.528313, 0.367483, ;
1.730127, 1.390072, 1.171521, 1.013554, 0.894712, 0.752227, 0.560773, 0.356222, ;
1.751648, 1.406943, 1.153241, 1.004794, 0.875150, 0.726392, 0.522426, 0.349223, ;
1.752238, 1.391073, 1.152936, 1.015057, 0.871815, 0.729062, 0.521452, 0.346492, ;
1.729316, 1.380981, 1.156737, 1.004161, 0.880964, 0.730921, 0.522877, 0.350382, ;
1.725393, 1.385371, 1.152841, 1.003007, 0.879716, 0.727152, 0.518043, 0.349039, ;
1.739358, 1.380612, 1.149525, 1.002918, 0.878242, 0.728907, 0.521161, 0.351305, ;
1.740198, 1.392294, 1.166196, 1.000905, 0.873106, 0.730068, 0.519124, 0.347464, ;
1.762976, 1.399293, 1.159285, 1.006082, 0.878677, 0.733668, 0.523799, 0.361318, ;
1.771091, 1.385686, 1.158661, 1.005306, 0.875469, 0.729660, 0.521613, 0.361336, ;
1.762961, 1.387008, 1.162529, 1.007591, 0.870062, 0.729009, 0.514500, 0.350277, ;
1.768516, 1.384505, 1.153487, 1.005587, 0.865813, 0.728018, 0.514900, 0.352820, ;
1.745298, 1.381781, 1.163338, 1.007262, 0.881314, 0.725053, 0.517307, 0.359018, ;
1.768219, 1.386353, 1.160037, 1.010048, 0.866691, 0.725021, 0.513184, 0.357463, ;
1.772422, 1.380706, 1.157761, 1.011218, 0.872733, 0.723864, 0.513076, 0.356446, ;
1.765288, 1.406314, 1.167989, 1.007326, 0.864431, 0.720985, 0.515144, 0.351597, ;
1.727420, 1.370523, 1.145765, 1.010083, 0.877879, 0.750763, 0.549596, 0.363249, ;
1.758585, 1.385209, 1.153198, 1.001192, 0.870498, 0.725799, 0.524848, 0.351756, ;
1.728081, 1.383894, 1.157948, 1.012198, 0.868123, 0.726393, 0.516634, 0.348240, ;
1.730457, 1.392181, 1.157010, 1.011876, 0.875696, 0.714013, 0.517730, 0.345941, ;
1.730640, 1.400502, 1.155797, 1.002873, 0.873017, 0.717535, 0.516641, 0.350213, ;
1.729937, 1.377483, 1.149519, 0.997619, 0.874083, 0.715469, 0.511845, 0.345270, ;
1.708522, 1.374139, 1.145936, 1.004797, 0.873665, 0.719898, 0.519351, 0.356902, ;
1.750377, 1.376148, 1.145346, 1.005992, 0.870527, 0.719019, 0.516699, 0.355449, ;
1.753625, 1.380346, 1.157069, 0.996682, 0.866802, 0.723622, 0.517493, 0.352433, ;
1.758166, 1.370911, 1.152061, 1.006788, 0.874642, 0.727433, 0.516828, 0.355147, ;
1.797222, 1.380994, 1.144656, 1.005094, 0.868132, 0.724882, 0.515803, 0.358347, ;
1.749912, 1.371281, 1.149220, 1.008219, 0.873955, 0.722218, 0.515783, 0.359260, ;
1.762767, 1.369877, 1.148647, 1.003451, 0.863043, 0.719979, 0.514411, 0.358315, ;
1.790013, 1.395796, 1.142646, 0.998393, 0.867125, 0.714663, 0.511671, 0.350416, ;
1.754938, 1.376852, 1.152679, 0.996714, 0.875557, 0.721676, 0.512485, 0.354449, ;
1.689306, 1.361533, 1.143758, 1.015073, 0.881989, 0.750724, 0.555826, 0.353433, ;
1.688638, 1.358613, 1.146254, 1.007789, 0.868436, 0.742047, 0.544737, 0.354807, ;
1.690997, 1.356181, 1.149477, 1.019060, 0.862096, 0.729092, 0.537199, 0.355341, ;
1.703755, 1.360567, 1.142577, 1.018345, 0.865693, 0.727424, 0.535811, 0.354497, ;
1.715620, 1.364187, 1.155108, 1.009617, 0.869739, 0.729480, 0.535378, 0.357472, ;
1.732604, 1.379406, 1.152776, 1.012780, 0.870840, 0.729664, 0.535162, 0.362026, ;
1.705496, 1.363702, 1.143826, 1.011807, 0.863163, 0.725005, 0.533616, 0.358292, ;
1.724323, 1.370302, 1.152370, 1.017601, 0.871559, 0.728132, 0.531726, 0.358693, ;
1.753776, 1.380887, 1.154292, 1.017135, 0.871677, 0.723282, 0.534856, 0.358001, ;
1.725112, 1.364729, 1.157076, 1.009493, 0.874356, 0.726786, 0.529250, 0.357252, ;
1.728491, 1.365381, 1.152005, 1.017926, 0.874177, 0.725029, 0.527994, 0.356847, ;
1.706071, 1.366884, 1.152292, 1.017117, 0.876894, 0.724921, 0.527930, 0.356975, ;
1.717659, 1.382648, 1.159124, 1.012835, 0.876995, 0.722741, 0.527046, 0.353406, ;
1.726173, 1.369233, 1.163440, 1.014976, 0.877329, 0.722383, 0.533887, 0.359396, ;
1.727879, 1.378373, 1.156277, 1.021163, 0.874168, 0.723288, 0.528924, 0.356095, ;
1.720629, 1.360401, 1.148525, 1.016706, 0.889982, 0.758596, 0.571779, 0.384476, ;
1.718796, 1.364564, 1.161063, 1.017707, 0.879035, 0.739261, 0.537539, 0.378129, ;
1.723435, 1.377939, 1.163941, 1.024829, 0.879937, 0.741039, 0.537649, 0.379442, ;
1.760599, 1.384102, 1.168976, 1.022276, 0.879056, 0.735277, 0.535519, 0.366631, ;
1.759440, 1.374996, 1.167614, 1.017343, 0.885827, 0.733788, 0.526787, 0.360396, ;
1.739715, 1.387731, 1.166992, 1.023324, 0.881652, 0.738203, 0.535580, 0.368811, ;
1.778255, 1.397139, 1.169827, 1.027453, 0.887914, 0.739532, 0.537415, 0.371686, ;
1.731969, 1.380932, 1.168834, 1.030519, 0.886899, 0.741346, 0.538162, 0.372324, ;
1.746597, 1.370070, 1.161939, 1.031311, 0.885080, 0.741346, 0.536076, 0.375114, ;
1.769120, 1.383070, 1.179599, 1.020766, 0.891640, 0.734396, 0.537055, 0.369212, ;
1.742014, 1.390305, 1.158729, 1.028022, 0.890501, 0.738246, 0.537794, 0.377028, ;
1.731983, 1.371974, 1.163266, 1.031135, 0.897124, 0.735533, 0.539074, 0.375814, ;
1.734105, 1.383135, 1.163073, 1.020954, 0.892850, 0.742840, 0.536420, 0.373678, ;
1.753331, 1.368943, 1.167874, 1.031823, 0.890171, 0.728458, 0.534809, 0.369644, ;
1.744580, 1.380728, 1.154862, 1.023979, 0.885602, 0.723538, 0.535601, 0.370546, ;
1.764573, 1.363383, 1.162918, 1.025402, 0.888653, 0.766582, 0.560586, 0.365823, ;
1.722573, 1.371595, 1.159449, 1.019496, 0.883849, 0.736893, 0.533800, 0.354734, ;
1.722657, 1.373481, 1.162555, 1.020251, 0.881032, 0.735857, 0.534756, 0.357333, ;
1.752302, 1.386196, 1.167678, 1.017846, 0.877282, 0.731211, 0.525974, 0.359541, ;
1.744330, 1.392463, 1.170280, 1.019994, 0.881768, 0.735700, 0.529185, 0.366698, ;
1.730111, 1.385478, 1.165860, 1.020059, 0.876836, 0.739222, 0.530182, 0.363434, ;
1.720687, 1.398622, 1.170820, 1.019058, 0.880221, 0.738507, 0.525448, 0.360733, ;
1.720999, 1.369398, 1.155519, 1.022290, 0.877567, 0.739821, 0.529086, 0.361745, ;
1.715231, 1.371804, 1.161229, 1.022572, 0.883237, 0.734681, 0.524812, 0.362258, ;
1.745524, 1.393942, 1.161211, 1.026807, 0.884104, 0.740617, 0.534285, 0.365336, ;
1.756122, 1.393933, 1.161023, 1.021510, 0.877424, 0.735603, 0.531418, 0.362220, ;
1.754591, 1.405739, 1.173893, 1.026072, 0.886649, 0.740759, 0.535636, 0.367273, ;
1.751082, 1.397981, 1.168182, 1.027539, 0.888639, 0.741030, 0.532371, 0.364248, ;
1.749902, 1.400235, 1.168192, 1.023392, 0.889357, 0.739278, 0.535645, 0.368448, ;
1.727171, 1.399143, 1.167623, 1.025658, 0.878672, 0.733723, 0.534256, 0.356727, ;
1.765576, 1.380783, 1.163271, 1.015119, 0.891725, 0.755690, 0.579770, 0.370014, ;
1.724254, 1.396141, 1.158282, 1.015758, 0.882079, 0.745754, 0.545690, 0.361879, ;
1.772217, 1.410595, 1.170765, 1.014249, 0.875199, 0.738313, 0.538476, 0.359857, ;
1.746942, 1.407449, 1.161209, 1.018905, 0.889757, 0.740009, 0.539118, 0.364851, ;
1.721399, 1.393692, 1.162306, 1.011868, 0.883745, 0.738572, 0.538218, 0.362123, ;
1.718603, 1.404147, 1.158269, 1.015298, 0.881604, 0.735463, 0.534596, 0.369402, ;
1.734080, 1.409941, 1.162984, 1.015314, 0.886400, 0.734712, 0.537483, 0.371761, ;
1.745491, 1.403291, 1.151374, 1.017585, 0.881552, 0.735221, 0.538562, 0.371879, ;
1.732444, 1.403999, 1.151100, 1.020579, 0.894978, 0.739333, 0.539099, 0.367940, ;
1.740929, 1.399019, 1.157739, 1.026546, 0.892704, 0.734206, 0.538781, 0.372943, ;
1.730640, 1.406020, 1.159408, 1.019481, 0.878844, 0.733523, 0.535244, 0.372668, ;
1.755641, 1.393100, 1.163755, 1.023629, 0.888160, 0.735465, 0.537862, 0.369633, ;
1.757118, 1.394256, 1.165017, 1.020662, 0.885344, 0.732574, 0.536971, 0.363641, ;
1.747778, 1.382130, 1.159153, 1.016693, 0.888119, 0.728543, 0.533195, 0.364483, ;
1.744742, 1.372826, 1.148290, 1.023301, 0.886586, 0.730120, 0.538640, 0.366210, ;
1.740531, 1.372070, 1.158706, 1.022465, 0.891621, 0.765084, 0.571555, 0.362861, ;
1.735959, 1.375618, 1.154903, 1.019722, 0.883458, 0.741000, 0.549139, 0.355544, ;
1.746268, 1.389631, 1.159472, 1.022111, 0.877977, 0.733331, 0.546991, 0.355300, ;
1.749659, 1.396496, 1.167182, 1.020736, 0.873680, 0.732297, 0.540557, 0.352899, ;
1.721279, 1.385527, 1.168492, 1.020230, 0.879412, 0.736998, 0.538648, 0.349278, ;
1.739067, 1.395250, 1.159943, 1.018398, 0.878253, 0.735447, 0.536487, 0.356563, ;
1.752524, 1.389729, 1.162959, 1.024112, 0.872629, 0.732318, 0.533452, 0.352768, ;
1.755327, 1.412975, 1.166092, 1.028045, 0.878056, 0.733542, 0.529002, 0.356244, ;
1.765775, 1.420908, 1.180076, 1.018251, 0.876496, 0.733812, 0.533812, 0.360594, ;
1.778322, 1.406132, 1.163963, 1.014511, 0.881245, 0.733943, 0.536863, 0.360722, ;
1.770221, 1.411360, 1.167790, 1.028358, 0.877335, 0.740431, 0.539215, 0.363034, ;
1.767336, 1.388479, 1.156970, 1.019954, 0.874763, 0.738141, 0.537705, 0.362678, ;
1.744917, 1.389540, 1.170479, 1.011153, 0.884760, 0.737990, 0.533626, 0.356433, ;
1.741620, 1.385893, 1.165341, 1.017499, 0.883787, 0.734828, 0.531932, 0.360887, ;
1.752204, 1.406453, 1.164117, 1.017819, 0.876032, 0.737277, 0.533169, 0.368407, ;
1.741787, 1.371768, 1.170046, 1.009301, 0.901714, 0.748765, 0.552785, 0.350265, ;
1.763716, 1.393452, 1.167247, 1.015872, 0.885118, 0.742544, 0.529775, 0.340569, ;
1.728193, 1.380248, 1.160520, 1.017691, 0.877825, 0.737297, 0.526784, 0.349811, ;
1.729955, 1.365402, 1.171342, 1.019431, 0.883190, 0.741450, 0.527560, 0.352959, ;
1.718162, 1.380633, 1.169475, 1.013325, 0.890963, 0.742724, 0.527040, 0.356649, ;
1.744633, 1.372407, 1.173834, 1.009341, 0.877854, 0.735376, 0.525991, 0.357669, ;
1.737671, 1.384376, 1.165679, 1.008826, 0.879958, 0.732580, 0.524257, 0.359271, ;
1.751262, 1.379651, 1.166162, 1.014330, 0.880804, 0.733902, 0.523039, 0.358323, ;
1.725101, 1.389949, 1.179038, 1.017156, 0.881550, 0.736784, 0.527750, 0.362123, ;
1.737564, 1.395642, 1.165403, 1.007279, 0.877475, 0.729207, 0.529632, 0.362912, ;
1.732730, 1.387754, 1.171014, 1.009758, 0.879425, 0.734045, 0.527906, 0.365012, ;
1.717684, 1.378025, 1.164465, 1.016375, 0.886532, 0.732758, 0.531966, 0.368696, ;
1.744342, 1.388645, 1.178836, 1.012689, 0.881305, 0.740384, 0.533153, 0.370711, ;
1.748934, 1.384805, 1.172716, 1.011578, 0.875952, 0.740925, 0.529825, 0.366059, ;
1.736494, 1.376775, 1.170443, 1.023154, 0.876697, 0.737123, 0.529830, 0.371524, ;
1.778302, 1.382334, 1.165563, 1.021813, 0.894580, 0.756888, 0.562088, 0.358337, ;
1.736878, 1.368653, 1.163845, 1.017222, 0.882273, 0.733800, 0.530264, 0.348279, ;
1.764821, 1.367842, 1.170839, 1.017545, 0.887304, 0.738030, 0.531571, 0.349060, ;
1.719329, 1.367880, 1.166876, 1.013000, 0.881025, 0.738390, 0.528845, 0.352364, ;
1.733849, 1.366867, 1.171173, 1.020774, 0.891409, 0.734310, 0.528452, 0.355735, ;
1.752619, 1.371249, 1.168380, 1.021044, 0.891622, 0.736412, 0.530122, 0.357257, ;
1.741052, 1.373129, 1.167152, 1.018543, 0.887368, 0.737466, 0.531703, 0.355789, ;
1.740926, 1.367191, 1.163453, 1.024113, 0.892555, 0.732684, 0.535842, 0.354265, ;
1.722240, 1.371043, 1.168464, 1.023110, 0.884666, 0.738514, 0.532309, 0.357926, ;
1.754228, 1.372959, 1.166811, 1.026582, 0.889435, 0.739262, 0.531132, 0.355730, ;
1.732246, 1.367281, 1.163629, 1.014117, 0.881145, 0.736690, 0.532169, 0.358777, ;
1.747586, 1.382368, 1.154416, 1.009367, 0.887018, 0.741956, 0.529854, 0.366557, ;
1.734593, 1.380994, 1.159477, 1.021749, 0.880813, 0.740543, 0.531464, 0.370500, ;
1.725704, 1.377472, 1.156761, 1.009821, 0.875593, 0.732036, 0.526129, 0.369966, ;
1.723978, 1.366620, 1.163325, 1.023770, 0.882667, 0.737816, 0.531306, 0.369749, ;
1.715151, 1.372921, 1.156852, 1.025088, 0.885647, 0.755689, 0.564554, 0.354924, ;
1.754126, 1.390027, 1.184905, 1.023169, 0.878305, 0.736407, 0.530206, 0.342492, ;
1.759971, 1.387961, 1.174907, 1.016901, 0.882132, 0.733843, 0.529476, 0.352562, ;
1.779224, 1.376479, 1.169033, 1.016855, 0.875491, 0.725290, 0.524795, 0.353853, ;
1.765889, 1.383946, 1.168747, 1.019258, 0.884125, 0.733423, 0.525243, 0.354240, ;
1.759815, 1.375523, 1.169986, 1.017737, 0.879285, 0.729543, 0.528819, 0.352637, ;
1.760222, 1.380842, 1.165687, 1.015735, 0.875255, 0.727827, 0.527741, 0.352287, ;
1.760252, 1.379448, 1.170092, 1.016587, 0.875885, 0.728706, 0.528112, 0.355155, ;
1.767762, 1.374286, 1.170494, 1.019379, 0.875085, 0.719425, 0.521039, 0.353942, ;
1.738586, 1.380576, 1.168399, 1.009299, 0.875996, 0.721934, 0.528369, 0.354688, ;
1.749909, 1.378823, 1.166949, 1.012088, 0.874062, 0.725555, 0.530309, 0.358208, ;
1.734125, 1.367622, 1.166268, 1.022673, 0.874408, 0.717736, 0.528463, 0.361117, ;
1.743385, 1.376603, 1.172755, 1.019180, 0.868660, 0.719952, 0.528821, 0.355278, ;
1.777131, 1.398609, 1.165616, 1.014923, 0.873067, 0.718889, 0.527018, 0.360076, ;
1.754433, 1.396249, 1.170510, 1.022117, 0.868596, 0.724853, 0.528428, 0.358078, ;
1.748351, 1.385540, 1.162291, 1.014402, 0.892951, 0.753317, 0.562867, 0.356243, ;
1.755611, 1.394426, 1.154830, 1.010559, 0.874404, 0.746360, 0.551263, 0.357990, ;
1.769599, 1.395961, 1.158993, 1.004680, 0.881062, 0.736433, 0.545151, 0.362044, ;
1.767753, 1.393033, 1.161216, 1.012999, 0.873352, 0.741274, 0.538242, 0.360626, ;
1.769105, 1.383866, 1.157109, 1.011196, 0.875529, 0.735881, 0.538774, 0.357120, ;
1.784643, 1.387729, 1.152898, 1.012750, 0.872951, 0.738274, 0.536547, 0.356061, ;
1.769856, 1.399919, 1.157955, 1.006796, 0.878815, 0.730362, 0.540324, 0.356220, ;
1.766846, 1.388830, 1.160394, 1.004592, 0.875583, 0.737115, 0.539718, 0.357019, ;
1.756238, 1.393266, 1.157173, 1.009603, 0.877620, 0.734622, 0.535985, 0.352946, ;
1.755341, 1.387846, 1.156184, 1.013078, 0.873852, 0.736785, 0.534291, 0.360755, ;
1.763281, 1.413909, 1.166677, 1.023279, 0.882925, 0.737814, 0.533156, 0.359293, ;
1.740618, 1.398114, 1.175994, 1.024818, 0.881470, 0.734517, 0.535971, 0.355814, ;
1.749643, 1.396090, 1.167778, 1.025430, 0.869339, 0.734807, 0.532191, 0.351757, ;
1.736821, 1.407809, 1.164419, 1.023113, 0.879890, 0.737906, 0.533363, 0.360292, ;
1.760257, 1.410321, 1.168977, 1.022954, 0.880900, 0.737229, 0.537596, 0.361830, ;
1.758309, 1.410324, 1.165084, 1.017844, 0.901408, 0.762322, 0.560275, 0.359882, ;
1.769268, 1.406298, 1.168379, 1.021530, 0.889288, 0.740314, 0.536396, 0.352223, ;
1.750432, 1.420675, 1.168114, 1.020883, 0.891531, 0.734936, 0.531197, 0.343052, ;
1.778915, 1.429611, 1.174968, 1.020048, 0.885477, 0.738831, 0.534428, 0.349637, ;
1.780941, 1.430273, 1.169930, 1.024089, 0.875657, 0.738773, 0.530083, 0.348157, ;
1.764170, 1.413770, 1.171648, 1.017703, 0.883594, 0.734826, 0.533757, 0.347280, ;
1.754054, 1.426583, 1.172764, 1.017718, 0.880928, 0.735566, 0.531329, 0.344865, ;
1.760119, 1.423166, 1.169833, 1.015294, 0.874034, 0.731242, 0.527016, 0.350208, ;
1.756962, 1.420458, 1.179065, 1.023844, 0.884747, 0.734776, 0.528280, 0.354504, ;
1.775988, 1.430040, 1.168965, 1.025293, 0.884735, 0.735364, 0.526001, 0.349210, ;
1.773400, 1.420247, 1.170908, 1.026505, 0.881927, 0.742140, 0.527473, 0.351338, ;
1.747944, 1.403910, 1.170963, 1.022177, 0.878548, 0.742736, 0.532701, 0.353827, ;
1.754909, 1.410973, 1.167746, 1.029195, 0.880804, 0.736347, 0.530166, 0.355297, ;
1.768819, 1.402178, 1.164682, 1.013143, 0.874015, 0.735837, 0.524153, 0.350247, ;
1.767348, 1.409650, 1.157247, 1.024635, 0.877873, 0.733076, 0.530377, 0.359736, ;
1.785673, 1.396163, 1.150815, 1.014723, 0.888411, 0.749640, 0.555986, 0.358583, ;
1.785329, 1.398255, 1.161075, 1.024836, 0.874253, 0.728758, 0.529829, 0.348620, ;
1.755653, 1.410597, 1.158151, 1.015474, 0.876141, 0.729342, 0.533083, 0.351364, ;
1.763150, 1.424685, 1.160475, 1.015505, 0.879328, 0.735968, 0.524628, 0.348025, ;
1.773216, 1.395582, 1.172799, 1.018077, 0.878236, 0.730911, 0.528108, 0.347157, ;
1.765671, 1.399446, 1.161589, 1.018153, 0.877961, 0.731689, 0.528617, 0.349266, ;
1.775117, 1.394323, 1.153907, 1.018891, 0.877847, 0.733917, 0.528945, 0.354047, ;
1.786842, 1.401154, 1.160922, 1.024134, 0.884637, 0.726411, 0.522991, 0.351292, ;
1.780976, 1.404268, 1.159843, 1.024001, 0.884508, 0.730573, 0.525832, 0.354175, ;
1.783062, 1.408037, 1.167383, 1.019294, 0.877365, 0.730762, 0.526106, 0.354405, ;
1.768897, 1.393115, 1.166075, 1.016263, 0.883592, 0.732413, 0.525721, 0.356425, ;
1.775964, 1.404207, 1.157947, 1.018480, 0.882455, 0.727763, 0.524568, 0.354631, ;
1.741863, 1.395896, 1.163375, 1.022206, 0.875746, 0.725296, 0.525918, 0.357685, ;
1.781794, 1.394057, 1.165630, 1.008444, 0.875227, 0.726453, 0.525596, 0.354676, ;
1.772318, 1.392350, 1.162006, 1.015726, 0.880267, 0.727156, 0.527443, 0.355184, ;
1.781496, 1.392931, 1.171672, 1.022162, 0.899863, 0.751217, 0.550681, 0.349518, ;
1.787213, 1.397380, 1.159571, 1.012436, 0.892502, 0.729362, 0.521708, 0.338758, ;
1.757705, 1.400850, 1.170902, 1.012857, 0.890669, 0.731111, 0.524900, 0.335273, ;
1.746032, 1.384283, 1.175226, 1.022700, 0.892150, 0.731914, 0.522567, 0.335743, ;
1.750529, 1.395219, 1.174732, 1.026747, 0.892867, 0.730261, 0.522337, 0.339579, ;
1.759057, 1.413846, 1.166523, 1.021726, 0.891767, 0.733926, 0.521876, 0.339333, ;
1.751253, 1.409132, 1.158312, 1.021566, 0.891413, 0.734171, 0.520229, 0.342562, ;
1.765858, 1.403726, 1.161172, 1.012341, 0.881878, 0.732646, 0.524055, 0.348013, ;
1.730819, 1.395146, 1.164346, 1.010924, 0.890713, 0.731679, 0.520779, 0.343789, ;
1.720199, 1.398363, 1.170925, 1.020101, 0.887854, 0.729283, 0.518188, 0.340878, ;
1.738640, 1.409475, 1.167982, 1.009447, 0.887203, 0.726805, 0.521071, 0.341204, ;
1.747651, 1.403577, 1.162918, 1.015378, 0.891522, 0.728880, 0.512047, 0.350196, ;
1.778307, 1.394022, 1.165565, 1.013561, 0.881534, 0.724038, 0.518289, 0.345485, ;
1.754345, 1.405457, 1.160945, 1.020450, 0.886866, 0.730185, 0.525068, 0.353885, ;
1.770752, 1.396384, 1.164429, 1.021608, 0.890971, 0.737349, 0.522275, 0.356672, ;
=============================
Thu Apr 10 13:56:16 2014

1.313575, 0.957004, 0.679855, 0.582322, 0.443551, 0.263698, 0.067319, -0.001769, ;
1.349121, 0.975720, 0.695928, 0.593286, 0.446305, 0.278260, 0.072673, 0.002554, ;
1.343561, 0.976046, 0.690903, 0.592559, 0.442583, 0.278327, 0.079408, 0.006136, ;
1.354337, 0.991073, 0.696110, 0.586750, 0.447814, 0.268912, 0.073208, 0.004127, ;
1.325195, 0.981089, 0.695320, 0.585749, 0.448898, 0.276153, 0.078095, -0.005085, ;
1.336503, 0.982972, 0.700211, 0.596029, 0.452786, 0.274754, 0.084503, 0.004439, ;
1.339882, 0.979433, 0.704779, 0.602028, 0.453530, 0.280973, 0.075321, -0.001683, ;
1.330097, 0.975630, 0.701876, 0.599844, 0.451347, 0.283076, 0.076958, 0.006724, ;
1.325582, 0.979992, 0.701388, 0.599565, 0.462283, 0.278544, 0.088230, -0.001004, ;
1.322480, 0.965713, 0.710138, 0.603453, 0.460764, 0.275506, 0.081897, 0.001520, ;
1.305308, 0.959374, 0.706278, 0.601721, 0.454419, 0.277801, 0.075356, 0.011616, ;
1.274817, 0.942540, 0.694963, 0.594681, 0.454814, 0.280475, 0.081997, 0.005804, ;
1.289781, 0.946749, 0.688352, 0.579606, 0.452434, 0.275449, 0.081274, 0.008971, ;
1.277898, 0.941966, 0.681720, 0.581717, 0.448393, 0.268206, 0.077367, -0.004826, ;
1.273082, 0.934908, 0.674272, 0.571388, 0.444118, 0.270701, 0.075522, 0.005967, ;
1.271153, 0.935447, 0.675525, 0.560774, 0.442054, 0.265076, 0.075535, -0.001700, ;
1.286037, 0.927989, 0.660288, 0.563744, 0.436834, 0.256712, 0.064297, 0.004406, ;
1.249027, 0.913870, 0.658920, 0.556206, 0.436124, 0.254705, 0.068497, -0.002917, ;
1.267281, 0.922962, 0.664935, 0.558330, 0.436532, 0.257030, 0.073310, -0.001821, ;
1.234764, 0.905533, 0.669281, 0.560108, 0.431032, 0.258896, 0.067873, 0.005893, ;
1.249175, 0.903865, 0.654825, 0.558042, 0.430353, 0.250135, 0.061737, 0.006530, ;
1.229987, 0.906631, 0.652741, 0.556038, 0.428474, 0.253179, 0.060563, -0.002408, ;
1.228230, 0.903604, 0.657781, 0.547168, 0.424587, 0.245305, 0.066206, 0.002876, ;
1.229132, 0.903368, 0.652556, 0.539597, 0.425669, 0.245317, 0.056452, 0.003026, ;
1.228378, 0.897484, 0.647933, 0.540499, 0.428668, 0.240050, 0.061175, -0.000366, ;
1.228073, 0.900373, 0.647240, 0.539385, 0.432427, 0.244517, 0.063482, 0.004294, ;
1.233807, 0.900264, 0.656968, 0.549504, 0.430111, 0.248998, 0.067183, -0.004377, ;
1.220854, 0.892210, 0.648072, 0.545658, 0.429232, 0.241275, 0.060801, 0.003195, ;
1.217025, 0.892785, 0.647493, 0.546144, 0.434761, 0.237724, 0.061839, 0.007838, ;
1.228996, 0.900985, 0.651967, 0.548087, 0.432349, 0.249560, 0.059372, 0.005347, ;
1.226314, 0.901416, 0.667589, 0.552044, 0.431111, 0.254133, 0.063845, 0.005809, ;
1.238766, 0.901776, 0.658990, 0.553792, 0.431727, 0.256857, 0.066012, 0.005774, ;
1.229847, 0.899740, 0.656425, 0.554967, 0.429627, 0.251285, 0.059053, -0.001815, ;
1.229212, 0.891272, 0.662033, 0.546791, 0.427163, 0.249735, 0.064923, 0.004715, ;
1.227864, 0.895485, 0.656558, 0.548886, 0.420861, 0.245321, 0.062987, 0.000634, ;
1.237404, 0.896756, 0.651463, 0.543974, 0.421345, 0.245944, 0.064376, 0.001479, ;
1.243928, 0.895335, 0.654483, 0.544115, 0.425412, 0.247256, 0.062452, 0.005687, ;
1.245843, 0.899088, 0.649219, 0.536149, 0.429453, 0.249797, 0.070348, 0.001191, ;
1.248937, 0.895826, 0.648136, 0.539941, 0.418513, 0.257058, 0.077432, -0.000569, ;
1.250065, 0.899823, 0.640841, 0.538413, 0.422745, 0.249092, 0.077707, -0.000148, ;
1.219762, 0.878110, 0.636511, 0.539910, 0.411254, 0.245386, 0.072070, 0.003509, ;
1.232875, 0.895312, 0.642320, 0.545948, 0.421099, 0.245114, 0.067467, 0.002445, ;
1.231205, 0.893118, 0.635654, 0.532634, 0.419802, 0.249162, 0.067584, 0.002418, ;
1.221192, 0.883467, 0.645505, 0.537208, 0.417928, 0.250431, 0.070872, 0.007834, ;
1.247259, 0.895652, 0.640267, 0.537821, 0.415338, 0.244486, 0.059480, -0.000109, ;
1.238373, 0.895507, 0.641131, 0.529076, 0.417802, 0.239432, 0.062384, 0.006523, ;
1.223922, 0.886177, 0.637491, 0.534947, 0.422021, 0.238367, 0.064192, -0.003919, ;
1.232660, 0.890563, 0.643820, 0.537080, 0.418717, 0.241428, 0.065698, -0.007168, ;
1.221321, 0.890963, 0.638481, 0.543848, 0.422030, 0.245642, 0.062608, 0.003924, ;
1.233686, 0.897038, 0.650963, 0.546656, 0.421455, 0.246995, 0.069833, 0.001376, ;
1.223938, 0.895578, 0.651394, 0.542126, 0.426216, 0.252333, 0.070072, 0.003487, ;
1.233591, 0.897395, 0.655162, 0.553989, 0.430609, 0.247366, 0.064576, 0.002242, ;
1.231222, 0.893472, 0.653833, 0.557617, 0.426668, 0.249217, 0.069874, -0.001473, ;
1.213936, 0.893797, 0.654201, 0.551253, 0.424282, 0.247110, 0.072497, 0.005899, ;
1.225770, 0.888023, 0.654966, 0.554712, 0.422777, 0.250211, 0.070180, 0.004188, ;
1.217827, 0.892480, 0.650871, 0.560560, 0.436735, 0.251946, 0.074470, 0.000594, ;
1.210728, 0.887564, 0.647603, 0.551879, 0.425949, 0.257803, 0.070341, 0.008699, ;
1.220853, 0.894707, 0.649952, 0.552600, 0.425690, 0.250914, 0.066536, 0.005396, ;
1.237602, 0.891897, 0.650082, 0.552733, 0.422355, 0.254199, 0.070418, -0.000060, ;
1.225949, 0.889605, 0.646724, 0.557737, 0.422822, 0.245369, 0.071669, 0.002078, ;
1.236717, 0.888562, 0.647114, 0.552034, 0.412715, 0.247557, 0.068293, -0.004467, ;
1.239526, 0.887343, 0.640577, 0.541877, 0.413336, 0.248911, 0.064229, 0.000980, ;
1.241544, 0.889275, 0.641728, 0.543219, 0.413523, 0.246856, 0.065999, 0.005580, ;
1.230000, 0.899586, 0.645027, 0.546298, 0.411683, 0.254804, 0.066964, -0.004464, ;
1.225956, 0.897204, 0.644954, 0.547794, 0.409657, 0.248916, 0.061347, 0.002776, ;
1.226561, 0.885395, 0.639505, 0.545212, 0.418854, 0.250678, 0.065665, 0.001715, ;
1.233271, 0.892118, 0.639808, 0.549263, 0.406432, 0.251559, 0.065527, 0.004090, ;
1.232302, 0.901984, 0.641278, 0.542034, 0.403747, 0.250802, 0.069338, 0.008336, ;
1.243870, 0.895240, 0.646338, 0.544910, 0.399132, 0.246633, 0.061045, 0.005527, ;
1.242606, 0.894472, 0.653145, 0.551061, 0.402761, 0.249192, 0.063121, -0.003132, ;
1.231916, 0.901352, 0.642392, 0.545144, 0.409215, 0.247228, 0.069469, -0.002837, ;
1.220388, 0.888602, 0.635000, 0.530285, 0.407169, 0.252940, 0.070083, 0.000119, ;
1.242652, 0.891773, 0.644393, 0.541076, 0.404479, 0.244754, 0.063031, -0.001474, ;
1.246148, 0.900026, 0.657976, 0.537964, 0.409848, 0.257234, 0.067741, 0.003353, ;
1.252311, 0.892501, 0.649492, 0.542949, 0.404493, 0.257857, 0.072106, 0.007858, ;
1.258578, 0.897963, 0.652853, 0.541269, 0.402773, 0.246139, 0.066728, 0.003550, ;
1.244694, 0.892009, 0.642864, 0.543062, 0.397841, 0.249660, 0.068881, -0.002336, ;
1.241652, 0.886524, 0.642906, 0.542072, 0.401311, 0.245696, 0.062207, 0.001027, ;
1.255424, 0.888228, 0.645160, 0.546500, 0.405429, 0.239909, 0.057599, 0.004918, ;
1.251625, 0.899695, 0.653048, 0.537229, 0.401658, 0.233579, 0.062713, 0.001188, ;
1.256119, 0.893129, 0.642728, 0.541443, 0.397066, 0.232245, 0.057882, 0.007996, ;
1.260942, 0.883418, 0.639938, 0.543250, 0.400662, 0.234417, 0.058015, 0.011183, ;
1.254214, 0.892279, 0.636450, 0.535697, 0.403774, 0.245231, 0.063412, 0.010818, ;
1.258341, 0.887788, 0.640495, 0.539301, 0.401430, 0.245685, 0.065316, 0.002073, ;
1.259935, 0.891955, 0.637841, 0.534089, 0.398206, 0.243178, 0.061712, 0.008105, ;
1.245028, 0.893495, 0.641838, 0.533679, 0.394797, 0.250778, 0.066371, 0.004426, ;
1.260082, 0.908911, 0.651414, 0.533144, 0.397898, 0.251382, 0.061506, -0.004306, ;
1.266550, 0.910136, 0.651842, 0.530203, 0.389085, 0.245031, 0.060517, 0.012518, ;
1.272267, 0.908893, 0.637449, 0.525272, 0.380200, 0.249550, 0.070471, 0.006863, ;
1.282548, 0.911331, 0.645012, 0.523783, 0.373197, 0.239475, 0.068729, 0.003539, ;
