1.313575,0.957004,0.679855,0.582322,0.443551,0.263698,0.067319,-0.001769,
1.349121,0.975720,0.695928,0.593286,0.446305,0.278260,0.072673,0.002554,
1.343561,0.976046,0.690903,0.592559,0.442583,0.278327,0.079408,0.006136,
1.354337,0.991073,0.696110,0.586750,0.447814,0.268912,0.073208,0.004127,
1.325195,0.981089,0.695320,0.585749,0.448898,0.276153,0.078095,-0.005085,
1.336503,0.982972,0.700211,0.596029,0.452786,0.274754,0.084503,0.004439,
1.339882,0.979433,0.704779,0.602028,0.453530,0.280973,0.075321,-0.001683,
1.330097,0.975630,0.701876,0.599844,0.451347,0.283076,0.076958,0.006724,
1.325582,0.979992,0.701388,0.599565,0.462283,0.278544,0.088230,-0.001004,
1.322480,0.965713,0.710138,0.603453,0.460764,0.275506,0.081897,0.001520,
1.305308,0.959374,0.706278,0.601721,0.454419,0.277801,0.075356,0.011616,
1.274817,0.942540,0.694963,0.594681,0.454814,0.280475,0.081997,0.005804,
1.289781,0.946749,0.688352,0.579606,0.452434,0.275449,0.081274,0.008971,
1.277898,0.941966,0.681720,0.581717,0.448393,0.268206,0.077367,-0.004826,
1.273082,0.934908,0.674272,0.571388,0.444118,0.270701,0.075522,0.005967,
1.271153,0.935447,0.675525,0.560774,0.442054,0.265076,0.075535,-0.001700,
1.286037,0.927989,0.660288,0.563744,0.436834,0.256712,0.064297,0.004406,
1.249027,0.913870,0.658920,0.556206,0.436124,0.254705,0.068497,-0.002917,
1.267281,0.922962,0.664935,0.558330,0.436532,0.257030,0.073310,-0.001821,
1.234764,0.905533,0.669281,0.560108,0.431032,0.258896,0.067873,0.005893,
1.249175,0.903865,0.654825,0.558042,0.430353,0.250135,0.061737,0.006530,
1.229987,0.906631,0.652741,0.556038,0.428474,0.253179,0.060563,-0.002408,
1.228230,0.903604,0.657781,0.547168,0.424587,0.245305,0.066206,0.002876,
1.229132,0.903368,0.652556,0.539597,0.425669,0.245317,0.056452,0.003026,
1.228378,0.897484,0.647933,0.540499,0.428668,0.240050,0.061175,-0.000366,
1.228073,0.900373,0.647240,0.539385,0.432427,0.244517,0.063482,0.004294,
1.233807,0.900264,0.656968,0.549504,0.430111,0.248998,0.067183,-0.004377,
1.220854,0.892210,0.648072,0.545658,0.429232,0.241275,0.060801,0.003195,
1.217025,0.892785,0.647493,0.546144,0.434761,0.237724,0.061839,0.007838,
1.228996,0.900985,0.651967,0.548087,0.432349,0.249560,0.059372,0.005347,
1.226314,0.901416,0.667589,0.552044,0.431111,0.254133,0.063845,0.005809,
1.238766,0.901776,0.658990,0.553792,0.431727,0.256857,0.066012,0.005774,
1.229847,0.899740,0.656425,0.554967,0.429627,0.251285,0.059053,-0.001815,
1.229212,0.891272,0.662033,0.546791,0.427163,0.249735,0.064923,0.004715,
1.227864,0.895485,0.656558,0.548886,0.420861,0.245321,0.062987,0.000634,
1.237404,0.896756,0.651463,0.543974,0.421345,0.245944,0.064376,0.001479,
1.243928,0.895335,0.654483,0.544115,0.425412,0.247256,0.062452,0.005687,
1.245843,0.899088,0.649219,0.536149,0.429453,0.249797,0.070348,0.001191,
1.248937,0.895826,0.648136,0.539941,0.418513,0.257058,0.077432,-0.000569,
1.250065,0.899823,0.640841,0.538413,0.422745,0.249092,0.077707,-0.000148,
1.219762,0.878110,0.636511,0.539910,0.411254,0.245386,0.072070,0.003509,
1.232875,0.895312,0.642320,0.545948,0.421099,0.245114,0.067467,0.002445,
1.231205,0.893118,0.635654,0.532634,0.419802,0.249162,0.067584,0.002418,
1.221192,0.883467,0.645505,0.537208,0.417928,0.250431,0.070872,0.007834,
1.247259,0.895652,0.640267,0.537821,0.415338,0.244486,0.059480,-0.000109,
1.238373,0.895507,0.641131,0.529076,0.417802,0.239432,0.062384,0.006523,
1.223922,0.886177,0.637491,0.534947,0.422021,0.238367,0.064192,-0.003919,
1.232660,0.890563,0.643820,0.537080,0.418717,0.241428,0.065698,-0.007168,
1.221321,0.890963,0.638481,0.543848,0.422030,0.245642,0.062608,0.003924,
1.233686,0.897038,0.650963,0.546656,0.421455,0.246995,0.069833,0.001376,
1.223938,0.895578,0.651394,0.542126,0.426216,0.252333,0.070072,0.003487,
1.233591,0.897395,0.655162,0.553989,0.430609,0.247366,0.064576,0.002242,
1.231222,0.893472,0.653833,0.557617,0.426668,0.249217,0.069874,-0.001473,
1.213936,0.893797,0.654201,0.551253,0.424282,0.247110,0.072497,0.005899,
1.225770,0.888023,0.654966,0.554712,0.422777,0.250211,0.070180,0.004188,
1.217827,0.892480,0.650871,0.560560,0.436735,0.251946,0.074470,0.000594,
1.210728,0.887564,0.647603,0.551879,0.425949,0.257803,0.070341,0.008699,
1.220853,0.894707,0.649952,0.552600,0.425690,0.250914,0.066536,0.005396,
1.237602,0.891897,0.650082,0.552733,0.422355,0.254199,0.070418,-0.000060,
1.225949,0.889605,0.646724,0.557737,0.422822,0.245369,0.071669,0.002078,
1.236717,0.888562,0.647114,0.552034,0.412715,0.247557,0.068293,-0.004467,
1.239526,0.887343,0.640577,0.541877,0.413336,0.248911,0.064229,0.000980,
1.241544,0.889275,0.641728,0.543219,0.413523,0.246856,0.065999,0.005580,
1.230000,0.899586,0.645027,0.546298,0.411683,0.254804,0.066964,-0.004464,
1.225956,0.897204,0.644954,0.547794,0.409657,0.248916,0.061347,0.002776,
1.226561,0.885395,0.639505,0.545212,0.418854,0.250678,0.065665,0.001715,
1.233271,0.892118,0.639808,0.549263,0.406432,0.251559,0.065527,0.004090,
1.232302,0.901984,0.641278,0.542034,0.403747,0.250802,0.069338,0.008336,
1.243870,0.895240,0.646338,0.544910,0.399132,0.246633,0.061045,0.005527,
1.242606,0.894472,0.653145,0.551061,0.402761,0.249192,0.063121,-0.003132,
1.231916,0.901352,0.642392,0.545144,0.409215,0.247228,0.069469,-0.002837,
1.220388,0.888602,0.635000,0.530285,0.407169,0.252940,0.070083,0.000119,
1.242652,0.891773,0.644393,0.541076,0.404479,0.244754,0.063031,-0.001474,
1.246148,0.900026,0.657976,0.537964,0.409848,0.257234,0.067741,0.003353,
1.252311,0.892501,0.649492,0.542949,0.404493,0.257857,0.072106,0.007858,
1.258578,0.897963,0.652853,0.541269,0.402773,0.246139,0.066728,0.003550,
1.244694,0.892009,0.642864,0.543062,0.397841,0.249660,0.068881,-0.002336,
1.241652,0.886524,0.642906,0.542072,0.401311,0.245696,0.062207,0.001027,
1.255424,0.888228,0.645160,0.546500,0.405429,0.239909,0.057599,0.004918,
1.251625,0.899695,0.653048,0.537229,0.401658,0.233579,0.062713,0.001188,
1.256119,0.893129,0.642728,0.541443,0.397066,0.232245,0.057882,0.007996,
1.260942,0.883418,0.639938,0.543250,0.400662,0.234417,0.058015,0.011183,
1.254214,0.892279,0.636450,0.535697,0.403774,0.245231,0.063412,0.010818,
1.258341,0.887788,0.640495,0.539301,0.401430,0.245685,0.065316,0.002073,
1.259935,0.891955,0.637841,0.534089,0.398206,0.243178,0.061712,0.008105,
1.245028,0.893495,0.641838,0.533679,0.394797,0.250778,0.066371,0.004426,
1.260082,0.908911,0.651414,0.533144,0.397898,0.251382,0.061506,-0.004306,
1.266550,0.910136,0.651842,0.530203,0.389085,0.245031,0.060517,0.012518,
1.272267,0.908893,0.637449,0.525272,0.380200,0.249550,0.070471,0.006863,
1.282548,0.911331,0.645012,0.523783,0.373197,0.239475,0.068729,0.003539,


