1.906456,1.430508,1.262328,1.008930,0.776056,0.455712,0.155933,0.004116,
1.882092,1.426125,1.256684,1.008398,0.770942,0.460534,0.152290,0.010551,
1.870381,1.421780,1.251354,1.007058,0.776479,0.460157,0.150261,0.002866,
1.875366,1.422903,1.275476,1.012731,0.773786,0.464901,0.151808,0.005047,
1.842221,1.421961,1.266034,1.005773,0.775948,0.460182,0.152739,0.006841,
1.863760,1.422047,1.262945,0.997926,0.771289,0.462181,0.153670,0.006848,
1.891013,1.431235,1.269336,1.011775,0.779066,0.458978,0.154442,0.004270,
1.879752,1.433189,1.261783,1.012931,0.775684,0.459460,0.153383,0.007626,
1.845940,1.434842,1.260552,1.010181,0.773282,0.460505,0.153560,0.009345,
1.857377,1.438126,1.263595,1.008998,0.777390,0.462241,0.149864,0.000830,
1.858562,1.434657,1.249657,0.994510,0.772612,0.460587,0.152463,0.009330,
1.867640,1.435506,1.252249,0.999133,0.775156,0.465172,0.153052,0.006645,
1.887252,1.435050,1.252007,1.001697,0.770056,0.461545,0.156161,0.009880,
1.869457,1.430285,1.244373,0.999840,0.773608,0.458853,0.155445,0.009676,
1.874610,1.432675,1.248248,0.995924,0.770971,0.458245,0.154799,0.004132,
1.865784,1.437977,1.253703,0.997670,0.771740,0.459894,0.148551,0.007771,
1.892243,1.442941,1.249364,1.008398,0.769828,0.464057,0.150839,0.005922,
1.847966,1.425880,1.241410,1.001264,0.780460,0.460403,0.152500,0.004730,
1.831107,1.430682,1.243278,1.004829,0.775390,0.460105,0.150409,0.006083,
1.861633,1.427435,1.224309,1.004326,0.771207,0.457592,0.147878,0.002982,
1.902117,1.428303,1.234858,1.010808,0.772487,0.456661,0.153321,0.006782,
1.847531,1.441749,1.242618,1.011103,0.775072,0.458747,0.155840,0.008788,
1.869428,1.446885,1.241338,1.007783,0.768414,0.462533,0.155354,0.006384,
1.854368,1.434990,1.236176,1.008099,0.771445,0.457352,0.152373,0.004458,
1.861510,1.439489,1.231897,1.005080,0.779356,0.458363,0.158263,0.008382,
1.859478,1.439016,1.233431,1.010081,0.773303,0.457244,0.154581,0.005785,
1.890722,1.439854,1.243752,1.006011,0.769251,0.460222,0.154756,0.006092,
1.896240,1.440613,1.250047,1.017804,0.767116,0.460309,0.149623,0.003710,
1.892455,1.450036,1.246830,1.010988,0.772858,0.459077,0.153001,0.009942,
1.890458,1.439955,1.241027,1.015448,0.771295,0.456582,0.152152,0.009295,
1.827178,1.446579,1.235633,1.004503,0.772906,0.460090,0.153576,0.006931,
1.867429,1.449090,1.238237,1.002831,0.771639,0.458164,0.150089,0.007225,
1.900108,1.450372,1.239678,1.005803,0.771939,0.458471,0.153435,0.005596,
1.887944,1.442367,1.237628,1.005183,0.776185,0.460466,0.152535,0.011729,
1.866773,1.442039,1.251362,1.008559,0.770379,0.456561,0.148216,0.009995,
1.848431,1.438999,1.231521,1.004578,0.766655,0.456545,0.155924,0.006522,
1.853208,1.443685,1.237576,1.006357,0.763260,0.455092,0.151644,0.004542,
1.923720,1.452187,1.248533,1.016129,0.775096,0.460130,0.155009,0.003145,
1.931495,1.457960,1.253806,1.013802,0.764827,0.460366,0.153797,0.003321,
1.877332,1.450940,1.255188,1.009217,0.771364,0.460699,0.153141,0.008276,
1.829753,1.430372,1.245723,1.006510,0.764886,0.455622,0.149373,0.008963,
1.892283,1.463527,1.248948,1.004719,0.765573,0.457199,0.149022,0.007491,
1.855151,1.447412,1.261309,1.005807,0.766286,0.458560,0.152816,0.008852,
1.840742,1.434612,1.247197,1.004484,0.771207,0.454297,0.150077,0.009037,
1.847025,1.440241,1.246337,0.996408,0.765700,0.456222,0.151899,0.008811,
1.898581,1.452344,1.252676,0.997613,0.762808,0.454737,0.152604,0.006320,
1.871436,1.450891,1.236323,0.996467,0.764482,0.455071,0.147864,0.007354,
1.850299,1.454276,1.230517,1.002086,0.761341,0.453977,0.149756,0.008445,
1.870160,1.459088,1.235151,0.998770,0.771288,0.450448,0.147645,0.008057,
1.900137,1.453472,1.242740,1.004197,0.763752,0.453909,0.152505,0.009690,
1.871609,1.444423,1.252474,1.004742,0.771053,0.453697,0.151735,0.005763,
1.850439,1.444246,1.238218,1.001006,0.768473,0.455595,0.151430,0.005367,
1.847289,1.446142,1.245272,1.002574,0.766745,0.454351,0.150416,0.007991,
1.861843,1.433022,1.246847,1.002685,0.771182,0.460635,0.150844,0.011213,
1.875621,1.445573,1.229440,0.993186,0.767810,0.451610,0.149384,0.004723,
1.892247,1.452900,1.236565,1.000480,0.770385,0.453800,0.150394,0.002465,
1.889260,1.448476,1.241773,0.996378,0.771657,0.455563,0.150978,0.008098,
1.844447,1.447389,1.235597,0.999132,0.766731,0.453276,0.154401,0.005258,
1.846743,1.451482,1.235950,1.000502,0.764374,0.456452,0.152462,0.002859,
1.883304,1.459666,1.248240,1.003799,0.765431,0.460034,0.147567,0.006820,
1.846840,1.455126,1.239994,0.997625,0.771038,0.457973,0.153756,0.002830,
1.836072,1.455132,1.244823,1.006450,0.770199,0.457337,0.152292,0.004829,
1.936136,1.453172,1.263342,1.014016,0.766865,0.451931,0.151416,0.003678,
1.857773,1.444767,1.251574,1.008348,0.773330,0.455175,0.151075,0.007653,
1.918747,1.457569,1.261831,1.013903,0.765740,0.457338,0.150342,0.010708,
1.846143,1.440744,1.253965,1.008526,0.765018,0.456818,0.152654,0.002818,
1.859721,1.442424,1.253097,1.000061,0.767736,0.458847,0.151519,0.002705,
1.907061,1.436053,1.253023,0.999597,0.763474,0.454430,0.150372,0.006557,
1.886856,1.446281,1.249671,1.004146,0.766656,0.453592,0.150951,0.002052,
1.890656,1.459481,1.248292,1.013663,0.774623,0.455470,0.154263,0.005279,
1.916861,1.464491,1.253189,1.011329,0.767568,0.461116,0.151679,0.008515,
1.875021,1.448152,1.246988,1.000579,0.765688,0.456300,0.150268,0.008713,
1.834044,1.438758,1.235298,0.994334,0.769694,0.456480,0.152629,0.007937,
1.844696,1.426886,1.241179,0.993163,0.770593,0.452949,0.151692,0.004395,
1.820861,1.418444,1.234537,0.992349,0.768449,0.458703,0.153989,0.006599,
1.831727,1.415218,1.237759,0.988747,0.766650,0.458067,0.148329,0.005360,
1.862929,1.435793,1.244130,1.004001,0.773139,0.458094,0.152474,0.005407,
1.894083,1.458771,1.248462,1.001629,0.775864,0.454952,0.151277,0.005242,
1.891421,1.447946,1.246234,1.002548,0.769664,0.456200,0.151035,0.008271,
1.922820,1.450699,1.259395,1.014936,0.767092,0.454227,0.151569,0.011281,
1.910280,1.455213,1.251027,1.017298,0.769329,0.456599,0.146883,0.005923,
1.845099,1.454361,1.251289,1.004246,0.771497,0.457269,0.151493,0.007627,
1.882215,1.459299,1.252224,1.001382,0.770047,0.457856,0.149000,0.006733,
1.888449,1.464063,1.241265,1.008108,0.766093,0.456116,0.146907,0.002689,
1.877144,1.449390,1.241701,0.999793,0.765187,0.452772,0.147660,0.002994,
1.891148,1.453137,1.236456,1.008931,0.765826,0.455781,0.146160,0.007451,
1.852917,1.452061,1.246798,1.004591,0.765754,0.453331,0.152160,0.004403,
1.854235,1.438912,1.239229,0.998931,0.760910,0.453942,0.148232,0.007428,
1.892899,1.447338,1.240063,0.995962,0.769062,0.456732,0.152062,0.006537,
1.887007,1.455141,1.252824,0.999499,0.765675,0.454200,0.148227,0.004381,
1.886411,1.438146,1.240412,1.002544,0.766415,0.454382,0.149843,0.008575,
1.891830,1.443169,1.235444,1.005292,0.770157,0.455157,0.149063,0.005381,
1.845079,1.428093,1.237418,0.997960,0.766965,0.454138,0.150785,0.004327,
1.855132,1.426431,1.236698,1.002016,0.759444,0.459738,0.150459,0.008622,
1.882892,1.426184,1.239524,1.005937,0.771692,0.457185,0.151940,0.006885,
1.889850,1.445705,1.253719,1.006750,0.767204,0.453360,0.149482,0.008940,
1.917304,1.452027,1.250032,1.009376,0.766830,0.458694,0.152370,0.008934,
1.874211,1.450628,1.238461,1.002064,0.765515,0.454714,0.151854,0.007867,
1.914110,1.460628,1.246343,1.007217,0.764267,0.456381,0.152034,0.007905,
1.868040,1.450086,1.241281,1.014048,0.765967,0.452628,0.151954,0.007745,
1.908832,1.461314,1.245593,1.002950,0.768364,0.454720,0.154269,0.009073,
1.894714,1.450583,1.250771,1.007645,0.762987,0.457112,0.150988,0.010059,
1.868061,1.447821,1.246019,1.006549,0.763816,0.458340,0.156799,0.010524,
1.842578,1.434104,1.246695,1.004886,0.762144,0.455036,0.153537,0.009989,
1.862753,1.444121,1.244002,1.005530,0.771096,0.458211,0.154182,0.007821,
1.868632,1.452751,1.239440,1.006989,0.767156,0.454189,0.152048,0.009174,
1.898794,1.444960,1.260225,1.016156,0.770161,0.454836,0.155125,0.006502,
1.879062,1.452810,1.251851,1.007827,0.768669,0.452842,0.156961,0.006285,
1.860684,1.442725,1.255527,1.008534,0.772118,0.457050,0.156510,0.012022,
1.849621,1.435341,1.247655,1.008622,0.767387,0.453966,0.148935,0.003101,
1.877056,1.435518,1.250905,1.008767,0.771251,0.451557,0.152904,0.005988,
1.882824,1.447666,1.263078,1.008788,0.766329,0.455627,0.151166,0.006768,
1.877165,1.447731,1.258956,1.010353,0.778626,0.452891,0.153998,0.010569,
1.891980,1.436263,1.259845,1.012434,0.772218,0.451009,0.154161,0.008235,
1.922995,1.454364,1.251796,1.008681,0.765454,0.449944,0.149323,0.008972,
1.875639,1.458301,1.245466,1.006931,0.771204,0.453289,0.151685,0.007875,
1.898256,1.449535,1.267052,1.010098,0.772242,0.449915,0.151560,0.004999,
1.886262,1.446815,1.260156,1.008205,0.767901,0.454150,0.154164,0.005079,
1.901613,1.452088,1.272461,1.007509,0.769271,0.460356,0.152066,0.005342,
1.915466,1.456297,1.260036,1.003025,0.768089,0.451929,0.149675,0.004841,
1.901731,1.460493,1.260891,1.012739,0.770943,0.455060,0.156440,0.006074,
1.898630,1.459313,1.264424,1.011182,0.766227,0.455156,0.152400,0.010913,
1.901843,1.458874,1.245432,1.003751,0.766215,0.450297,0.149881,0.004025,
1.878925,1.457051,1.249815,1.008229,0.773219,0.454321,0.150076,0.011234,
1.892536,1.448952,1.246011,1.004609,0.771065,0.462233,0.148860,0.008226,
1.886865,1.458196,1.248320,1.002558,0.771330,0.460289,0.151702,0.005155,
1.920082,1.461746,1.261184,1.009797,0.771464,0.456773,0.149973,0.004160,
1.936102,1.455858,1.249495,1.016152,0.768174,0.454745,0.152038,0.006618,
1.863464,1.463630,1.244997,1.002374,0.769072,0.452742,0.153886,0.008247,
1.892321,1.454225,1.252564,1.006616,0.767487,0.455051,0.152741,0.003652,
1.897871,1.460974,1.247131,1.009845,0.772258,0.454203,0.154583,0.007837,
1.904647,1.466923,1.265067,1.003420,0.763879,0.454246,0.149876,0.004909,
1.885571,1.457362,1.253380,1.003289,0.768513,0.450914,0.152168,0.009427,
1.920953,1.449818,1.253027,1.000426,0.765667,0.449383,0.154335,-0.000463,
1.904575,1.448098,1.253540,1.007662,0.768540,0.454639,0.149568,0.002907,
1.925655,1.471358,1.249550,1.019723,0.767791,0.453952,0.149610,0.008217,
1.947303,1.464816,1.250076,1.004877,0.767697,0.456028,0.153698,0.004656,
1.926240,1.468621,1.256897,1.007469,0.759199,0.452727,0.154830,0.003518,
1.881494,1.442789,1.240144,0.998447,0.762004,0.455542,0.148058,0.007210,
1.890333,1.439344,1.238227,1.002820,0.766572,0.454923,0.151455,0.003655,
1.897699,1.456534,1.233846,1.004260,0.764350,0.454844,0.148804,0.003549,
1.867357,1.452490,1.247093,1.007547,0.767220,0.453135,0.153757,0.008479,
1.891235,1.451025,1.237346,1.008121,0.769374,0.453271,0.151910,0.009617,
1.878200,1.435518,1.247648,1.000077,0.766623,0.455303,0.149518,0.007878,
1.926978,1.446127,1.242286,1.012000,0.768154,0.457825,0.152182,0.008716,
1.891297,1.447276,1.245561,1.008332,0.768114,0.453440,0.150482,0.003548,
1.859039,1.437731,1.239174,1.007455,0.766911,0.453525,0.152783,0.006001,
1.913158,1.444532,1.241678,1.011150,0.772342,0.455314,0.154162,0.006383,
1.881199,1.453880,1.245270,1.012642,0.770255,0.455254,0.152552,0.004998,
1.866583,1.439440,1.238040,1.006120,0.766842,0.455285,0.154119,0.009711,
1.912162,1.448188,1.245657,1.009926,0.765488,0.456412,0.156174,0.010803,
1.881203,1.437093,1.250446,1.009162,0.767304,0.452573,0.151496,0.007823,
1.891521,1.435271,1.245041,0.992339,0.766933,0.453984,0.151712,0.004567,
1.872557,1.435184,1.246554,1.010054,0.764435,0.450633,0.149383,0.004566,
1.971983,1.466711,1.267462,1.007547,0.763981,0.452286,0.154990,0.007791,
1.923113,1.455914,1.246444,0.997241,0.765635,0.452277,0.151669,0.007846,
1.909380,1.439747,1.240698,1.004142,0.770481,0.452599,0.151775,0.007531,
1.932584,1.447870,1.250412,1.000698,0.764719,0.455577,0.148072,0.004414,
1.903841,1.449082,1.255744,0.996326,0.760316,0.448207,0.151283,0.005178,
1.925879,1.445908,1.256162,1.005116,0.771010,0.453857,0.152651,0.008104,
1.915309,1.458739,1.258038,0.996666,0.772370,0.452373,0.150558,0.002063,
1.889430,1.448065,1.231779,0.995079,0.771767,0.455307,0.147161,-0.000742,
1.888423,1.455936,1.257253,1.005250,0.771368,0.453453,0.146091,0.010407,
1.875872,1.440759,1.243635,1.009970,0.774233,0.454833,0.148568,0.007224,
1.877478,1.447771,1.249170,1.006135,0.766711,0.458548,0.149060,0.007064,
1.861967,1.448808,1.253661,1.007322,0.773336,0.453946,0.152189,0.008026,
1.852332,1.437078,1.236086,1.009125,0.772396,0.455116,0.152040,0.005894,
1.900208,1.436247,1.234418,1.005554,0.763988,0.451143,0.148105,0.005361,
1.894187,1.444698,1.239136,1.009984,0.766994,0.452607,0.152299,0.000867,
1.889932,1.440686,1.240209,1.007208,0.773129,0.453423,0.150670,0.007364,
1.866443,1.437684,1.238200,1.001136,0.769148,0.454718,0.150779,0.008739,
1.910342,1.453178,1.244329,1.000444,0.764523,0.451274,0.149549,0.005761,
1.883125,1.451472,1.243134,0.996909,0.767080,0.450788,0.147024,0.006506,
1.850499,1.440742,1.241187,1.002037,0.767110,0.452487,0.149795,0.003391,
1.844780,1.443349,1.240092,0.996737,0.763556,0.450952,0.145974,0.011438,
1.859950,1.445554,1.253306,0.999228,0.763559,0.451736,0.147456,0.004657,
1.864918,1.435139,1.240090,1.003126,0.767163,0.454542,0.149067,0.006596,
1.854895,1.442670,1.242747,1.006149,0.767911,0.453981,0.147443,0.005733,
1.899825,1.450637,1.245868,1.007317,0.767389,0.455518,0.149568,0.006110,
1.892237,1.445163,1.247074,1.008578,0.768949,0.456386,0.149724,0.008519,
1.871687,1.449803,1.248229,1.001873,0.764127,0.452901,0.148701,0.009948,
1.870705,1.458624,1.246196,1.006299,0.764053,0.452496,0.144855,0.007909,
1.886830,1.457336,1.255261,1.013719,0.764643,0.450837,0.150845,0.008989,
1.895343,1.439255,1.247428,1.010781,0.765202,0.455631,0.149850,0.004788,
1.892246,1.449437,1.255656,1.008424,0.765841,0.454417,0.149509,0.004820,
1.908260,1.455323,1.252389,1.000606,0.764948,0.452933,0.152591,0.001072,
1.855380,1.437863,1.251721,1.008822,0.768743,0.456442,0.150239,0.004130,
1.835178,1.432058,1.247857,1.009504,0.768094,0.455861,0.148581,0.008871,
1.840106,1.441698,1.238552,0.999835,0.763202,0.449969,0.148919,0.006551,
1.846663,1.440362,1.243972,1.011680,0.767796,0.452819,0.152019,0.009944,
1.847839,1.440230,1.248005,1.008521,0.766642,0.452966,0.150614,0.007737,
1.874260,1.447390,1.262600,1.008744,0.767057,0.449527,0.146538,0.005276,
1.840364,1.439084,1.240120,1.007502,0.770353,0.452055,0.151050,0.000969,
1.847899,1.437812,1.231156,0.995673,0.759681,0.451198,0.146700,0.003110,
1.830187,1.444159,1.241493,1.003522,0.763455,0.453483,0.150330,0.007186,
1.853449,1.437802,1.229934,1.003490,0.767678,0.457026,0.146428,0.009336,
1.874314,1.447572,1.242463,1.005936,0.768184,0.455987,0.151535,0.008113,
1.875000,1.449556,1.244920,1.005006,0.770863,0.449945,0.145215,0.004843,
1.901014,1.455116,1.255898,0.999675,0.765940,0.451821,0.149677,0.007425,
1.851453,1.448024,1.237530,1.006006,0.765933,0.450481,0.149121,0.006493,
1.868565,1.456615,1.248393,1.001759,0.767959,0.454155,0.145190,0.005868,
1.879462,1.448660,1.246588,1.004171,0.766617,0.453184,0.147433,0.004263,
1.854424,1.438424,1.242062,0.992137,0.762892,0.453645,0.150997,0.005810,
1.856538,1.440794,1.252764,0.996578,0.768466,0.452139,0.147628,0.007273,
1.808092,1.438095,1.249117,0.990733,0.769857,0.453678,0.149286,0.005146,
1.889255,1.439318,1.260296,1.004547,0.772007,0.452278,0.150162,0.007900,
1.893971,1.447369,1.260852,1.001646,0.769378,0.453623,0.148422,0.004445,
1.873528,1.440234,1.265484,0.998821,0.775460,0.456402,0.152659,0.004729,
1.854679,1.437255,1.257609,1.005691,0.763435,0.455995,0.151231,0.004543,
1.917030,1.448459,1.248471,0.998225,0.759786,0.449440,0.150794,0.008328,
1.924389,1.443382,1.241733,0.998133,0.766684,0.451417,0.145608,0.006164,
1.883484,1.449515,1.244920,1.001674,0.772265,0.454208,0.149589,0.005294,
1.911108,1.440995,1.250166,0.997415,0.769508,0.454896,0.150652,0.001197,
1.882313,1.441028,1.245117,0.992952,0.770598,0.455404,0.145885,0.006622,
1.906386,1.451103,1.249308,1.013710,0.776774,0.460426,0.150523,0.006681,
1.852393,1.440057,1.254454,1.003406,0.768167,0.456923,0.149468,0.001875,
1.831961,1.438821,1.244633,1.000057,0.767103,0.453375,0.147611,0.007729,
1.827816,1.434711,1.245045,1.007454,0.764860,0.453544,0.146018,0.007033,
1.845610,1.453279,1.247751,0.999370,0.763735,0.453100,0.154732,0.006490,
1.858278,1.458515,1.253520,1.005111,0.765288,0.456449,0.149471,0.005966,
1.850175,1.445205,1.241643,0.996332,0.759328,0.454388,0.153551,0.010761,
1.855766,1.452959,1.242626,1.003356,0.764009,0.451988,0.145370,0.004106,
1.874590,1.453506,1.242363,1.002881,0.765986,0.450518,0.149447,0.006803,
1.900460,1.453217,1.237659,1.005310,0.762905,0.455418,0.148136,0.007237,
1.882817,1.436296,1.232829,0.995151,0.764933,0.450153,0.146912,0.010934,
1.842728,1.436524,1.237862,0.992852,0.763486,0.449110,0.152801,0.006870,
1.859631,1.448331,1.239790,0.998981,0.759537,0.449467,0.149944,0.003380,
1.842948,1.429587,1.234340,0.998206,0.756671,0.452382,0.150683,0.004877,
1.870693,1.437094,1.234135,0.995187,0.762570,0.453936,0.150996,0.006505,
1.883371,1.431836,1.228090,0.990131,0.757009,0.450201,0.147081,0.004405,
1.867997,1.439788,1.225621,0.992058,0.759812,0.451190,0.144926,0.005857,
1.857824,1.430760,1.224083,0.996781,0.764393,0.451694,0.150070,0.005370,
1.853703,1.439406,1.227940,1.002746,0.759231,0.458223,0.150620,0.007080,
1.872858,1.423387,1.233903,0.997334,0.758111,0.451975,0.150233,0.004644,
1.897255,1.437766,1.252829,0.994570,0.762260,0.455443,0.150592,0.007437,
1.891014,1.441048,1.244606,0.988037,0.766460,0.454635,0.149511,0.009383,
1.845067,1.429126,1.233877,0.995562,0.762685,0.448615,0.149343,0.009637,
1.861192,1.433086,1.227358,0.991186,0.760127,0.449441,0.151026,0.003569,
1.881542,1.443768,1.244920,0.992975,0.758852,0.450525,0.149754,0.007135,
1.858085,1.447784,1.243833,0.999341,0.763680,0.451286,0.148524,0.009240,
1.871265,1.436723,1.235525,0.997952,0.762800,0.453838,0.152249,0.004213,
1.795452,1.416267,1.234136,0.991419,0.763262,0.451653,0.150831,0.007407,
1.827584,1.427185,1.239074,0.992727,0.762344,0.449946,0.149699,0.006359,
1.837820,1.436019,1.242420,0.998794,0.761827,0.454514,0.148188,0.004513,
1.852510,1.440277,1.246411,1.001243,0.763730,0.452515,0.148024,0.007201,
1.833082,1.422277,1.239594,0.995548,0.762477,0.451404,0.148599,0.008098,
1.840621,1.432931,1.238070,1.003389,0.767676,0.452516,0.151779,0.006315,
1.828409,1.423605,1.241309,0.991122,0.763150,0.448830,0.150557,0.006093,
1.852194,1.430228,1.237896,0.994408,0.759495,0.452870,0.148091,0.004079,
1.887683,1.436118,1.237366,1.006701,0.765563,0.453175,0.153341,0.008675,
1.884183,1.447422,1.239438,0.999255,0.762245,0.453518,0.151646,0.008108,
1.864543,1.440247,1.242167,0.993145,0.762888,0.452270,0.153550,0.004751,
1.862406,1.432239,1.240104,0.993980,0.757306,0.450307,0.150753,0.006230,
1.879074,1.438179,1.249773,0.999831,0.762670,0.453335,0.150864,0.003447,
1.839361,1.442793,1.244039,0.987564,0.763489,0.453317,0.150356,0.003734,
1.882835,1.439471,1.236173,0.993176,0.755088,0.453344,0.150136,0.005766,
1.857990,1.427253,1.228941,0.993558,0.759456,0.450756,0.147675,0.001598,
1.877464,1.422651,1.228082,0.991976,0.758573,0.454599,0.148743,0.005981,
1.862455,1.427907,1.233985,0.990886,0.765622,0.449771,0.145118,0.005256,
1.853646,1.438642,1.243014,0.988160,0.754534,0.451461,0.143471,0.006515,
1.824973,1.432433,1.232844,0.994277,0.760656,0.449559,0.145692,0.005862,
1.855959,1.441098,1.237929,1.004955,0.757731,0.451196,0.147745,0.001772,
1.896204,1.449818,1.237953,1.005181,0.760617,0.452348,0.146775,0.009383,
1.895944,1.449044,1.242745,1.001250,0.756993,0.447522,0.144032,0.006369,
1.884351,1.452855,1.249279,1.003922,0.756655,0.450414,0.148027,0.007883,
1.885341,1.441756,1.247830,1.002460,0.769642,0.453700,0.147610,0.012502,
1.828211,1.442167,1.243441,1.006019,0.766971,0.450390,0.148640,0.006544,
1.818592,1.436698,1.235795,1.009312,0.769242,0.450957,0.147526,0.003870,
1.892854,1.449069,1.249873,1.007690,0.766858,0.448140,0.151884,0.008142,
1.850833,1.441811,1.253850,1.006515,0.758069,0.451992,0.144430,0.006190,
1.844399,1.442854,1.234159,1.005111,0.764806,0.451383,0.148419,0.006620,
1.869331,1.449676,1.240698,1.002953,0.759665,0.448382,0.144132,0.012398,
1.902793,1.467445,1.244474,0.993915,0.765319,0.453809,0.149987,0.006280,
1.894535,1.451603,1.258387,1.005239,0.767884,0.456658,0.147036,0.005730,
1.908112,1.448186,1.257199,0.996162,0.767470,0.457629,0.150823,0.006217,
1.895061,1.445712,1.264346,1.005206,0.767548,0.452704,0.149919,0.004314,
1.860202,1.438879,1.238951,0.998402,0.770812,0.452682,0.151321,0.006824,
1.874021,1.445682,1.243881,0.999848,0.769500,0.454325,0.151811,0.005790,
1.857836,1.426820,1.250084,0.998705,0.769741,0.458957,0.149643,0.003358,
1.881180,1.439142,1.241570,1.000896,0.769031,0.459267,0.149310,0.006412,
1.885756,1.455216,1.246736,1.006294,0.769037,0.453222,0.147951,0.006132,
1.876924,1.449175,1.250197,1.004522,0.772795,0.455774,0.148319,0.004796,
1.883279,1.453444,1.248167,1.004066,0.770714,0.456961,0.154218,0.007431,
1.913772,1.456824,1.256432,1.007110,0.774624,0.457307,0.152258,0.004308,
1.928532,1.463148,1.260615,1.009176,0.775861,0.455884,0.152589,0.009404,
1.904250,1.454782,1.255745,0.998816,0.773460,0.455893,0.152108,0.008403,
1.885695,1.456042,1.254672,1.005774,0.767064,0.457365,0.149458,0.009402,
1.871266,1.445749,1.254835,1.009751,0.769449,0.453961,0.149405,0.008604,
1.936483,1.465934,1.259970,1.015446,0.771992,0.457902,0.148551,0.008286,
1.914526,1.452425,1.258255,1.012819,0.770683,0.455911,0.153829,0.009038,
1.895578,1.467789,1.260092,1.002378,0.768889,0.455421,0.150697,0.006842,
1.915933,1.458089,1.250290,1.007782,0.767797,0.454161,0.152348,0.005722,
1.887320,1.456898,1.250630,0.999278,0.769967,0.454893,0.150810,0.009031,
1.937648,1.468907,1.244193,1.006106,0.765659,0.458561,0.152267,0.007454,
1.870600,1.451158,1.247558,1.014316,0.769931,0.456273,0.150197,0.004718,
1.880075,1.448148,1.249542,1.007697,0.774334,0.454289,0.154013,0.008107,
1.861901,1.447859,1.255152,1.015213,0.772630,0.462190,0.154734,0.006432,
1.879694,1.447770,1.245210,1.008823,0.767451,0.454435,0.151369,0.011533,
1.918555,1.448766,1.248719,1.011305,0.770891,0.456986,0.152067,0.010409,
1.905258,1.453929,1.256672,1.015535,0.771000,0.457011,0.152467,0.005382,


