1.764583,1.435752,1.176975,1.055607,0.930367,0.786794,0.585756,0.390004,
1.756770,1.432425,1.181080,1.050172,0.917249,0.775762,0.575572,0.398626,
1.762868,1.437926,1.186650,1.059401,0.921984,0.778110,0.575046,0.403892,
1.778721,1.427285,1.179268,1.052387,0.916999,0.775950,0.572419,0.400781,
1.782374,1.430533,1.177939,1.053619,0.920146,0.772628,0.575581,0.403410,
1.772030,1.439971,1.184704,1.058103,0.922288,0.770881,0.572934,0.402213,
1.780431,1.446175,1.182939,1.047121,0.922442,0.775803,0.569905,0.398421,
1.785024,1.442862,1.179923,1.053341,0.927349,0.773617,0.571753,0.403690,
1.785311,1.438678,1.173722,1.043801,0.924219,0.772779,0.560791,0.406831,
1.779889,1.440553,1.183771,1.048201,0.927187,0.770137,0.564119,0.403571,
1.778364,1.440240,1.186639,1.050738,0.925874,0.772542,0.562995,0.405215,
1.769641,1.436130,1.186736,1.047308,0.926061,0.769679,0.563179,0.406247,
1.789281,1.439357,1.193515,1.050396,0.913944,0.765301,0.559177,0.404750,
1.766517,1.431281,1.187497,1.043698,0.923293,0.764330,0.556999,0.406913,
1.771022,1.443857,1.184663,1.044941,0.916993,0.763794,0.553602,0.404684,
1.754937,1.402440,1.175770,1.053958,0.919920,0.775249,0.581422,0.379843,
1.774300,1.428538,1.183297,1.039665,0.908356,0.756861,0.554553,0.369233,
1.785632,1.418959,1.175663,1.037643,0.911808,0.763119,0.545671,0.366031,
1.755692,1.409906,1.172133,1.028645,0.894623,0.758359,0.543335,0.369592,
1.781172,1.412359,1.171991,1.025108,0.897752,0.751614,0.541925,0.368041,
1.766438,1.409962,1.162385,1.025426,0.891278,0.749238,0.536197,0.368696,
1.758269,1.409847,1.159644,1.015654,0.896072,0.751117,0.536895,0.365712,
1.766984,1.411819,1.162528,1.016445,0.896235,0.749885,0.535852,0.364338,
1.746444,1.396191,1.159291,1.007224,0.896797,0.744393,0.532037,0.361461,
1.758673,1.384594,1.166374,1.014534,0.891575,0.740531,0.528372,0.356627,
1.786558,1.395633,1.164988,1.023983,0.894252,0.743706,0.519572,0.353463,
1.770566,1.391729,1.158795,1.015394,0.888622,0.741700,0.522395,0.355667,
1.775071,1.388037,1.173294,1.015818,0.889652,0.740542,0.518196,0.354226,
1.799700,1.407867,1.171339,1.024107,0.898490,0.739334,0.520180,0.358337,
1.773085,1.393085,1.167387,1.025073,0.896493,0.744573,0.526487,0.364025,
1.741852,1.373022,1.175725,1.033395,0.905965,0.766586,0.543270,0.354638,
1.757362,1.379070,1.172782,1.028482,0.909305,0.747490,0.523578,0.335766,
1.746118,1.388629,1.167538,1.028847,0.901740,0.743980,0.515820,0.343232,
1.771882,1.392525,1.185672,1.025115,0.900939,0.739937,0.513801,0.350933,
1.737877,1.385051,1.172499,1.028606,0.908163,0.742899,0.508217,0.348262,
1.765128,1.380142,1.171437,1.047713,0.911025,0.743169,0.514606,0.351146,
1.743520,1.388783,1.167898,1.037315,0.910941,0.739342,0.513075,0.356819,
1.728937,1.374079,1.163009,1.033715,0.908668,0.744745,0.513875,0.354816,
1.730365,1.370257,1.150610,1.031470,0.894068,0.735754,0.509343,0.345792,
1.725192,1.375726,1.163070,1.027853,0.888954,0.731798,0.507053,0.342307,
1.724780,1.363650,1.146834,1.021421,0.884897,0.735247,0.504192,0.340757,
1.730142,1.368719,1.159656,1.023593,0.883276,0.730680,0.507449,0.345602,
1.717611,1.364580,1.158196,1.017460,0.885213,0.730644,0.505992,0.348368,
1.734390,1.367615,1.150545,1.023859,0.883037,0.733974,0.509967,0.343431,
1.721126,1.372711,1.153946,1.028095,0.886497,0.729752,0.514762,0.347744,
1.743903,1.372859,1.151052,1.017934,0.897612,0.764571,0.559290,0.351153,
1.760557,1.397656,1.156414,1.008244,0.887875,0.730874,0.509569,0.330102,
1.787033,1.386296,1.179959,1.017780,0.886572,0.737915,0.517486,0.334538,
1.780350,1.394164,1.161722,1.019082,0.890900,0.740619,0.515196,0.337633,
1.741739,1.373827,1.160451,1.021388,0.889757,0.745498,0.512167,0.331401,
1.774023,1.390014,1.169030,1.029095,0.891147,0.746997,0.517517,0.332783,
1.765673,1.387264,1.171175,1.027215,0.896075,0.740367,0.519480,0.334195,
1.774626,1.391923,1.170115,1.028725,0.885740,0.738890,0.512236,0.339994,
1.783152,1.394787,1.168364,1.023531,0.896069,0.741163,0.511838,0.340785,
1.773398,1.401818,1.177389,1.027043,0.898693,0.740281,0.510990,0.347483,
1.754975,1.389319,1.173050,1.027848,0.897220,0.746410,0.516535,0.349679,
1.779146,1.408184,1.176142,1.025127,0.894692,0.737743,0.514214,0.355857,
1.767203,1.408965,1.181928,1.019138,0.897296,0.740493,0.512364,0.356611,
1.767131,1.401323,1.163176,1.015143,0.889899,0.736441,0.510897,0.351456,
1.769759,1.394590,1.170205,1.017079,0.888748,0.740847,0.512531,0.355782,
1.750368,1.394610,1.152845,1.023675,0.903256,0.762795,0.565468,0.378326,
1.736445,1.394910,1.150122,1.022014,0.895930,0.756343,0.553437,0.386641,
1.763673,1.401130,1.155030,1.023548,0.890806,0.746390,0.543876,0.388394,
1.748665,1.395854,1.161963,1.017804,0.889921,0.748614,0.540991,0.395501,
1.787012,1.409086,1.156963,1.023775,0.889898,0.753461,0.543734,0.391896,
1.762520,1.411440,1.166527,1.025062,0.887326,0.751584,0.542565,0.392671,
1.745257,1.389328,1.159134,1.012983,0.883265,0.748609,0.538875,0.384099,
1.759148,1.403307,1.173111,1.022230,0.882764,0.741649,0.536094,0.376946,
1.762337,1.408764,1.168983,1.016996,0.884052,0.738630,0.536952,0.384353,
1.732205,1.388207,1.159922,1.022208,0.883343,0.736140,0.530006,0.385090,
1.749938,1.389315,1.157608,1.018606,0.879725,0.737240,0.531886,0.381782,
1.769772,1.407921,1.173951,1.022356,0.882978,0.742088,0.530377,0.387888,
1.776178,1.397523,1.168373,1.017775,0.879710,0.737131,0.531132,0.384952,
1.775084,1.405797,1.167797,1.035005,0.888758,0.743662,0.532524,0.383314,
1.757166,1.402414,1.165415,1.026210,0.886025,0.740956,0.527621,0.383341,
1.740928,1.382059,1.163192,1.029732,0.901794,0.758767,0.570450,0.358850,
1.764192,1.375688,1.155360,1.012331,0.884263,0.736524,0.537514,0.346998,
1.728959,1.380684,1.155774,1.008112,0.874972,0.741068,0.536066,0.354372,
1.748720,1.378089,1.157171,1.005787,0.879687,0.737211,0.532293,0.359238,
1.734939,1.368285,1.148192,1.009472,0.886331,0.739134,0.531500,0.365063,
1.733590,1.363285,1.149167,1.005683,0.871130,0.740181,0.528350,0.359715,
1.773779,1.380638,1.160513,1.014778,0.877990,0.738855,0.529367,0.359395,
1.751701,1.379573,1.156102,1.015335,0.882799,0.738074,0.538834,0.365327,
1.746987,1.375672,1.161879,1.017089,0.881521,0.742420,0.534425,0.365688,
1.738622,1.387937,1.163906,1.005157,0.879483,0.741778,0.532636,0.368366,
1.731974,1.375121,1.153466,1.009762,0.882376,0.743586,0.534608,0.370125,
1.714620,1.375736,1.150577,1.012216,0.879840,0.736289,0.531930,0.368630,
1.730259,1.362868,1.152591,1.005500,0.872832,0.740726,0.532507,0.369643,
1.774747,1.407936,1.165793,1.009242,0.882575,0.732539,0.533213,0.374276,
1.770761,1.405674,1.160761,1.011895,0.884362,0.733051,0.528313,0.367483,
1.730127,1.390072,1.171521,1.013554,0.894712,0.752227,0.560773,0.356222,
1.751648,1.406943,1.153241,1.004794,0.875150,0.726392,0.522426,0.349223,
1.752238,1.391073,1.152936,1.015057,0.871815,0.729062,0.521452,0.346492,
1.729316,1.380981,1.156737,1.004161,0.880964,0.730921,0.522877,0.350382,
1.725393,1.385371,1.152841,1.003007,0.879716,0.727152,0.518043,0.349039,
1.739358,1.380612,1.149525,1.002918,0.878242,0.728907,0.521161,0.351305,
1.740198,1.392294,1.166196,1.000905,0.873106,0.730068,0.519124,0.347464,
1.762976,1.399293,1.159285,1.006082,0.878677,0.733668,0.523799,0.361318,
1.771091,1.385686,1.158661,1.005306,0.875469,0.729660,0.521613,0.361336,
1.762961,1.387008,1.162529,1.007591,0.870062,0.729009,0.514500,0.350277,
1.768516,1.384505,1.153487,1.005587,0.865813,0.728018,0.514900,0.352820,
1.745298,1.381781,1.163338,1.007262,0.881314,0.725053,0.517307,0.359018,
1.768219,1.386353,1.160037,1.010048,0.866691,0.725021,0.513184,0.357463,
1.772422,1.380706,1.157761,1.011218,0.872733,0.723864,0.513076,0.356446,
1.765288,1.406314,1.167989,1.007326,0.864431,0.720985,0.515144,0.351597,
1.727420,1.370523,1.145765,1.010083,0.877879,0.750763,0.549596,0.363249,
1.758585,1.385209,1.153198,1.001192,0.870498,0.725799,0.524848,0.351756,
1.728081,1.383894,1.157948,1.012198,0.868123,0.726393,0.516634,0.348240,
1.730457,1.392181,1.157010,1.011876,0.875696,0.714013,0.517730,0.345941,
1.730640,1.400502,1.155797,1.002873,0.873017,0.717535,0.516641,0.350213,
1.729937,1.377483,1.149519,0.997619,0.874083,0.715469,0.511845,0.345270,
1.708522,1.374139,1.145936,1.004797,0.873665,0.719898,0.519351,0.356902,
1.750377,1.376148,1.145346,1.005992,0.870527,0.719019,0.516699,0.355449,
1.753625,1.380346,1.157069,0.996682,0.866802,0.723622,0.517493,0.352433,
1.758166,1.370911,1.152061,1.006788,0.874642,0.727433,0.516828,0.355147,
1.797222,1.380994,1.144656,1.005094,0.868132,0.724882,0.515803,0.358347,
1.749912,1.371281,1.149220,1.008219,0.873955,0.722218,0.515783,0.359260,
1.762767,1.369877,1.148647,1.003451,0.863043,0.719979,0.514411,0.358315,
1.790013,1.395796,1.142646,0.998393,0.867125,0.714663,0.511671,0.350416,
1.754938,1.376852,1.152679,0.996714,0.875557,0.721676,0.512485,0.354449,
1.689306,1.361533,1.143758,1.015073,0.881989,0.750724,0.555826,0.353433,
1.688638,1.358613,1.146254,1.007789,0.868436,0.742047,0.544737,0.354807,
1.690997,1.356181,1.149477,1.019060,0.862096,0.729092,0.537199,0.355341,
1.703755,1.360567,1.142577,1.018345,0.865693,0.727424,0.535811,0.354497,
1.715620,1.364187,1.155108,1.009617,0.869739,0.729480,0.535378,0.357472,
1.732604,1.379406,1.152776,1.012780,0.870840,0.729664,0.535162,0.362026,
1.705496,1.363702,1.143826,1.011807,0.863163,0.725005,0.533616,0.358292,
1.724323,1.370302,1.152370,1.017601,0.871559,0.728132,0.531726,0.358693,
1.753776,1.380887,1.154292,1.017135,0.871677,0.723282,0.534856,0.358001,
1.725112,1.364729,1.157076,1.009493,0.874356,0.726786,0.529250,0.357252,
1.728491,1.365381,1.152005,1.017926,0.874177,0.725029,0.527994,0.356847,
1.706071,1.366884,1.152292,1.017117,0.876894,0.724921,0.527930,0.356975,
1.717659,1.382648,1.159124,1.012835,0.876995,0.722741,0.527046,0.353406,
1.726173,1.369233,1.163440,1.014976,0.877329,0.722383,0.533887,0.359396,
1.727879,1.378373,1.156277,1.021163,0.874168,0.723288,0.528924,0.356095,
1.720629,1.360401,1.148525,1.016706,0.889982,0.758596,0.571779,0.384476,
1.718796,1.364564,1.161063,1.017707,0.879035,0.739261,0.537539,0.378129,
1.723435,1.377939,1.163941,1.024829,0.879937,0.741039,0.537649,0.379442,
1.760599,1.384102,1.168976,1.022276,0.879056,0.735277,0.535519,0.366631,
1.759440,1.374996,1.167614,1.017343,0.885827,0.733788,0.526787,0.360396,
1.739715,1.387731,1.166992,1.023324,0.881652,0.738203,0.535580,0.368811,
1.778255,1.397139,1.169827,1.027453,0.887914,0.739532,0.537415,0.371686,
1.731969,1.380932,1.168834,1.030519,0.886899,0.741346,0.538162,0.372324,
1.746597,1.370070,1.161939,1.031311,0.885080,0.741346,0.536076,0.375114,
1.769120,1.383070,1.179599,1.020766,0.891640,0.734396,0.537055,0.369212,
1.742014,1.390305,1.158729,1.028022,0.890501,0.738246,0.537794,0.377028,
1.731983,1.371974,1.163266,1.031135,0.897124,0.735533,0.539074,0.375814,
1.734105,1.383135,1.163073,1.020954,0.892850,0.742840,0.536420,0.373678,
1.753331,1.368943,1.167874,1.031823,0.890171,0.728458,0.534809,0.369644,
1.744580,1.380728,1.154862,1.023979,0.885602,0.723538,0.535601,0.370546,
1.764573,1.363383,1.162918,1.025402,0.888653,0.766582,0.560586,0.365823,
1.722573,1.371595,1.159449,1.019496,0.883849,0.736893,0.533800,0.354734,
1.722657,1.373481,1.162555,1.020251,0.881032,0.735857,0.534756,0.357333,
1.752302,1.386196,1.167678,1.017846,0.877282,0.731211,0.525974,0.359541,
1.744330,1.392463,1.170280,1.019994,0.881768,0.735700,0.529185,0.366698,
1.730111,1.385478,1.165860,1.020059,0.876836,0.739222,0.530182,0.363434,
1.720687,1.398622,1.170820,1.019058,0.880221,0.738507,0.525448,0.360733,
1.720999,1.369398,1.155519,1.022290,0.877567,0.739821,0.529086,0.361745,
1.715231,1.371804,1.161229,1.022572,0.883237,0.734681,0.524812,0.362258,
1.745524,1.393942,1.161211,1.026807,0.884104,0.740617,0.534285,0.365336,
1.756122,1.393933,1.161023,1.021510,0.877424,0.735603,0.531418,0.362220,
1.754591,1.405739,1.173893,1.026072,0.886649,0.740759,0.535636,0.367273,
1.751082,1.397981,1.168182,1.027539,0.888639,0.741030,0.532371,0.364248,
1.749902,1.400235,1.168192,1.023392,0.889357,0.739278,0.535645,0.368448,
1.727171,1.399143,1.167623,1.025658,0.878672,0.733723,0.534256,0.356727,
1.765576,1.380783,1.163271,1.015119,0.891725,0.755690,0.579770,0.370014,
1.724254,1.396141,1.158282,1.015758,0.882079,0.745754,0.545690,0.361879,
1.772217,1.410595,1.170765,1.014249,0.875199,0.738313,0.538476,0.359857,
1.746942,1.407449,1.161209,1.018905,0.889757,0.740009,0.539118,0.364851,
1.721399,1.393692,1.162306,1.011868,0.883745,0.738572,0.538218,0.362123,
1.718603,1.404147,1.158269,1.015298,0.881604,0.735463,0.534596,0.369402,
1.734080,1.409941,1.162984,1.015314,0.886400,0.734712,0.537483,0.371761,
1.745491,1.403291,1.151374,1.017585,0.881552,0.735221,0.538562,0.371879,
1.732444,1.403999,1.151100,1.020579,0.894978,0.739333,0.539099,0.367940,
1.740929,1.399019,1.157739,1.026546,0.892704,0.734206,0.538781,0.372943,
1.730640,1.406020,1.159408,1.019481,0.878844,0.733523,0.535244,0.372668,
1.755641,1.393100,1.163755,1.023629,0.888160,0.735465,0.537862,0.369633,
1.757118,1.394256,1.165017,1.020662,0.885344,0.732574,0.536971,0.363641,
1.747778,1.382130,1.159153,1.016693,0.888119,0.728543,0.533195,0.364483,
1.744742,1.372826,1.148290,1.023301,0.886586,0.730120,0.538640,0.366210,
1.740531,1.372070,1.158706,1.022465,0.891621,0.765084,0.571555,0.362861,
1.735959,1.375618,1.154903,1.019722,0.883458,0.741000,0.549139,0.355544,
1.746268,1.389631,1.159472,1.022111,0.877977,0.733331,0.546991,0.355300,
1.749659,1.396496,1.167182,1.020736,0.873680,0.732297,0.540557,0.352899,
1.721279,1.385527,1.168492,1.020230,0.879412,0.736998,0.538648,0.349278,
1.739067,1.395250,1.159943,1.018398,0.878253,0.735447,0.536487,0.356563,
1.752524,1.389729,1.162959,1.024112,0.872629,0.732318,0.533452,0.352768,
1.755327,1.412975,1.166092,1.028045,0.878056,0.733542,0.529002,0.356244,
1.765775,1.420908,1.180076,1.018251,0.876496,0.733812,0.533812,0.360594,
1.778322,1.406132,1.163963,1.014511,0.881245,0.733943,0.536863,0.360722,
1.770221,1.411360,1.167790,1.028358,0.877335,0.740431,0.539215,0.363034,
1.767336,1.388479,1.156970,1.019954,0.874763,0.738141,0.537705,0.362678,
1.744917,1.389540,1.170479,1.011153,0.884760,0.737990,0.533626,0.356433,
1.741620,1.385893,1.165341,1.017499,0.883787,0.734828,0.531932,0.360887,
1.752204,1.406453,1.164117,1.017819,0.876032,0.737277,0.533169,0.368407,
1.741787,1.371768,1.170046,1.009301,0.901714,0.748765,0.552785,0.350265,
1.763716,1.393452,1.167247,1.015872,0.885118,0.742544,0.529775,0.340569,
1.728193,1.380248,1.160520,1.017691,0.877825,0.737297,0.526784,0.349811,
1.729955,1.365402,1.171342,1.019431,0.883190,0.741450,0.527560,0.352959,
1.718162,1.380633,1.169475,1.013325,0.890963,0.742724,0.527040,0.356649,
1.744633,1.372407,1.173834,1.009341,0.877854,0.735376,0.525991,0.357669,
1.737671,1.384376,1.165679,1.008826,0.879958,0.732580,0.524257,0.359271,
1.751262,1.379651,1.166162,1.014330,0.880804,0.733902,0.523039,0.358323,
1.725101,1.389949,1.179038,1.017156,0.881550,0.736784,0.527750,0.362123,
1.737564,1.395642,1.165403,1.007279,0.877475,0.729207,0.529632,0.362912,
1.732730,1.387754,1.171014,1.009758,0.879425,0.734045,0.527906,0.365012,
1.717684,1.378025,1.164465,1.016375,0.886532,0.732758,0.531966,0.368696,
1.744342,1.388645,1.178836,1.012689,0.881305,0.740384,0.533153,0.370711,
1.748934,1.384805,1.172716,1.011578,0.875952,0.740925,0.529825,0.366059,
1.736494,1.376775,1.170443,1.023154,0.876697,0.737123,0.529830,0.371524,
1.778302,1.382334,1.165563,1.021813,0.894580,0.756888,0.562088,0.358337,
1.736878,1.368653,1.163845,1.017222,0.882273,0.733800,0.530264,0.348279,
1.764821,1.367842,1.170839,1.017545,0.887304,0.738030,0.531571,0.349060,
1.719329,1.367880,1.166876,1.013000,0.881025,0.738390,0.528845,0.352364,
1.733849,1.366867,1.171173,1.020774,0.891409,0.734310,0.528452,0.355735,
1.752619,1.371249,1.168380,1.021044,0.891622,0.736412,0.530122,0.357257,
1.741052,1.373129,1.167152,1.018543,0.887368,0.737466,0.531703,0.355789,
1.740926,1.367191,1.163453,1.024113,0.892555,0.732684,0.535842,0.354265,
1.722240,1.371043,1.168464,1.023110,0.884666,0.738514,0.532309,0.357926,
1.754228,1.372959,1.166811,1.026582,0.889435,0.739262,0.531132,0.355730,
1.732246,1.367281,1.163629,1.014117,0.881145,0.736690,0.532169,0.358777,
1.747586,1.382368,1.154416,1.009367,0.887018,0.741956,0.529854,0.366557,
1.734593,1.380994,1.159477,1.021749,0.880813,0.740543,0.531464,0.370500,
1.725704,1.377472,1.156761,1.009821,0.875593,0.732036,0.526129,0.369966,
1.723978,1.366620,1.163325,1.023770,0.882667,0.737816,0.531306,0.369749,
1.715151,1.372921,1.156852,1.025088,0.885647,0.755689,0.564554,0.354924,
1.754126,1.390027,1.184905,1.023169,0.878305,0.736407,0.530206,0.342492,
1.759971,1.387961,1.174907,1.016901,0.882132,0.733843,0.529476,0.352562,
1.779224,1.376479,1.169033,1.016855,0.875491,0.725290,0.524795,0.353853,
1.765889,1.383946,1.168747,1.019258,0.884125,0.733423,0.525243,0.354240,
1.759815,1.375523,1.169986,1.017737,0.879285,0.729543,0.528819,0.352637,
1.760222,1.380842,1.165687,1.015735,0.875255,0.727827,0.527741,0.352287,
1.760252,1.379448,1.170092,1.016587,0.875885,0.728706,0.528112,0.355155,
1.767762,1.374286,1.170494,1.019379,0.875085,0.719425,0.521039,0.353942,
1.738586,1.380576,1.168399,1.009299,0.875996,0.721934,0.528369,0.354688,
1.749909,1.378823,1.166949,1.012088,0.874062,0.725555,0.530309,0.358208,
1.734125,1.367622,1.166268,1.022673,0.874408,0.717736,0.528463,0.361117,
1.743385,1.376603,1.172755,1.019180,0.868660,0.719952,0.528821,0.355278,
1.777131,1.398609,1.165616,1.014923,0.873067,0.718889,0.527018,0.360076,
1.754433,1.396249,1.170510,1.022117,0.868596,0.724853,0.528428,0.358078,
1.748351,1.385540,1.162291,1.014402,0.892951,0.753317,0.562867,0.356243,
1.755611,1.394426,1.154830,1.010559,0.874404,0.746360,0.551263,0.357990,
1.769599,1.395961,1.158993,1.004680,0.881062,0.736433,0.545151,0.362044,
1.767753,1.393033,1.161216,1.012999,0.873352,0.741274,0.538242,0.360626,
1.769105,1.383866,1.157109,1.011196,0.875529,0.735881,0.538774,0.357120,
1.784643,1.387729,1.152898,1.012750,0.872951,0.738274,0.536547,0.356061,
1.769856,1.399919,1.157955,1.006796,0.878815,0.730362,0.540324,0.356220,
1.766846,1.388830,1.160394,1.004592,0.875583,0.737115,0.539718,0.357019,
1.756238,1.393266,1.157173,1.009603,0.877620,0.734622,0.535985,0.352946,
1.755341,1.387846,1.156184,1.013078,0.873852,0.736785,0.534291,0.360755,
1.763281,1.413909,1.166677,1.023279,0.882925,0.737814,0.533156,0.359293,
1.740618,1.398114,1.175994,1.024818,0.881470,0.734517,0.535971,0.355814,
1.749643,1.396090,1.167778,1.025430,0.869339,0.734807,0.532191,0.351757,
1.736821,1.407809,1.164419,1.023113,0.879890,0.737906,0.533363,0.360292,
1.760257,1.410321,1.168977,1.022954,0.880900,0.737229,0.537596,0.361830,
1.758309,1.410324,1.165084,1.017844,0.901408,0.762322,0.560275,0.359882,
1.769268,1.406298,1.168379,1.021530,0.889288,0.740314,0.536396,0.352223,
1.750432,1.420675,1.168114,1.020883,0.891531,0.734936,0.531197,0.343052,
1.778915,1.429611,1.174968,1.020048,0.885477,0.738831,0.534428,0.349637,
1.780941,1.430273,1.169930,1.024089,0.875657,0.738773,0.530083,0.348157,
1.764170,1.413770,1.171648,1.017703,0.883594,0.734826,0.533757,0.347280,
1.754054,1.426583,1.172764,1.017718,0.880928,0.735566,0.531329,0.344865,
1.760119,1.423166,1.169833,1.015294,0.874034,0.731242,0.527016,0.350208,
1.756962,1.420458,1.179065,1.023844,0.884747,0.734776,0.528280,0.354504,
1.775988,1.430040,1.168965,1.025293,0.884735,0.735364,0.526001,0.349210,
1.773400,1.420247,1.170908,1.026505,0.881927,0.742140,0.527473,0.351338,
1.747944,1.403910,1.170963,1.022177,0.878548,0.742736,0.532701,0.353827,
1.754909,1.410973,1.167746,1.029195,0.880804,0.736347,0.530166,0.355297,
1.768819,1.402178,1.164682,1.013143,0.874015,0.735837,0.524153,0.350247,
1.767348,1.409650,1.157247,1.024635,0.877873,0.733076,0.530377,0.359736,
1.785673,1.396163,1.150815,1.014723,0.888411,0.749640,0.555986,0.358583,
1.785329,1.398255,1.161075,1.024836,0.874253,0.728758,0.529829,0.348620,
1.755653,1.410597,1.158151,1.015474,0.876141,0.729342,0.533083,0.351364,
1.763150,1.424685,1.160475,1.015505,0.879328,0.735968,0.524628,0.348025,
1.773216,1.395582,1.172799,1.018077,0.878236,0.730911,0.528108,0.347157,
1.765671,1.399446,1.161589,1.018153,0.877961,0.731689,0.528617,0.349266,
1.775117,1.394323,1.153907,1.018891,0.877847,0.733917,0.528945,0.354047,
1.786842,1.401154,1.160922,1.024134,0.884637,0.726411,0.522991,0.351292,
1.780976,1.404268,1.159843,1.024001,0.884508,0.730573,0.525832,0.354175,
1.783062,1.408037,1.167383,1.019294,0.877365,0.730762,0.526106,0.354405,
1.768897,1.393115,1.166075,1.016263,0.883592,0.732413,0.525721,0.356425,
1.775964,1.404207,1.157947,1.018480,0.882455,0.727763,0.524568,0.354631,
1.741863,1.395896,1.163375,1.022206,0.875746,0.725296,0.525918,0.357685,
1.781794,1.394057,1.165630,1.008444,0.875227,0.726453,0.525596,0.354676,
1.772318,1.392350,1.162006,1.015726,0.880267,0.727156,0.527443,0.355184,
1.781496,1.392931,1.171672,1.022162,0.899863,0.751217,0.550681,0.349518,
1.787213,1.397380,1.159571,1.012436,0.892502,0.729362,0.521708,0.338758,
1.757705,1.400850,1.170902,1.012857,0.890669,0.731111,0.524900,0.335273,
1.746032,1.384283,1.175226,1.022700,0.892150,0.731914,0.522567,0.335743,
1.750529,1.395219,1.174732,1.026747,0.892867,0.730261,0.522337,0.339579,
1.759057,1.413846,1.166523,1.021726,0.891767,0.733926,0.521876,0.339333,
1.751253,1.409132,1.158312,1.021566,0.891413,0.734171,0.520229,0.342562,
1.765858,1.403726,1.161172,1.012341,0.881878,0.732646,0.524055,0.348013,
1.730819,1.395146,1.164346,1.010924,0.890713,0.731679,0.520779,0.343789,
1.720199,1.398363,1.170925,1.020101,0.887854,0.729283,0.518188,0.340878,
1.738640,1.409475,1.167982,1.009447,0.887203,0.726805,0.521071,0.341204,
1.747651,1.403577,1.162918,1.015378,0.891522,0.728880,0.512047,0.350196,
1.778307,1.394022,1.165565,1.013561,0.881534,0.724038,0.518289,0.345485,
1.754345,1.405457,1.160945,1.020450,0.886866,0.730185,0.525068,0.353885,
1.770752,1.396384,1.164429,1.021608,0.890971,0.737349,0.522275,0.356672,


