1.586078,1.292674,0.976312,0.676118,0.084432,0.008895,0.002911,0.005152,29.104705,2.412931
1.764583,1.427749,1.143611,0.887947,0.084190,0.008876,0.002911,0.005172,32.604817,0.033310
1.764583,1.428903,1.148152,0.925327,0.084190,0.008876,0.002911,0.005172,32.667562,-0.001325
1.585914,1.286274,0.973097,0.680265,0.085621,0.014443,0.010925,-0.000070,29.042768,2.588166
1.749372,1.423022,1.153809,0.879731,0.085587,0.014442,0.010945,-0.000070,32.606051,0.038036
1.749372,1.422295,1.156504,0.914028,0.085587,0.014442,0.010945,-0.000070,32.699548,0.002120
1.598799,1.270425,0.971839,0.674036,0.084917,0.012013,0.006729,0.003758,29.094715,2.446699
1.762868,1.422986,1.146024,0.873568,0.084617,0.012013,0.006729,0.003758,32.590397,0.035900
1.762868,1.424898,1.145628,0.906655,0.084542,0.012013,0.006729,0.003758,32.663938,0.003583
1.596265,1.265955,0.982327,0.671635,0.088856,0.012669,0.002140,0.008243,29.049880,2.599821
1.771171,1.418271,1.147214,0.877213,0.088426,0.012709,0.002140,0.008184,32.625820,0.033265
1.771171,1.417856,1.150974,0.907526,0.088444,0.012709,0.002140,0.008184,32.691327,0.001548
1.613435,1.258944,0.974015,0.665622,0.081579,0.012346,0.011611,0.008771,29.024867,2.574275
1.774826,1.423806,1.144458,0.854572,0.081371,0.012346,0.011611,0.008771,32.606244,0.031696
1.774826,1.425736,1.149140,0.884986,0.081369,0.012346,0.011611,0.008771,32.669673,0.005930
1.589961,1.292989,0.981312,0.674520,0.096121,0.009637,0.009917,0.002533,29.099259,2.600321
1.757810,1.420739,1.151600,0.876806,0.096111,0.009637,0.009917,0.002533,32.710606,0.032549
1.757810,1.418881,1.156030,0.920033,0.096110,0.009637,0.009917,0.002533,32.794205,0.001886
1.614979,1.284702,0.982055,0.668777,0.086538,0.008336,0.009053,0.002274,29.136105,2.470752
1.774119,1.440662,1.155375,0.870249,0.087056,0.008336,0.009053,0.002274,32.639493,0.036213
1.774119,1.439095,1.156947,0.900228,0.087004,0.008336,0.009053,0.002274,32.716693,0.003824
1.558683,1.283735,0.976181,0.679077,0.090420,0.014554,0.007692,0.006168,28.810977,2.832734
1.785024,1.428667,1.155637,0.870496,0.090445,0.014554,0.007692,0.006168,32.597192,0.031185
1.785024,1.426739,1.160161,0.900361,0.090430,0.014554,0.007692,0.006168,32.700370,0.000353
1.589246,1.262958,0.973150,0.659379,0.088571,0.013954,0.005055,0.000725,28.867106,2.730723
1.785311,1.425180,1.141922,0.865209,0.089068,0.013954,0.004996,0.000725,32.633788,0.030545
1.785311,1.425180,1.148840,0.905465,0.089066,0.013954,0.004996,0.000725,32.707021,0.003619
1.592081,1.311717,0.977370,0.666401,0.088751,0.012294,0.002987,0.007404,29.132972,2.535669
1.779879,1.421715,1.149909,0.878311,0.089026,0.012314,0.002987,0.007405,32.630690,0.026099
1.779879,1.421383,1.150352,0.910008,0.089026,0.012314,0.002987,0.007405,32.694480,0.002000
1.531853,1.276052,0.979598,0.673699,0.095262,0.015003,0.001054,0.005427,28.607528,2.900385
1.760022,1.428873,1.155691,0.868230,0.094857,0.014964,0.001054,0.005447,32.633349,0.029297
1.767151,1.432509,1.160881,0.902526,0.094893,0.014964,0.001054,0.005447,32.700878,0.008765
1.603014,1.273193,0.995623,0.672772,0.086744,0.012666,0.012221,0.001521,29.089316,2.395789
1.763576,1.420904,1.151981,0.864359,0.086309,0.012666,0.012221,0.001521,32.626882,0.041969
1.763576,1.424313,1.158160,0.902350,0.086242,0.012666,0.012221,0.001521,32.707178,-0.002300
1.580700,1.282424,0.973287,0.670448,0.092187,0.005917,0.009622,0.006338,28.820180,2.642531
1.785128,1.424705,1.159642,0.875573,0.092403,0.005917,0.009622,0.006338,32.631444,0.036379
1.785128,1.423222,1.163041,0.912601,0.092403,0.005917,0.009622,0.006338,32.714503,0.002837
1.589602,1.284742,0.986635,0.668639,0.087535,0.005532,0.007952,0.007631,29.078550,2.522276
1.758984,1.424742,1.149837,0.874055,0.088046,0.005571,0.007952,0.007631,32.611051,0.041457
1.758984,1.424742,1.157083,0.916399,0.088063,0.005571,0.007952,0.007631,32.693433,0.003608
1.593431,1.270435,0.986887,0.677923,0.088094,0.010657,0.002393,0.004198,28.982733,2.640508
1.763179,1.428289,1.151214,0.868536,0.088091,0.010716,0.002393,0.004198,32.615449,0.019767
1.771022,1.427879,1.153576,0.900044,0.088078,0.010716,0.002393,0.004198,32.686355,0.000509
1.609158,1.269125,0.984531,0.671898,0.086299,0.014103,0.006963,0.003027,29.205451,2.530037
1.749123,1.393070,1.147544,0.875213,0.086234,0.014103,0.007002,0.003027,32.697340,0.033887
1.746798,1.395160,1.149564,0.909342,0.086213,0.014103,0.007002,0.003027,32.775240,0.004676
1.596938,1.287489,0.988652,0.668124,0.091134,0.007799,0.003831,0.009861,29.098946,2.454270
1.756984,1.422599,1.156282,0.860319,0.091218,0.007799,0.003831,0.009881,32.693863,0.034418
1.753505,1.421793,1.157487,0.888277,0.091251,0.007799,0.003831,0.009881,32.777077,0.000160
1.556531,1.273284,0.988371,0.669094,0.090663,0.007622,0.005699,0.002452,28.863983,2.667131
1.785632,1.412867,1.145141,0.851457,0.091368,0.007681,0.005699,0.002452,32.688026,0.039801
1.785632,1.410095,1.146546,0.892636,0.091368,0.007681,0.005699,0.002452,32.777057,0.000080
1.639767,1.264843,0.972467,0.659024,0.087147,0.011056,0.012777,0.006549,29.383654,2.226475
1.755692,1.390765,1.141530,0.851410,0.087286,0.011056,0.012796,0.006549,32.588261,0.053916
1.755692,1.394522,1.143334,0.883676,0.087301,0.011056,0.012796,0.006549,32.687231,0.002310
1.646385,1.267869,0.976659,0.666364,0.094206,0.008969,0.012796,0.009867,29.295014,2.312481
1.781172,1.395988,1.134401,0.846400,0.095057,0.008969,0.012756,0.009867,32.632794,0.049253
1.781172,1.395988,1.136808,0.877735,0.095021,0.008969,0.012756,0.009867,32.738435,0.002020
1.718413,1.346945,1.052126,0.838346,0.511639,0.031994,0.013234,0.004061,32.947076,2.762925
1.760691,1.431021,1.157253,1.002413,0.630103,0.031882,0.013234,0.004061,37.378613,0.088896
1.760691,1.431024,1.158108,1.005136,0.667176,0.031882,0.013234,0.004061,37.597824,0.017557
1.654089,1.341192,1.055447,0.834278,0.508422,0.025919,0.012238,0.007500,32.560077,3.346866
1.756770,1.427281,1.165578,0.996065,0.628147,0.025843,0.012238,0.007480,37.558188,0.120654
1.756770,1.424235,1.164702,1.000211,0.660564,0.025843,0.012238,0.007480,37.825012,0.015680
1.707812,1.346401,1.080958,0.836800,0.509324,0.033120,0.006764,0.009041,33.062559,2.713384
1.759052,1.429922,1.173975,0.994390,0.630672,0.033176,0.006745,0.009041,37.656305,0.120279
1.759052,1.428376,1.174290,1.000586,0.665099,0.033251,0.006745,0.009041,37.939629,0.015639
1.703690,1.334848,1.058391,0.822355,0.500006,0.038970,0.012528,0.001329,32.578489,3.155442
1.778721,1.424239,1.161545,0.992474,0.623780,0.038686,0.012528,0.001329,37.629660,0.137052
1.778721,1.424239,1.160496,0.999427,0.659598,0.038686,0.012528,0.001329,37.896330,0.018678
1.647470,1.322652,1.056556,0.828396,0.507199,0.038324,0.011913,0.003952,32.098356,3.664439
1.782374,1.425078,1.162634,0.994091,0.630903,0.038020,0.011894,0.003952,37.591864,0.112825
1.782374,1.425073,1.162786,0.998784,0.661830,0.038020,0.011894,0.003952,37.815579,0.020895
1.703058,1.341898,1.072531,0.832455,0.512959,0.029322,-0.001865,-0.004431,32.729170,3.054202
1.772030,1.433144,1.166054,0.988368,0.636071,0.029323,-0.001885,-0.004431,37.435207,0.125546
1.772030,1.433144,1.167751,0.996071,0.670165,0.029323,-0.001885,-0.004431,37.698281,0.016847
1.728904,1.333737,1.064144,0.831765,0.517362,0.035046,0.006342,0.001598,32.876718,2.897983
1.776537,1.436692,1.170922,0.988384,0.642899,0.035120,0.006342,0.001658,37.645312,0.126465
1.776537,1.438297,1.172156,0.995691,0.674390,0.035120,0.006342,0.001658,37.901613,0.027722
1.744097,1.345166,1.063549,0.827623,0.513995,0.031904,0.009114,0.011025,32.958599,2.962244
1.785024,1.436469,1.163039,0.986705,0.632525,0.031808,0.009114,0.011044,37.482712,0.115715
1.785024,1.436469,1.162240,0.994738,0.666167,0.031808,0.009114,0.011044,37.709091,0.012458
1.727748,1.347327,1.043348,0.832857,0.506208,0.033898,0.014245,0.002814,32.785647,2.940697
1.781418,1.428275,1.158449,0.983636,0.627582,0.033727,0.014245,0.002834,37.554078,0.139978
1.781418,1.429837,1.159013,0.986631,0.661330,0.033727,0.014245,0.002834,37.859864,0.014578
1.669258,1.335531,1.062591,0.828846,0.500900,0.033397,0.015156,0.001956,32.280821,3.513577
1.779889,1.437584,1.166820,0.983652,0.618030,0.033382,0.015156,0.001956,37.427903,0.130826
1.779889,1.435926,1.169020,0.993331,0.652929,0.033382,0.015156,0.001956,37.725001,0.023035
1.716401,1.321198,1.059249,0.836546,0.500765,0.033700,0.004288,0.004075,32.685850,3.078014
1.775859,1.434915,1.171347,0.998628,0.624311,0.033513,0.004288,0.004075,37.535699,0.135799
1.775859,1.434915,1.170584,1.003134,0.657496,0.033513,0.004288,0.004075,37.794075,0.026404
1.684421,1.337037,1.066533,0.827442,0.503193,0.038227,0.005617,0.008040,32.627176,3.355953
1.767303,1.431324,1.171632,0.993635,0.630245,0.038187,0.005617,0.008040,37.541882,0.113206
1.767303,1.434515,1.170172,1.001108,0.666364,0.038187,0.005617,0.008040,37.780799,0.031479
1.674895,1.346176,1.055022,0.837022,0.502823,0.039181,0.007485,0.006123,32.372442,3.495673
1.789281,1.435689,1.175855,0.985723,0.622704,0.039163,0.007485,0.006063,37.624872,0.095020
1.789281,1.435689,1.180639,0.994446,0.654176,0.039163,0.007485,0.006063,37.850091,0.028623
1.661774,1.363654,1.060524,0.829050,0.499505,0.036142,0.007760,0.007820,32.541185,3.227525
1.766517,1.429741,1.168255,0.985205,0.624904,0.036117,0.007760,0.007820,37.570664,0.137661
1.766517,1.429741,1.168737,0.994825,0.660583,0.036117,0.007760,0.007820,37.838492,0.017465
1.694790,1.338746,1.074528,0.832929,0.499124,0.035387,0.007162,-0.003252,32.656516,3.063928
1.771022,1.440904,1.170399,0.987204,0.609013,0.035133,0.007142,-0.003272,37.534298,0.123920
1.771022,1.442552,1.171318,0.992658,0.640696,0.035154,0.007142,-0.003272,37.776118,0.025151
1.702440,1.313327,1.057869,0.837432,0.512402,0.027094,0.004776,0.005676,32.819906,2.902817
1.754937,1.400705,1.162221,0.991803,0.621156,0.027075,0.004776,0.005676,37.612270,0.113956
1.754937,1.400705,1.161006,1.000475,0.651250,0.027075,0.004776,0.005676,37.853401,0.018107
1.733226,1.323828,1.055732,0.826225,0.507809,0.030401,0.004775,0.011242,32.922923,2.916356
1.774300,1.427721,1.162503,0.976333,0.622622,0.030546,0.004775,0.011242,37.531192,0.110719
1.774300,1.427721,1.164701,0.981485,0.656155,0.030546,0.004775,0.011242,37.768245,0.023520
1.739152,1.325477,1.064783,0.825092,0.509253,0.028662,0.008437,0.000971,32.960950,2.875772
1.785632,1.416601,1.161189,0.977161,0.626945,0.028747,0.008437,0.000971,37.552563,0.123415
1.785632,1.415172,1.160462,0.981717,0.657746,0.028747,0.008437,0.000971,37.808410,0.017153
1.715331,1.321705,1.059669,0.811434,0.500515,0.033185,0.014428,0.002818,32.944295,2.852693
1.755692,1.400199,1.158332,0.966546,0.613892,0.033091,0.014368,0.002818,37.470816,0.129885
1.755692,1.401541,1.159675,0.976216,0.643429,0.033091,0.014368,0.002818,37.739270,0.021600
1.700405,1.338567,1.050456,0.839249,0.497500,0.037641,0.006275,0.008115,32.826806,2.948866
1.781172,1.410123,1.155677,0.972640,0.604173,0.037653,0.006275,0.008115,37.500027,0.114144
1.781172,1.410123,1.158851,0.975860,0.629933,0.037653,0.006275,0.008115,37.734242,0.021072
1.730079,1.415706,1.138935,0.960862,0.735665,0.313580,0.005740,0.006713,37.165876,2.676760
1.764583,1.435752,1.170525,1.040570,0.850238,0.344228,0.005740,0.006713,41.465103,0.107521
1.764583,1.435752,1.170525,1.040593,0.861294,0.351078,0.005740,0.006713,41.652234,0.016609
1.742262,1.387283,1.133796,0.948547,0.726954,0.297278,0.008161,0.010757,36.915119,2.822418
1.756770,1.430434,1.175869,1.026987,0.843754,0.331416,0.008102,0.010757,41.261087,0.087403
1.756770,1.430434,1.175869,1.028606,0.847001,0.337421,0.008102,0.010757,41.401950,0.018308
1.762868,1.414828,1.136726,0.956828,0.725618,0.310429,0.012051,0.008178,37.590294,2.293539
1.762868,1.436317,1.180838,1.038606,0.850984,0.343068,0.012070,0.008178,41.492423,0.112668
1.762868,1.436317,1.180361,1.040430,0.855454,0.348918,0.012070,0.008178,41.662984,0.007969
1.763924,1.419502,1.122396,0.959817,0.725210,0.309174,0.019267,0.012467,37.502580,2.272028
1.778721,1.423826,1.172039,1.030121,0.842710,0.340583,0.019246,0.012467,41.544487,0.079933
1.778721,1.423826,1.171581,1.030949,0.847866,0.347495,0.019246,0.012467,41.712102,0.016683
1.760051,1.386420,1.139748,0.965877,0.725557,0.303103,0.012018,0.009736,37.035644,2.869742
1.778561,1.428888,1.173274,1.028858,0.844939,0.335690,0.012057,0.009756,41.417116,0.099257
1.778561,1.428888,1.175118,1.030845,0.853231,0.342918,0.012057,0.009756,41.574830,0.022783
1.746146,1.408786,1.124816,0.969435,0.724096,0.301990,0.018072,-0.000486,36.943141,2.832900
1.772030,1.439971,1.181007,1.042685,0.847036,0.337081,0.018003,-0.000486,41.440415,0.097055
1.772030,1.439971,1.180961,1.041650,0.853737,0.343993,0.018003,-0.000486,41.596594,0.014335
1.732824,1.407119,1.146165,0.955970,0.726403,0.298859,0.016098,0.010517,36.443836,3.092999
1.778014,1.444502,1.179384,1.026270,0.853885,0.334260,0.016098,0.010517,41.452456,0.107355
1.778014,1.446175,1.178897,1.027408,0.863726,0.341664,0.016098,0.010517,41.629202,0.015597
1.734165,1.405694,1.143213,0.949833,0.730273,0.310483,0.006606,0.008640,36.524149,3.238223
1.785024,1.439636,1.174114,1.031017,0.844162,0.342758,0.006606,0.008661,41.432821,0.099302
1.785024,1.439636,1.174117,1.032142,0.846663,0.349967,0.006606,0.008661,41.629739,0.020221
1.762656,1.411537,1.129277,0.941841,0.729538,0.307510,0.005041,-0.000718,37.019989,2.654214
1.785311,1.438272,1.168948,1.024747,0.845483,0.338845,0.005041,-0.000718,41.298212,0.086711
1.785311,1.438272,1.168948,1.025766,0.851799,0.346999,0.005041,-0.000718,41.461505,0.020489
1.741183,1.407879,1.137213,0.943367,0.731253,0.306039,0.007260,0.005261,36.686383,3.366302
1.779889,1.437217,1.179243,1.029289,0.848677,0.338619,0.007240,0.005261,41.514272,0.090685
1.779889,1.437217,1.179243,1.029880,0.856328,0.345039,0.007240,0.005261,41.678257,0.017722
1.732600,1.409198,1.140946,0.961583,0.728890,0.297045,0.011933,0.004417,36.518093,3.255234
1.778364,1.440174,1.180491,1.032418,0.846497,0.334309,0.011913,0.004457,41.304951,0.123308
1.778364,1.440174,1.181284,1.030902,0.854824,0.340370,0.011913,0.004457,41.514944,0.022470
1.741550,1.411270,1.147695,0.955279,0.733124,0.306591,0.009752,-0.003229,37.165468,2.744136
1.769641,1.436130,1.185019,1.031521,0.838482,0.338373,0.009772,-0.003229,41.417755,0.088932
1.769641,1.436130,1.185019,1.032361,0.844281,0.345841,0.009772,-0.003229,41.573410,0.018439
1.719046,1.417717,1.154974,0.965661,0.723658,0.301488,0.006586,0.006687,36.510519,3.436255
1.789281,1.438892,1.188547,1.034258,0.842198,0.333973,0.006586,0.006687,41.441498,0.087926
1.789281,1.438892,1.188547,1.033593,0.849618,0.341214,0.006586,0.006687,41.605719,0.021565
1.744090,1.409223,1.144075,0.957057,0.730608,0.303286,0.005407,0.002921,37.335209,2.392256
1.766517,1.431281,1.183397,1.024053,0.848543,0.332592,0.005387,0.002961,41.300532,0.104959
1.766517,1.431281,1.184088,1.025808,0.856669,0.337186,0.005387,0.002961,41.477843,0.015806
1.723254,1.411318,1.146628,0.944651,0.732979,0.306344,0.013709,0.008463,36.542839,3.305304
1.771022,1.443841,1.181007,1.020596,0.845029,0.339401,0.013710,0.008444,41.509149,0.095265
1.771022,1.443841,1.181007,1.021968,0.849762,0.346903,0.013710,0.008444,41.684924,0.015409
1.689415,1.390573,1.129294,0.958279,0.737599,0.296791,0.015945,0.005981,36.293661,3.243778
1.752528,1.402440,1.169592,1.038125,0.853271,0.328311,0.015906,0.005981,41.422460,0.091307
1.752528,1.402440,1.169592,1.040235,0.856583,0.335049,0.015906,0.005981,41.598155,0.016403
1.751303,1.407445,1.139853,0.950601,0.722181,0.299701,0.002403,-0.003645,37.288051,2.421741
1.774300,1.427719,1.179552,1.021314,0.842875,0.328770,0.002403,-0.003685,41.365527,0.080573
1.774300,1.427719,1.179552,1.022192,0.847586,0.333383,0.002403,-0.003685,41.485618,0.014866
1.757104,1.379688,1.134554,0.942796,0.711322,0.300013,0.006427,0.000715,36.676426,2.868114
1.785632,1.416659,1.168340,1.019362,0.830325,0.332099,0.006387,0.000715,41.463147,0.096665
1.785632,1.416659,1.168004,1.019395,0.835745,0.338105,0.006387,0.000715,41.596727,0.014335
1.735382,1.390387,1.138282,0.955340,0.722941,0.305202,0.008554,0.002821,37.514946,2.427048
1.755692,1.408493,1.167599,1.018438,0.819571,0.336995,0.008574,0.002821,41.482827,0.071666
1.755692,1.408493,1.167599,1.018236,0.826307,0.341968,0.008574,0.002821,41.633921,0.010686
1.763812,1.388753,1.133985,0.939355,0.713406,0.294486,0.011482,0.006621,37.435448,2.380597
1.781172,1.410543,1.165239,1.004560,0.819329,0.322816,0.011482,0.006621,41.278641,0.099038
1.781172,1.410543,1.164934,1.005303,0.823817,0.328103,0.011482,0.006621,41.434214,0.017193
1.764583,1.427120,1.168464,1.031701,0.867554,0.633409,0.132942,0.001436,42.847355,1.755497
1.764583,1.435752,1.175826,1.049088,0.909025,0.710527,0.135076,0.001436,45.861261,0.003863
1.764583,1.435752,1.175826,1.048853,0.909056,0.713578,0.135475,0.001436,45.895948,-0.001229
1.728131,1.418558,1.173229,1.013501,0.846777,0.635346,0.142392,-0.004273,40.431074,3.413472
1.756770,1.432431,1.179609,1.041106,0.894493,0.703965,0.144047,-0.004273,45.930398,0.010440
1.756770,1.432431,1.179609,1.042782,0.893962,0.703915,0.144476,-0.004273,45.955871,0.000104
1.751653,1.425953,1.182305,1.032244,0.852065,0.627139,0.141317,0.003169,42.038854,2.236216
1.762868,1.437926,1.185680,1.054915,0.899488,0.693604,0.143521,0.003169,45.952030,0.023618
1.762868,1.437926,1.185680,1.055018,0.900069,0.699030,0.143869,0.003169,46.004117,0.001681
1.778721,1.420697,1.162827,1.030045,0.846639,0.628115,0.132708,0.002147,42.505099,1.959416
1.778721,1.425346,1.178953,1.048678,0.897864,0.699290,0.133182,0.002147,45.860118,0.036829
1.778721,1.425346,1.178953,1.048678,0.897794,0.701270,0.133334,0.002147,45.921296,0.000824
1.772200,1.418328,1.163129,1.023963,0.852049,0.629712,0.137911,0.004276,41.479381,2.712100
1.778561,1.430472,1.176993,1.049396,0.900885,0.698390,0.141209,0.004276,45.976926,0.012855
1.778561,1.430472,1.176993,1.049653,0.901045,0.704457,0.141675,0.004276,46.008451,-0.001576
1.772030,1.413284,1.164130,1.028146,0.856073,0.630743,0.130830,0.007774,41.707707,2.669420
1.772030,1.439971,1.182299,1.053937,0.898416,0.696552,0.131777,0.007774,45.821484,0.016443
1.772030,1.439971,1.182299,1.053927,0.898735,0.701258,0.131969,0.007774,45.843186,0.001721
1.760577,1.431275,1.173296,1.015696,0.849340,0.630618,0.134918,0.014217,41.078437,3.127942
1.780431,1.446165,1.182455,1.043011,0.903241,0.700020,0.136396,0.014217,45.830353,0.019922
1.780431,1.446165,1.182455,1.043252,0.904037,0.703391,0.136388,0.014217,45.866014,0.000102
1.760064,1.410833,1.167582,1.033541,0.852349,0.634975,0.137883,0.004711,40.534378,3.983038
1.785024,1.442862,1.179079,1.049456,0.905238,0.702409,0.141300,0.004711,45.862430,0.009361
1.785024,1.442862,1.179079,1.049456,0.906374,0.706066,0.141233,0.004711,45.888324,0.004399
1.785311,1.423500,1.160468,1.017244,0.854992,0.632330,0.139862,0.003866,42.183475,2.024484
1.785311,1.438160,1.172491,1.039013,0.907682,0.700114,0.140413,0.003866,45.753600,0.011812
1.785311,1.438160,1.172491,1.039528,0.907734,0.703114,0.140655,0.003866,45.789433,0.001799
1.779889,1.423327,1.172222,1.020781,0.857662,0.622296,0.134845,0.000169,42.348947,2.225120
1.779889,1.440553,1.182168,1.043874,0.906139,0.692610,0.137235,0.000169,45.774167,0.008873
1.779889,1.440553,1.182168,1.044124,0.906784,0.696663,0.137395,0.000169,45.819319,0.004430
1.764383,1.432468,1.179203,1.018836,0.854192,0.627961,0.139628,0.005594,41.705852,2.734017
1.778364,1.440240,1.184656,1.045681,0.908626,0.698086,0.142114,0.005535,45.952782,0.014189
1.778364,1.440240,1.184656,1.045658,0.908186,0.701105,0.142084,0.005535,45.985544,-0.001046
1.769641,1.420216,1.173107,1.022063,0.865780,0.621680,0.137704,0.000822,42.454257,2.123494
1.769641,1.436130,1.185270,1.043936,0.910964,0.690664,0.138795,0.000822,45.964369,0.014801
1.769641,1.436130,1.185270,1.044180,0.911585,0.696545,0.138880,0.000822,46.012395,0.000210
1.789281,1.427600,1.182799,1.020327,0.843153,0.628953,0.132818,0.007387,42.305175,2.020240
1.789281,1.439357,1.189375,1.045020,0.893817,0.694035,0.134800,0.007407,45.974709,0.015255
1.789281,1.439357,1.189375,1.045020,0.895071,0.697805,0.135379,0.007407,46.019055,0.001581
1.758958,1.413302,1.175271,1.012445,0.856937,0.623288,0.128766,0.006890,41.672715,2.892427
1.766517,1.431281,1.187497,1.041230,0.904086,0.686172,0.130580,0.006890,45.932773,-0.005059
1.766517,1.431281,1.187497,1.040951,0.904064,0.691385,0.130247,0.006890,45.943841,-0.002381
1.771022,1.431199,1.170669,1.022048,0.850667,0.637061,0.130799,0.001091,42.421699,2.019251
1.771022,1.443857,1.183054,1.040188,0.898503,0.698965,0.133724,0.001091,45.882933,0.055396
1.771022,1.443857,1.183339,1.040188,0.899222,0.702115,0.133472,0.001091,45.987636,-0.002092
1.754937,1.390681,1.160198,1.026302,0.856312,0.638498,0.139353,0.001811,42.168687,2.366083
1.754937,1.402440,1.174010,1.049011,0.903583,0.705510,0.139242,0.001811,45.947234,0.004459
1.754937,1.402440,1.174010,1.048462,0.903640,0.708275,0.139371,0.001811,45.966867,0.000833
1.754782,1.424816,1.175762,1.015884,0.833550,0.611248,0.136572,0.008371,41.646281,2.908807
1.774300,1.428538,1.180445,1.035315,0.885805,0.681858,0.136928,0.008391,45.874873,0.005814
1.774300,1.428538,1.180445,1.035095,0.886393,0.685710,0.137000,0.008391,45.891725,0.000512
1.774351,1.406443,1.162172,1.017223,0.842892,0.621230,0.131550,0.008534,41.781149,2.672127
1.785632,1.418530,1.173185,1.032725,0.890314,0.691119,0.132703,0.008534,45.803197,0.022316
1.785632,1.418530,1.173185,1.032478,0.891022,0.694497,0.132848,0.008534,45.840859,-0.001213
1.740822,1.394789,1.158280,1.009916,0.830337,0.617145,0.131589,0.002730,41.088948,3.375143
1.755692,1.411277,1.171330,1.025863,0.877031,0.683235,0.132924,0.002730,45.624180,0.007993
1.755692,1.411277,1.171330,1.026099,0.878427,0.687381,0.132933,0.002730,45.643853,0.005803
1.773791,1.385151,1.160935,0.997849,0.842057,0.618565,0.127942,0.004990,41.071096,2.995428
1.781172,1.410965,1.170866,1.021189,0.884793,0.680060,0.128724,0.005010,45.696753,-0.003814
1.781172,1.410965,1.170866,1.021188,0.885301,0.683281,0.129013,0.005010,45.723249,-0.000689
1.764583,1.432537,1.165713,1.046906,0.907213,0.737178,0.492382,0.076277,47.246492,2.357690
1.764583,1.435752,1.175847,1.054771,0.923769,0.768426,0.524528,0.075759,51.885470,-0.006098
1.764583,1.435752,1.175847,1.054771,0.923589,0.768757,0.525895,0.075644,51.885266,-0.000610
1.756770,1.430036,1.178053,1.044588,0.899565,0.734628,0.491172,0.077582,48.291209,2.364417
1.756770,1.432425,1.180603,1.048216,0.915090,0.757362,0.520507,0.078213,52.063270,0.011564
1.756770,1.432425,1.180603,1.048216,0.915086,0.757940,0.523385,0.078094,52.077171,0.000531
1.762868,1.424702,1.177086,1.052826,0.905640,0.737111,0.488781,0.077647,46.265456,2.934870
1.762868,1.437926,1.185680,1.057502,0.914827,0.760296,0.513817,0.078282,52.202688,0.008213
1.762868,1.437926,1.185680,1.057502,0.915219,0.759347,0.515041,0.078222,52.211120,0.002741
1.767511,1.424940,1.174681,1.042918,0.898330,0.730760,0.480683,0.074358,46.435095,4.242731
1.778721,1.427285,1.179268,1.050627,0.911533,0.757966,0.509315,0.074375,52.190779,-0.021115
1.778721,1.427285,1.179268,1.050627,0.911160,0.758787,0.510613,0.074503,52.152759,-0.001730
1.782374,1.429721,1.174253,1.044263,0.902010,0.729414,0.486004,0.075799,48.446789,2.251648
1.782374,1.430533,1.177470,1.052780,0.916043,0.753704,0.511788,0.076270,52.268610,0.014799
1.782374,1.430533,1.177470,1.052780,0.916046,0.754098,0.512691,0.076311,52.311250,0.004152
1.772030,1.439971,1.180007,1.047224,0.904566,0.725630,0.485310,0.084087,48.269836,1.617191
1.772030,1.439971,1.182933,1.055486,0.917525,0.753587,0.512873,0.084192,52.131182,0.013149
1.772030,1.439971,1.182933,1.055410,0.917352,0.754061,0.513175,0.084211,52.209586,0.000658
1.780431,1.442789,1.177785,1.036923,0.908024,0.735768,0.487136,0.080564,47.944724,2.650717
1.780431,1.446175,1.182939,1.045591,0.918365,0.761289,0.510241,0.081243,52.231116,0.009812
1.780431,1.446175,1.182939,1.045591,0.918164,0.760996,0.511308,0.081182,52.254968,0.000332
1.785024,1.442862,1.173263,1.046610,0.904662,0.725886,0.482463,0.077559,48.200895,2.076424
1.785024,1.442862,1.178653,1.053300,0.924557,0.755980,0.513184,0.077644,52.229575,0.013893
1.785024,1.442862,1.178653,1.053300,0.924557,0.756122,0.514176,0.077647,52.260841,-0.000443
1.785311,1.434605,1.168230,1.038327,0.909028,0.726862,0.481951,0.076284,47.897657,2.019969
1.785311,1.438678,1.173722,1.041492,0.919034,0.753567,0.507295,0.076867,52.139476,0.003020
1.785311,1.438678,1.173722,1.041794,0.919635,0.753739,0.508369,0.076934,52.141202,-0.001186
1.779889,1.435579,1.182060,1.038452,0.905909,0.725661,0.475853,0.081870,48.200068,2.244333
1.779889,1.440553,1.183245,1.045785,0.921902,0.751306,0.506483,0.081408,52.392891,0.015114
1.779889,1.440553,1.183245,1.045785,0.921902,0.751732,0.507902,0.081563,52.433197,0.001038
1.778364,1.435319,1.177002,1.042816,0.906667,0.723946,0.482088,0.079144,47.634461,2.817026
1.778364,1.440240,1.185673,1.049262,0.921907,0.752279,0.506345,0.079968,52.309904,0.027336
1.778364,1.440240,1.185673,1.049262,0.922105,0.752507,0.507651,0.079980,52.367930,0.003638
1.769641,1.432912,1.184444,1.039012,0.908538,0.726499,0.477918,0.082794,48.251078,2.288579
1.769641,1.436130,1.186413,1.045883,0.921801,0.753576,0.505313,0.083748,52.219788,0.007915
1.769641,1.436130,1.186413,1.045883,0.921389,0.753325,0.505577,0.083716,52.240708,-0.000883
1.789281,1.439357,1.190281,1.040653,0.899665,0.726557,0.474861,0.082642,48.924519,1.550056
1.789281,1.439357,1.193515,1.049249,0.908524,0.747083,0.501668,0.082143,52.133335,0.008622
1.789281,1.439357,1.193515,1.049249,0.908719,0.746968,0.503526,0.082194,52.137105,0.000539
1.766517,1.429286,1.180558,1.036513,0.901161,0.717475,0.472966,0.085390,47.773071,2.341260
1.766517,1.431281,1.186153,1.042535,0.917862,0.744004,0.501584,0.085548,52.238501,0.006182
1.766517,1.431281,1.186153,1.042535,0.917462,0.744874,0.505095,0.085664,52.265168,-0.006100
1.771022,1.441797,1.180833,1.035952,0.900420,0.719804,0.470609,0.082009,48.357682,1.812265
1.771022,1.443857,1.183857,1.042657,0.912362,0.749050,0.495949,0.082882,52.290882,0.010172
1.771022,1.443857,1.183857,1.042958,0.912748,0.750208,0.497709,0.082802,52.297027,0.001566
1.749119,1.399419,1.168722,1.044254,0.896749,0.727920,0.492936,0.084677,46.006980,2.983560
1.754937,1.402440,1.175136,1.052669,0.915216,0.755611,0.522242,0.085725,52.109818,0.018996
1.754937,1.402440,1.175136,1.052669,0.915206,0.755637,0.525093,0.085835,52.155680,0.002598
1.774300,1.426150,1.178961,1.031305,0.892689,0.716780,0.473077,0.067984,48.241179,1.749722
1.774300,1.428538,1.182316,1.037598,0.903073,0.739243,0.499921,0.067702,52.188706,0.006985
1.774300,1.428538,1.182316,1.037598,0.902881,0.739189,0.501629,0.067604,52.192961,-0.002510
1.785632,1.418959,1.171859,1.031132,0.895549,0.719570,0.470143,0.068931,48.655023,1.518832
1.785632,1.418959,1.174702,1.037368,0.908554,0.746951,0.496647,0.069613,51.602317,0.000095
1.785632,1.418959,1.174702,1.037368,0.908751,0.747582,0.496655,0.069766,51.604032,0.001525
1.755692,1.409906,1.169198,1.019340,0.875452,0.720939,0.463800,0.074521,48.645656,1.815564
1.755692,1.409906,1.172133,1.028394,0.890279,0.743419,0.486484,0.074535,52.261285,0.017111
1.755692,1.409906,1.172133,1.028394,0.890279,0.743596,0.486276,0.074437,52.279620,0.002339
1.781172,1.412359,1.168292,1.021169,0.880496,0.713714,0.466068,0.076971,49.164307,1.394415
1.781172,1.412359,1.171991,1.023458,0.893736,0.733436,0.489182,0.076943,52.128277,0.009906
1.781172,1.412359,1.171991,1.023458,0.893553,0.734481,0.491473,0.076886,52.143683,-0.000540

0.632124,0.614685,0.577974,0.563243,0.522048,0.480927,0.385103,0.263247,15.624568,4.796762
0.983499,0.886336,0.809904,0.743865,0.646993,0.560528,0.425950,0.275715,26.112241,3.603148
1.260876,1.032911,0.903458,0.801172,0.684571,0.574608,0.432370,0.276718,33.151599,0.689187
0.634457,0.608041,0.582439,0.560809,0.530377,0.472769,0.386465,0.269802,15.614075,4.790063
0.969371,0.875475,0.815465,0.722392,0.644481,0.548149,0.420205,0.286326,26.221922,3.317161
1.269903,1.037553,0.909852,0.778672,0.675913,0.564278,0.423420,0.286646,32.502191,0.871145
0.634558,0.610381,0.590889,0.554831,0.523634,0.470921,0.376767,0.278152,15.603162,4.872895
0.983732,0.882170,0.813873,0.717248,0.651786,0.546768,0.410259,0.291546,26.023126,3.093006
1.267025,1.043227,0.909452,0.773896,0.686005,0.561553,0.413966,0.293042,32.527853,1.138263
0.629241,0.622652,0.586785,0.554541,0.523601,0.474039,0.378357,0.276364,15.625356,4.832302
0.976784,0.905445,0.811467,0.712905,0.647295,0.554131,0.416094,0.288378,26.207722,3.347766
1.257004,1.058577,0.901844,0.778333,0.680502,0.573263,0.421592,0.288437,33.254883,0.877491
0.634735,0.609890,0.585492,0.560734,0.526210,0.462046,0.373301,0.272488,15.615510,4.820312
0.982788,0.887672,0.809319,0.732111,0.653309,0.539223,0.411197,0.286017,26.093675,3.191301
1.253245,1.044838,0.899163,0.795626,0.687199,0.552426,0.416289,0.287473,33.444662,0.783079
0.644461,0.613988,0.586392,0.568994,0.529319,0.472744,0.379384,0.276224,15.736741,4.935566
1.009388,0.886081,0.816474,0.744497,0.654052,0.552569,0.414354,0.287271,26.428434,3.289179
1.283022,1.038615,0.909907,0.801446,0.683510,0.569035,0.418104,0.288100,32.555978,0.947314
0.641599,0.621244,0.591691,0.564407,0.520372,0.475000,0.374541,0.270527,15.721836,4.899721
1.004544,0.914965,0.815135,0.740066,0.637249,0.554255,0.404690,0.281092,26.464204,3.499865
1.285700,1.064507,0.921222,0.798234,0.671680,0.570147,0.408972,0.281990,33.438329,0.630937
0.643475,0.609914,0.588365,0.559381,0.530663,0.474978,0.380772,0.276107,15.672200,4.828588
0.983086,0.892877,0.803091,0.729874,0.655397,0.546795,0.409275,0.291715,26.186135,3.479400
1.256887,1.052917,0.898988,0.791416,0.688408,0.560857,0.412320,0.291349,32.801698,1.200782
0.642104,0.611052,0.582608,0.567749,0.518803,0.477076,0.378469,0.272912,15.709490,4.827480
0.996325,0.898872,0.792848,0.729745,0.648376,0.558083,0.412960,0.288994,26.525493,3.507597
1.280894,1.074261,0.888084,0.779891,0.683131,0.573431,0.415379,0.290342,33.222238,0.927482
0.639151,0.611966,0.584496,0.562206,0.518048,0.470672,0.367662,0.276000,15.669408,4.804710
0.987375,0.894868,0.803353,0.729687,0.644909,0.546355,0.402497,0.292378,26.097545,3.390112
1.256543,1.040430,0.895367,0.783163,0.678117,0.562450,0.406027,0.293690,33.062991,1.151932
0.630554,0.614357,0.586140,0.558444,0.521613,0.469779,0.371590,0.277894,15.614811,4.719933
0.977515,0.885773,0.806078,0.723566,0.647209,0.551439,0.402476,0.291577,26.126246,3.062248
1.267400,1.036589,0.903053,0.783598,0.683942,0.570330,0.406168,0.292211,32.657862,1.269163
0.637218,0.620165,0.587498,0.563188,0.519741,0.465840,0.371384,0.277849,15.690425,4.760822
0.976257,0.902034,0.800730,0.732855,0.645471,0.545403,0.409520,0.292539,26.209370,3.410133
1.257908,1.043380,0.900442,0.788280,0.680113,0.561533,0.415254,0.292802,33.279641,1.016394
0.641343,0.621533,0.589869,0.549609,0.523802,0.471975,0.361571,0.279305,15.738942,5.032948
1.000713,0.915340,0.824648,0.724676,0.645351,0.548645,0.393883,0.293406,26.703149,3.417406
1.285646,1.073411,0.916140,0.784939,0.679802,0.560899,0.397608,0.294199,33.013494,1.043653
0.632345,0.609285,0.581572,0.565151,0.530598,0.471384,0.371531,0.278248,15.641217,4.830505
0.982629,0.877429,0.820719,0.740498,0.657296,0.548768,0.406417,0.293943,26.102426,3.295025
1.254708,1.054399,0.917817,0.803297,0.689582,0.563415,0.409972,0.295507,33.001159,1.145093
0.626973,0.610207,0.581107,0.564850,0.523175,0.472232,0.365338,0.277830,15.585714,4.898451
0.964033,0.891989,0.800182,0.740818,0.645557,0.547966,0.393959,0.292256,25.947516,3.313762
1.248260,1.053508,0.892471,0.800296,0.679378,0.561353,0.397973,0.292342,32.907048,1.064949
0.634965,0.610170,0.587145,0.560524,0.532824,0.472555,0.378891,0.260689,15.601963,4.858678
0.971817,0.894832,0.801366,0.727259,0.649064,0.546308,0.418304,0.271192,26.220066,3.272384
1.234303,1.056321,0.901618,0.795069,0.686067,0.561347,0.423072,0.270207,32.269306,1.050754
0.635270,0.610099,0.601801,0.554088,0.518904,0.468047,0.367464,0.251445,15.606482,4.773936
0.996367,0.891216,0.814911,0.721044,0.642045,0.538734,0.399407,0.261055,25.984847,3.176776
1.245163,1.048974,0.898492,0.777512,0.678352,0.550271,0.404065,0.261138,32.860438,1.018865
0.635489,0.615536,0.588218,0.563308,0.526772,0.462153,0.367188,0.250197,15.638401,4.756525
0.973906,0.893653,0.811262,0.732473,0.648358,0.536494,0.397516,0.261463,26.002204,3.651300
1.249958,1.047371,0.905635,0.784574,0.679335,0.546815,0.400951,0.261178,32.974938,0.964359
0.636017,0.606286,0.586302,0.554207,0.514194,0.465278,0.365045,0.252994,15.623227,4.742495
0.997498,0.885330,0.791596,0.712729,0.628535,0.543910,0.395656,0.265025,26.130265,3.349810
1.274940,1.042416,0.881772,0.763527,0.656209,0.555901,0.398942,0.265091,32.951757,0.794154
0.632802,0.611742,0.578983,0.552311,0.519716,0.463446,0.359538,0.258859,15.617223,4.766579
0.986877,0.893507,0.792666,0.709181,0.644476,0.532175,0.392340,0.268709,26.231495,3.560119
1.286319,1.061251,0.882356,0.762217,0.674284,0.544457,0.395768,0.269469,33.170606,0.995255
0.800730,0.763209,0.726775,0.693705,0.643990,0.586376,0.463264,0.322971,18.463296,6.358629
1.302037,1.142225,1.004643,0.890274,0.779788,0.672280,0.507318,0.333904,33.335201,3.033522
1.517614,1.247386,1.044872,0.920483,0.803236,0.680476,0.510358,0.334175,40.098391,0.068564
0.789572,0.762085,0.731391,0.696507,0.645516,0.584433,0.467782,0.329304,18.352610,6.225089
1.315640,1.150173,0.994698,0.890066,0.780821,0.664348,0.495711,0.342785,33.895113,2.651154
1.552777,1.256795,1.048669,0.918077,0.797591,0.670151,0.497849,0.342639,38.972339,0.190452
0.794849,0.769236,0.736857,0.701229,0.651971,0.578071,0.461553,0.331918,18.405726,6.536166
1.329766,1.136717,0.993340,0.900327,0.792798,0.660849,0.496311,0.343418,33.905809,3.079269
1.562840,1.238581,1.044509,0.918065,0.806394,0.670634,0.498202,0.343954,39.685721,0.043433
0.802202,0.769224,0.722991,0.693420,0.637829,0.579956,0.455990,0.330837,18.520558,6.485798
1.335378,1.149088,0.984022,0.889396,0.780596,0.659333,0.488543,0.343767,34.420074,2.189835
1.531022,1.254404,1.035643,0.920641,0.793309,0.668629,0.490616,0.344579,39.597295,0.258106
0.806328,0.765663,0.724950,0.697146,0.647578,0.576822,0.461684,0.330636,18.542982,6.622070
1.384264,1.138506,0.999443,0.904394,0.784344,0.663482,0.491091,0.346167,34.456082,2.278470
1.595649,1.243328,1.052913,0.934377,0.802350,0.673539,0.492302,0.346952,40.008966,-0.084152
0.805928,0.773419,0.740337,0.690275,0.645466,0.566687,0.457253,0.329085,18.515361,6.519024
1.320777,1.143801,1.010297,0.897846,0.782371,0.646205,0.492439,0.339479,33.469101,2.781578
1.525479,1.249259,1.050994,0.929128,0.805532,0.652142,0.494808,0.339325,39.392277,0.323540
0.798693,0.781500,0.742546,0.683025,0.644816,0.582423,0.454898,0.330590,18.532701,6.558012
1.340191,1.141448,1.007683,0.869357,0.785580,0.666422,0.485982,0.342444,33.476651,2.621502
1.554697,1.239931,1.059746,0.900555,0.802691,0.675492,0.486380,0.343261,38.880802,0.606309
0.809259,0.771394,0.729640,0.697647,0.656996,0.582580,0.457422,0.334783,18.617191,6.514671
1.360786,1.125139,1.007989,0.906222,0.790364,0.662385,0.487583,0.349573,34.198565,2.484968
1.584708,1.228050,1.060696,0.927597,0.805014,0.669774,0.487512,0.350382,39.297295,0.274070
0.807850,0.767941,0.733345,0.693192,0.639412,0.575786,0.447498,0.337502,18.550135,6.512728
1.364544,1.157709,0.994491,0.881032,0.786217,0.653350,0.477659,0.349634,34.451991,2.834296
1.588384,1.276695,1.045438,0.907905,0.801179,0.660989,0.480954,0.349934,40.398629,-0.171344
0.789277,0.771292,0.726416,0.683159,0.655729,0.576215,0.446749,0.332911,18.318683,6.473698
1.321977,1.152932,0.984816,0.889565,0.792467,0.653746,0.478514,0.342382,33.261109,2.518632
1.548906,1.259457,1.054989,0.919996,0.810375,0.657708,0.480495,0.342964,38.965818,0.221852
0.799180,0.767141,0.725251,0.692077,0.643154,0.579210,0.451989,0.336618,18.433440,6.503164
1.340240,1.147694,0.995682,0.889409,0.785842,0.655545,0.484003,0.347898,33.731441,2.810393
1.559768,1.251193,1.044825,0.919119,0.807657,0.665604,0.485814,0.348154,39.505839,0.077182
0.793984,0.784742,0.730329,0.701816,0.649309,0.573673,0.442040,0.334873,18.454151,6.459608
1.317137,1.181433,1.009197,0.898985,0.781082,0.660188,0.475234,0.347862,33.531173,2.669045
1.542132,1.268173,1.060135,0.927600,0.798804,0.665896,0.478750,0.348368,39.694536,-0.142242
0.792801,0.768073,0.735444,0.681677,0.650413,0.576013,0.444968,0.333381,18.376224,6.409131
1.306055,1.155153,1.014050,0.879377,0.778376,0.649130,0.476224,0.343995,33.204863,2.919351
1.555293,1.269478,1.067466,0.912211,0.798784,0.656338,0.479512,0.344740,39.328159,0.346086
0.804222,0.771899,0.733003,0.696651,0.651085,0.568057,0.441700,0.335201,18.552765,6.501199
1.326388,1.162255,1.009163,0.898189,0.795914,0.647721,0.476453,0.347227,33.937034,2.106153
1.545624,1.253706,1.054002,0.927302,0.814414,0.655974,0.478277,0.346530,38.267037,0.785361
0.794687,0.775950,0.734170,0.695830,0.648287,0.572969,0.442596,0.334968,18.393402,6.269965
1.301494,1.147459,0.991471,0.895725,0.783635,0.655804,0.473959,0.347195,32.815854,2.364257
1.521483,1.241384,1.048609,0.924134,0.795967,0.663124,0.475015,0.347031,37.849858,0.488724
0.795940,0.777808,0.734892,0.690027,0.645205,0.580640,0.459214,0.313013,18.477402,6.615758
1.299544,1.156432,1.009618,0.898202,0.779691,0.661185,0.497392,0.320191,33.415364,2.513700
1.499330,1.255685,1.053562,0.926219,0.798785,0.669034,0.499555,0.321509,39.080077,-0.045081
0.806902,0.759558,0.728832,0.690096,0.646653,0.563766,0.444809,0.309093,18.546436,6.404124
1.334326,1.138340,0.987356,0.884795,0.768144,0.642784,0.477031,0.317644,33.525085,2.225760
1.546184,1.244116,1.040908,0.913825,0.785566,0.647744,0.478489,0.318006,38.435143,0.029512
0.788400,0.773555,0.731837,0.691083,0.632061,0.572560,0.432798,0.305075,18.363370,6.537826
1.350668,1.164411,0.996494,0.878038,0.765249,0.647869,0.460962,0.312763,34.060759,2.269704
1.584500,1.258018,1.040585,0.907567,0.790148,0.653845,0.462883,0.313422,39.055185,0.170617
0.801503,0.770886,0.719619,0.686140,0.638309,0.571403,0.431871,0.303729,18.558726,6.195156
1.316558,1.152889,0.992105,0.874404,0.767931,0.647943,0.463713,0.312903,33.778433,2.861488
1.522290,1.235565,1.047256,0.899977,0.779884,0.656631,0.465898,0.313236,38.982094,0.314030
0.805248,0.764332,0.734314,0.690321,0.637125,0.566453,0.437609,0.303875,18.537584,6.378661
1.324420,1.115269,0.997314,0.877620,0.763965,0.642852,0.459632,0.312659,33.758936,2.414163
1.577011,1.233153,1.042806,0.907650,0.781135,0.649980,0.461574,0.313063,38.677421,0.210714
1.030235,0.964436,0.898541,0.844802,0.777605,0.684040,0.532959,0.363019,22.610995,7.772127
1.638140,1.342721,1.111517,0.999437,0.880515,0.741749,0.553564,0.368017,41.693662,1.554028
1.693503,1.361831,1.122295,1.007451,0.883177,0.745410,0.554259,0.368157,43.990284,0.020639
1.017660,0.959553,0.911134,0.850933,0.771656,0.674346,0.523230,0.370103,22.438248,7.561389
1.573406,1.332087,1.120689,0.988313,0.872844,0.728919,0.545521,0.375044,43.497209,0.529754
1.661317,1.346310,1.129520,0.995344,0.875220,0.729751,0.546423,0.374757,44.872624,-0.082882
0.997726,0.956392,0.899229,0.850382,0.781564,0.679547,0.520051,0.375964,22.159485,7.833556
1.593771,1.326979,1.114449,0.999653,0.877237,0.736369,0.538202,0.381056,42.365964,1.673321
1.669570,1.366351,1.129775,1.002053,0.877981,0.737525,0.538639,0.381336,45.373028,0.101034
1.028632,0.964336,0.921716,0.845318,0.776459,0.685014,0.520655,0.371614,22.712981,8.167334
1.634374,1.318868,1.126042,1.000261,0.864991,0.730245,0.541536,0.379744,40.957208,1.785126
1.699196,1.342927,1.133441,1.007319,0.869270,0.732283,0.541783,0.379471,44.126780,0.091416
1.025403,0.950225,0.903453,0.843427,0.782366,0.681294,0.522291,0.377022,22.489482,7.668591
1.605820,1.315833,1.127963,0.996682,0.875677,0.727327,0.541888,0.382184,42.403614,1.001641
1.708106,1.359875,1.133583,1.000588,0.875919,0.729457,0.541970,0.382565,45.164119,-0.108038
1.030500,0.971308,0.894528,0.853577,0.783563,0.672216,0.517792,0.368940,22.610896,7.898418
1.630464,1.344709,1.113028,1.001212,0.873934,0.721876,0.541842,0.377504,41.813827,1.244938
1.700877,1.369903,1.130406,1.008344,0.879569,0.722633,0.542367,0.377471,43.986884,0.360293
1.026729,0.970642,0.900515,0.841367,0.767033,0.677717,0.513922,0.367205,22.598374,8.178339
1.650021,1.351278,1.113998,0.994492,0.869186,0.731988,0.535033,0.375171,42.265800,1.766144
1.732743,1.369882,1.124150,0.999631,0.870442,0.733526,0.535299,0.375244,46.119685,-0.056412
1.007036,0.966088,0.901532,0.840774,0.788423,0.666635,0.518527,0.375257,22.309876,8.027469
1.626937,1.341983,1.120104,0.996066,0.878423,0.729226,0.539888,0.381674,42.771256,1.610042
1.732838,1.377381,1.129695,1.002958,0.881270,0.731456,0.540004,0.381796,45.781519,0.004916
1.003288,0.962056,0.906616,0.851389,0.766176,0.671897,0.507820,0.377143,22.251276,8.082946
1.630284,1.352276,1.113404,0.988739,0.869185,0.723557,0.529948,0.385429,41.464651,1.031063
1.713471,1.372743,1.121325,0.990562,0.872190,0.725842,0.530648,0.385150,45.360809,0.004213
1.008352,0.957815,0.893940,0.853456,0.782187,0.672025,0.515255,0.372543,22.271097,8.178653
1.616635,1.324989,1.118635,0.992747,0.876843,0.723888,0.529326,0.379100,40.016544,2.790576
1.692680,1.365809,1.133067,0.995589,0.879325,0.724595,0.530038,0.378472,44.464588,-0.009328
1.011732,0.969725,0.891261,0.848381,0.782909,0.680634,0.510073,0.373422,22.346011,7.609057
1.607390,1.328458,1.120196,0.995341,0.876727,0.732860,0.529521,0.382381,42.593231,0.061880
1.698864,1.360304,1.132321,0.996711,0.878191,0.736714,0.529836,0.382888,44.286563,-0.077701
1.013181,0.953583,0.900041,0.840190,0.773118,0.668174,0.510199,0.378030,22.319929,7.853111
1.626633,1.324337,1.142998,0.994598,0.872663,0.725215,0.532909,0.385772,42.324755,0.905395
1.695538,1.366588,1.153267,0.998796,0.874282,0.727889,0.533614,0.385768,44.229278,0.007928
1.012276,0.967576,0.908063,0.828617,0.768003,0.668633,0.508030,0.374182,22.335423,7.657364
1.630146,1.352038,1.131745,0.986328,0.857218,0.714151,0.527022,0.380893,41.022712,1.035592
1.719898,1.378941,1.141290,0.993831,0.860051,0.717419,0.527760,0.380638,43.161052,0.008043
1.007549,0.971503,0.904373,0.834867,0.775940,0.666904,0.503473,0.377743,22.375377,7.638656
1.594477,1.328964,1.133048,0.986707,0.871646,0.723134,0.522014,0.384469,40.096383,1.782938
1.650964,1.350102,1.137872,0.991356,0.874269,0.723830,0.522121,0.385024,44.811431,-0.077424
1.019080,0.963649,0.915152,0.837900,0.773741,0.672348,0.504789,0.372436,22.524332,7.819619
1.633359,1.341766,1.128939,0.993583,0.863486,0.719837,0.519123,0.378429,42.777434,0.764191
1.696623,1.377590,1.138787,0.998252,0.867090,0.720006,0.519840,0.378338,44.854735,-0.005698
0.997066,0.951363,0.901330,0.841931,0.768786,0.682205,0.530440,0.351059,22.125832,7.591151
1.593069,1.300627,1.114277,1.001307,0.868546,0.730768,0.549366,0.357906,40.917476,1.824263
1.696966,1.330705,1.120713,1.003466,0.872482,0.734937,0.549634,0.358073,44.617650,0.083287
1.014506,0.958327,0.886014,0.841761,0.759320,0.659823,0.504689,0.341995,22.417413,7.985975
1.638017,1.315793,1.120953,0.987240,0.858221,0.709691,0.522962,0.347518,41.665197,0.302756
1.709370,1.335664,1.133167,0.993949,0.860624,0.712157,0.523153,0.347588,44.089624,-0.095277
1.011630,0.970145,0.892918,0.830115,0.762960,0.666898,0.500389,0.341579,22.378142,7.785480
1.602808,1.324789,1.103972,0.981253,0.859921,0.719459,0.517287,0.343740,42.000684,0.404363
1.667108,1.341480,1.113133,0.983712,0.863578,0.723135,0.516897,0.343851,44.805710,0.107812
1.022387,0.969220,0.886291,0.828652,0.770697,0.666507,0.501170,0.344823,22.605464,7.659281
1.647628,1.317977,1.108377,0.973961,0.846769,0.712321,0.516023,0.348156,41.812687,1.354194
1.701361,1.334479,1.116808,0.978995,0.850194,0.714075,0.516028,0.348669,45.105920,-0.016747
0.999990,0.952595,0.879233,0.826714,0.757059,0.662157,0.494612,0.344580,22.164580,8.009951
1.630518,1.318642,1.107173,0.977235,0.848910,0.709379,0.508159,0.348760,41.535884,0.967022
1.710718,1.340632,1.122251,0.978919,0.851130,0.709815,0.508583,0.348733,44.005617,0.066388
1.265597,1.178540,1.045957,0.973322,0.877403,0.751468,0.568582,0.380611,27.387702,8.516073
1.709129,1.415564,1.158434,1.040622,0.919440,0.770772,0.577697,0.383018,52.003818,-1.365930
1.720000,1.420295,1.159722,1.040693,0.919393,0.770357,0.578031,0.383037,52.382387,-0.001938
1.263752,1.184533,1.068840,0.961023,0.871047,0.746914,0.559450,0.392619,27.467462,9.506084
1.733248,1.419654,1.165606,1.032827,0.905854,0.763921,0.564770,0.393818,52.405368,-0.864170
1.743812,1.421159,1.168332,1.032978,0.905109,0.763623,0.564699,0.393783,52.204220,0.000000
1.305235,1.178250,1.073655,0.977699,0.873556,0.748755,0.561064,0.394189,27.933931,8.722491
1.713680,1.408110,1.174353,1.045270,0.907193,0.764160,0.566463,0.397031,51.968948,0.047534
1.727276,1.411365,1.176548,1.044915,0.907382,0.764478,0.566596,0.397123,52.110782,-0.027335
1.279059,1.176909,1.052773,0.969227,0.864578,0.740795,0.555856,0.392781,27.493869,9.019277
1.727136,1.392063,1.161567,1.034642,0.902641,0.761749,0.562806,0.394639,47.218797,0.677277
1.740992,1.394930,1.164985,1.034122,0.904426,0.761555,0.562889,0.394717,47.968305,0.000000
1.291661,1.169948,1.058805,0.965821,0.860029,0.738851,0.558434,0.394282,27.680925,7.967216
1.751373,1.410269,1.160288,1.037480,0.906214,0.756679,0.565097,0.395953,48.798558,1.172533
1.758002,1.414938,1.159854,1.037469,0.906566,0.756921,0.564865,0.395868,51.727294,0.000000
1.293923,1.205437,1.057750,0.980306,0.862822,0.736515,0.556639,0.392182,27.886102,8.966909
1.751914,1.425303,1.169866,1.039864,0.909925,0.761900,0.563554,0.395072,51.454049,0.376245
1.755302,1.426387,1.168657,1.040780,0.909966,0.761370,0.563892,0.394910,53.360419,0.002286
1.257643,1.161451,1.065751,0.969147,0.868015,0.736443,0.553854,0.388617,27.111854,8.980557
1.747783,1.421198,1.169917,1.033095,0.907626,0.759501,0.557742,0.391411,50.801716,0.878084
1.766573,1.423030,1.172223,1.033975,0.908624,0.759205,0.557772,0.391419,52.585350,0.000000
1.265153,1.183167,1.078322,0.980285,0.870745,0.738362,0.554794,0.395290,27.413410,9.210784
1.752942,1.420744,1.169832,1.035186,0.910678,0.761504,0.561420,0.398062,50.660763,0.533703
1.768453,1.424950,1.169239,1.035702,0.910515,0.761799,0.561485,0.397867,51.617110,0.000000
1.301064,1.162557,1.066121,0.957264,0.871827,0.741223,0.547812,0.398171,27.862707,8.737802
1.760346,1.416868,1.161943,1.026405,0.909680,0.761763,0.551020,0.399442,47.619012,0.708040
1.766304,1.413836,1.162393,1.026396,0.910135,0.762845,0.551123,0.399121,49.211796,0.000000
1.294476,1.173579,1.064443,0.967420,0.870725,0.738834,0.547202,0.394601,27.771389,8.883782
1.762368,1.420088,1.170079,1.029698,0.908061,0.757155,0.554494,0.396043,49.035102,1.209058
1.769766,1.425112,1.170234,1.032132,0.906991,0.757987,0.554156,0.396198,51.019528,-0.005329
1.279181,1.178713,1.061249,0.975069,0.870766,0.740451,0.546739,0.398108,27.446932,8.540947
1.764633,1.426148,1.169410,1.038214,0.908607,0.759223,0.550875,0.398826,51.638386,-0.075810
1.768312,1.430899,1.170316,1.039054,0.909234,0.759316,0.550972,0.398866,48.111312,0.000171
1.249581,1.203273,1.066601,0.963219,0.864360,0.730232,0.548166,0.397815,27.288036,8.888981
1.734792,1.397099,1.171889,1.031527,0.909181,0.753691,0.553697,0.399279,47.267090,1.124077
1.749187,1.400631,1.173434,1.032523,0.910504,0.753703,0.553640,0.399280,49.214214,0.000000
1.308386,1.193180,1.065231,0.965803,0.855420,0.728261,0.546838,0.393637,27.940104,7.683357
1.739197,1.403396,1.178285,1.034343,0.900855,0.750354,0.550775,0.397335,53.217264,-0.263143
1.754947,1.411576,1.176564,1.035147,0.900033,0.750790,0.550765,0.397486,52.552260,0.000000
1.286925,1.173002,1.069501,0.964381,0.868021,0.728784,0.541937,0.395504,27.707714,8.643183
1.717330,1.402200,1.172337,1.028148,0.912706,0.747197,0.549873,0.398335,49.739423,1.516013
1.758962,1.401274,1.174350,1.028845,0.913088,0.747392,0.549935,0.398488,52.059669,0.000000
1.276455,1.210195,1.066901,0.971311,0.869567,0.732453,0.536110,0.394350,27.630403,8.712015
1.746024,1.421673,1.168310,1.027654,0.903609,0.754133,0.543463,0.398244,50.263017,0.175696
1.747958,1.430484,1.168812,1.027996,0.904701,0.753879,0.543484,0.398398,50.941582,0.000000
1.264495,1.178856,1.072954,0.975711,0.860482,0.740879,0.566969,0.372965,27.460379,9.064354
1.710772,1.384155,1.161990,1.037647,0.902712,0.761163,0.571532,0.374712,50.464371,0.203532
1.728386,1.388193,1.161435,1.039233,0.902997,0.761944,0.571652,0.374712,51.923980,-0.026188
1.322065,1.178748,1.046883,0.964987,0.843770,0.727747,0.541299,0.360782,28.192350,8.808898
1.735676,1.407651,1.163170,1.024611,0.890976,0.744758,0.546817,0.363641,48.064693,1.422769
1.734822,1.404824,1.165030,1.024598,0.891317,0.745281,0.546776,0.363582,50.778166,0.000000
1.287811,1.164284,1.048460,0.958632,0.859156,0.732400,0.529862,0.358681,27.562825,8.544965
1.719215,1.390524,1.159672,1.026080,0.896804,0.751101,0.534762,0.359675,47.418621,1.646550
1.743041,1.402531,1.163687,1.026802,0.896461,0.751983,0.534735,0.359674,48.846484,0.003234
1.319797,1.163931,1.047534,0.955186,0.844186,0.732444,0.529863,0.361811,28.239749,8.630818
1.728716,1.385454,1.151830,1.011673,0.882222,0.747522,0.533369,0.364564,50.784791,0.124018
1.730669,1.387570,1.155178,1.012193,0.883063,0.747407,0.533106,0.364680,50.845277,0.019252
1.304770,1.153193,1.038448,0.951175,0.851830,0.720744,0.530287,0.359603,27.881675,8.978283
1.748237,1.392401,1.159042,1.008179,0.884826,0.739054,0.533456,0.361747,47.320367,1.048523
1.764538,1.398851,1.159310,1.009316,0.885366,0.738678,0.533465,0.361518,48.475587,0.000000
1.571554,1.346860,1.149429,1.031942,0.919175,0.777729,0.581345,0.388333,34.641168,8.519502
1.762670,1.432918,1.174315,1.050965,0.926673,0.783364,0.583736,0.388277,53.846383,0.000000
1.762670,1.434509,1.174315,1.051222,0.926516,0.783220,0.583736,0.388277,53.825984,0.000000
1.596966,1.357759,1.153632,1.033155,0.908322,0.768306,0.572496,0.397388,35.382146,7.610950
1.740355,1.426912,1.177385,1.047193,0.914377,0.773589,0.574133,0.397763,58.826023,0.031791
1.749372,1.426901,1.176910,1.047193,0.914577,0.773589,0.574133,0.397773,58.854776,0.000000
1.542222,1.366797,1.152430,1.041181,0.910392,0.772157,0.570089,0.401872,34.044661,8.047853
1.755012,1.433148,1.181667,1.057009,0.920519,0.774671,0.572701,0.402589,60.257841,0.000000
1.755012,1.433148,1.181667,1.057359,0.921126,0.774671,0.572717,0.402589,60.257841,0.000000
1.555668,1.357608,1.143713,1.031340,0.903892,0.766895,0.568788,0.399053,34.244229,9.876983
1.773802,1.423828,1.177970,1.048487,0.914857,0.771745,0.571018,0.399205,56.797033,0.102027
1.776214,1.423828,1.177970,1.048735,0.914876,0.771745,0.571018,0.399205,56.837556,0.000000
1.556842,1.330444,1.156643,1.028281,0.909196,0.762691,0.572180,0.401632,33.888642,8.762053
1.764062,1.430126,1.174959,1.049801,0.917533,0.769641,0.574110,0.401863,60.389864,0.185523
1.767579,1.430126,1.174959,1.050120,0.917533,0.769774,0.574110,0.401863,60.386982,0.000000
1.605987,1.393030,1.157139,1.032545,0.908564,0.761749,0.569234,0.400484,35.902036,8.403714
1.764780,1.439528,1.180880,1.051761,0.920501,0.768234,0.570685,0.401085,55.056123,0.000000
1.764780,1.439528,1.180880,1.051761,0.920501,0.768234,0.570685,0.401085,55.056123,0.000000
1.536917,1.385508,1.154096,1.025804,0.908983,0.769423,0.564571,0.396006,34.112209,9.653305
1.766573,1.444072,1.178916,1.044208,0.918868,0.773492,0.566941,0.396456,62.358167,0.000000
1.768990,1.444072,1.178916,1.044208,0.918868,0.773492,0.566941,0.396456,62.362705,0.000000
1.603095,1.342490,1.159739,1.035682,0.913900,0.769024,0.568301,0.401455,35.217125,11.050730
1.785024,1.440361,1.178771,1.050106,0.925719,0.771342,0.569833,0.402212,56.689041,-0.019628
1.785024,1.438755,1.178771,1.050339,0.925745,0.771204,0.569833,0.402212,56.649874,0.000000
1.588052,1.364614,1.150815,1.026931,0.905756,0.762425,0.556061,0.405991,34.897816,8.243595
1.781419,1.425610,1.169823,1.040672,0.921621,0.769024,0.558729,0.406159,52.154706,2.281191
1.781418,1.428682,1.169823,1.040660,0.921621,0.768876,0.558729,0.406163,59.543858,0.000000
1.594536,1.369629,1.152887,1.030506,0.917105,0.763098,0.560777,0.401626,34.906897,7.264819
1.768993,1.438858,1.182156,1.047812,0.923849,0.768034,0.562727,0.402280,61.039318,0.000000
1.768993,1.438858,1.183131,1.047812,0.923690,0.768034,0.562707,0.402198,61.039318,0.000000
1.607059,1.377207,1.153005,1.031506,0.913554,0.764555,0.559836,0.404395,35.546790,7.532329
1.772044,1.434177,1.183724,1.048245,0.923482,0.769669,0.561086,0.404640,55.546228,0.000000
1.775859,1.434177,1.183724,1.048245,0.923482,0.769946,0.561184,0.404640,55.546228,0.000000
1.548462,1.365005,1.159524,1.029239,0.915753,0.763388,0.559102,0.404397,34.194261,10.471889
1.761321,1.428166,1.183819,1.044103,0.923197,0.766788,0.560573,0.404574,52.637638,-0.469494
1.763576,1.428166,1.183819,1.044103,0.923197,0.766655,0.560573,0.404574,52.637155,0.000000
1.557168,1.355156,1.162429,1.027973,0.903748,0.758146,0.556152,0.402711,34.130440,10.361881
1.786939,1.434505,1.188830,1.047483,0.911950,0.762788,0.557529,0.403322,58.024000,-3.581694
1.786939,1.432920,1.188830,1.047483,0.911950,0.762921,0.557529,0.403322,61.910355,0.000000
1.569718,1.341509,1.158670,1.027914,0.907593,0.755589,0.553269,0.405214,34.598287,8.920998
1.754832,1.427352,1.186167,1.041891,0.919925,0.761824,0.554981,0.405211,58.221537,0.014021
1.762711,1.429299,1.186167,1.041891,0.920277,0.761824,0.554981,0.405211,58.256675,0.000000
1.534650,1.338935,1.158351,1.025818,0.902555,0.756738,0.549533,0.403616,33.607775,9.452842
1.763179,1.438091,1.183410,1.041752,0.915422,0.762275,0.551583,0.403664,58.654974,0.000000
1.763179,1.438091,1.183410,1.041752,0.915224,0.762275,0.551717,0.403664,58.654974,0.000000
1.549609,1.343409,1.147317,1.037207,0.907629,0.768423,0.577937,0.377221,34.107411,8.745138
1.741677,1.400715,1.174817,1.050315,0.917223,0.772393,0.578302,0.378271,61.222224,0.003493
1.741677,1.401134,1.174817,1.050315,0.917223,0.772393,0.578302,0.378271,61.232712,0.000000
1.584832,1.343733,1.146406,1.023981,0.898986,0.750347,0.550774,0.367318,34.678274,8.817564
1.770529,1.421935,1.175943,1.036272,0.906030,0.754436,0.552890,0.368095,56.464418,1.398744
1.770529,1.423461,1.175943,1.036272,0.906030,0.754436,0.552890,0.368095,59.939791,0.000000
1.629029,1.341590,1.139362,1.019526,0.898221,0.756681,0.542447,0.364314,35.690813,8.257078
1.782773,1.417516,1.171994,1.035180,0.909036,0.761523,0.543309,0.364864,62.982700,-1.103938
1.782773,1.417516,1.172462,1.034890,0.908864,0.761523,0.543215,0.364864,63.612850,0.000000
1.575032,1.347893,1.146367,1.012726,0.883902,0.752906,0.539184,0.367445,35.042871,7.838925
1.742842,1.406323,1.170833,1.024329,0.892807,0.755122,0.540886,0.367457,55.475224,0.000000
1.742842,1.404086,1.171608,1.024329,0.892807,0.755271,0.540944,0.367457,55.487793,0.000933
1.530201,1.339622,1.139268,1.011279,0.888266,0.745230,0.539032,0.367425,33.630062,9.549240
1.773780,1.410965,1.168371,1.023215,0.894628,0.749836,0.540471,0.367627,62.245125,0.000000
1.773780,1.410965,1.167908,1.023500,0.894428,0.749836,0.540415,0.367627,62.245125,0.000000
