0.603508,0.530700,0.436688,0.383613,0.303098,0.188113,0.047265,-0.005038,15.679636,3.444296
0.845015,0.680227,0.497072,0.428029,0.322012,0.192038,0.047378,-0.004668,22.877062,1.330185
0.961616,0.727440,0.507023,0.432263,0.325036,0.192073,0.047434,-0.004608,25.650799,0.344510
0.607058,0.538049,0.428548,0.386743,0.305423,0.201247,0.053378,-0.001598,15.727632,3.424551
0.850283,0.684097,0.494729,0.424641,0.321713,0.203957,0.053705,-0.001459,22.883536,1.326949
0.980905,0.730318,0.505572,0.431009,0.323361,0.204121,0.053629,-0.001518,25.494484,0.320612
0.597382,0.544238,0.430600,0.391423,0.305904,0.196396,0.055359,0.004534,15.629681,3.438514
0.847511,0.690306,0.488965,0.431413,0.322532,0.200372,0.055201,0.004236,22.945463,1.434786
0.982836,0.738912,0.498908,0.434551,0.323589,0.201129,0.055128,0.004305,25.753175,0.334160
0.611630,0.540128,0.441126,0.388993,0.307069,0.194261,0.053834,0.002677,15.777146,3.510727
0.864814,0.700321,0.504027,0.428317,0.329229,0.200400,0.055625,0.002558,23.083116,1.458757
0.995746,0.752065,0.515525,0.434474,0.330346,0.200885,0.055546,0.002518,26.019591,0.272566
0.608235,0.540033,0.434842,0.388316,0.306851,0.199113,0.052212,-0.004459,15.785286,3.611893
0.867214,0.693709,0.500875,0.435956,0.327435,0.203555,0.053086,-0.004949,23.202081,1.314518
0.997749,0.745118,0.513649,0.439635,0.328657,0.203632,0.053067,-0.004869,25.932817,0.311253
0.603803,0.533677,0.431883,0.389515,0.309417,0.193862,0.059192,0.000377,15.669531,3.389246
0.865383,0.683069,0.496334,0.436248,0.331111,0.199977,0.058490,0.000396,22.879898,1.271735
0.991033,0.732159,0.507844,0.440360,0.332412,0.200318,0.058491,0.000396,25.497316,0.329889
0.606585,0.540046,0.437173,0.392220,0.312166,0.200455,0.053523,-0.004918,15.687442,3.506635
0.857856,0.695843,0.503753,0.435540,0.329021,0.204539,0.053507,-0.004739,23.042624,1.373025
0.982860,0.744350,0.518232,0.441043,0.330158,0.204891,0.053442,-0.004759,25.752161,0.223823
0.615232,0.540372,0.436757,0.386373,0.307587,0.201321,0.056544,0.000617,15.829803,3.580469
0.869292,0.683654,0.499283,0.430212,0.329863,0.204073,0.056508,0.000478,23.133233,1.330284
0.995665,0.732234,0.508237,0.438469,0.330452,0.203776,0.056378,0.000498,25.828010,0.243132
0.597506,0.535735,0.434452,0.386700,0.321116,0.202258,0.063433,-0.000944,15.578047,3.413344
0.833803,0.692091,0.500669,0.430635,0.341345,0.207355,0.063420,-0.001023,22.718038,1.439927
0.969228,0.742311,0.513867,0.435889,0.343479,0.207648,0.063386,-0.001063,25.480438,0.324462
0.597453,0.541105,0.442431,0.392692,0.314687,0.198593,0.052532,-0.002969,15.716829,3.496522
0.859818,0.692007,0.510679,0.438481,0.332008,0.204259,0.053045,-0.002730,23.086076,1.416881
1.000013,0.737608,0.520115,0.443529,0.333107,0.203572,0.053275,-0.002790,25.941017,0.423704
0.598240,0.533933,0.431553,0.386202,0.308665,0.197366,0.049594,0.004931,15.654556,3.511718
0.850488,0.683882,0.501903,0.425530,0.330181,0.199692,0.049904,0.004970,22.790050,1.388284
0.980476,0.729024,0.513798,0.431887,0.331786,0.199629,0.049827,0.004970,25.616754,0.287326
0.595310,0.537086,0.435145,0.383087,0.315612,0.196413,0.060052,0.002983,15.680321,3.495861
0.840324,0.678696,0.498344,0.424963,0.334177,0.199665,0.061466,0.003401,22.792936,1.250310
0.952609,0.718822,0.511874,0.431031,0.336828,0.199709,0.061517,0.003400,25.498414,0.212048
0.601772,0.523162,0.429904,0.374158,0.309189,0.194720,0.057820,0.011820,15.682563,3.456331
0.859650,0.660216,0.492829,0.416277,0.333367,0.200538,0.059356,0.012192,22.888902,1.259026
0.977659,0.700427,0.504292,0.420910,0.334580,0.201148,0.059228,0.012132,25.342349,0.281636
0.593354,0.530109,0.435247,0.381007,0.302753,0.188787,0.057445,-0.000823,15.626290,3.344973
0.830051,0.666397,0.488274,0.419225,0.322466,0.191473,0.057977,-0.000743,22.527549,1.364039
0.952474,0.713379,0.496212,0.424441,0.324474,0.191640,0.058108,-0.000743,25.258051,0.337491
0.596976,0.525513,0.421230,0.368590,0.304117,0.185148,0.053542,0.005181,15.687904,3.327456
0.832563,0.662838,0.481631,0.406154,0.322873,0.191558,0.053679,0.005239,22.712060,1.363375
0.947418,0.708663,0.491329,0.411913,0.324068,0.191277,0.053710,0.005239,25.442004,0.215897
0.596313,0.516095,0.427981,0.370232,0.299210,0.188172,0.050559,-0.001907,15.673867,3.281974
0.832781,0.656339,0.485901,0.405057,0.314803,0.192273,0.050350,-0.001907,22.660756,1.350331
0.949904,0.702784,0.493872,0.410390,0.315412,0.192581,0.050426,-0.001907,25.428336,0.345315
0.593295,0.523966,0.416347,0.371366,0.302870,0.179456,0.038938,0.007562,15.662739,3.228647
0.821677,0.659776,0.466104,0.404929,0.320957,0.181554,0.039269,0.007344,22.380846,1.398147
0.935520,0.700304,0.474948,0.410490,0.322403,0.181319,0.039213,0.007225,25.018982,0.313954
0.589811,0.513495,0.417797,0.368111,0.298965,0.179006,0.055382,0.002002,15.670024,3.281041
0.828355,0.649241,0.476071,0.404423,0.316882,0.183234,0.054568,0.002061,22.464946,1.237391
0.940024,0.688794,0.484041,0.409952,0.318476,0.183543,0.054559,0.002061,25.095896,0.245958
0.592448,0.525940,0.419605,0.370878,0.299029,0.181887,0.050725,-0.006181,15.711564,3.272188
0.823713,0.663625,0.475730,0.406857,0.316869,0.185460,0.050488,-0.006020,22.623316,1.286383
0.945608,0.700806,0.484893,0.410044,0.317401,0.185557,0.050505,-0.006020,25.212679,0.268115
0.593026,0.513897,0.417120,0.364933,0.297280,0.185478,0.048269,-0.000346,15.674323,3.151097
0.821783,0.635401,0.471846,0.401377,0.316655,0.190218,0.047570,-0.000346,22.361067,1.174080
0.928415,0.677599,0.481182,0.405475,0.317589,0.190995,0.047662,-0.000346,24.801977,0.218583
0.751698,0.656718,0.516278,0.455605,0.368023,0.223652,0.052187,-0.001258,18.433610,4.396084
1.086582,0.821337,0.576704,0.499194,0.378305,0.229645,0.052445,-0.001468,28.519765,0.884679
1.168938,0.843595,0.581040,0.500420,0.379785,0.229665,0.052446,-0.001468,30.144494,0.059328
0.753039,0.660756,0.526229,0.464918,0.367604,0.235032,0.062528,0.001134,18.415902,4.323579
1.098853,0.828501,0.590296,0.506296,0.384068,0.238824,0.062611,0.001134,28.365036,0.855242
1.182225,0.853235,0.596752,0.506661,0.385245,0.238845,0.062596,0.001134,30.473789,0.091396
0.759649,0.665105,0.523401,0.464352,0.365969,0.232465,0.066209,0.005608,18.510597,4.369336
1.098181,0.833910,0.589885,0.507306,0.386119,0.238062,0.066861,0.005402,28.749733,0.902574
1.183539,0.857688,0.595930,0.509979,0.388059,0.238091,0.066847,0.005402,30.679388,-0.013550
0.768937,0.669727,0.521066,0.463115,0.366651,0.231764,0.062217,0.003322,18.562611,4.460991
1.097544,0.846448,0.590387,0.504582,0.384137,0.234059,0.062068,0.003124,29.076914,0.805589
1.201495,0.875172,0.595732,0.504396,0.383787,0.233802,0.062063,0.003183,30.933667,0.130162
0.757729,0.670382,0.526366,0.461075,0.369627,0.233617,0.064149,-0.002138,18.525426,4.552451
1.098061,0.853809,0.592898,0.506172,0.386291,0.236977,0.063972,-0.002177,28.480236,0.948541
1.171884,0.872768,0.599169,0.508569,0.387665,0.237078,0.064044,-0.002177,30.820458,0.039576
0.756137,0.666300,0.529082,0.463882,0.369970,0.231318,0.070647,0.006255,18.412496,4.441772
1.107743,0.839819,0.595935,0.507315,0.387770,0.235206,0.070052,0.006444,28.468355,0.878629
1.184037,0.872087,0.601317,0.509162,0.387432,0.235331,0.070057,0.006464,30.447354,0.103705
0.763896,0.667119,0.527443,0.468972,0.368464,0.239756,0.068047,-0.001231,18.552043,4.401981
1.106007,0.842233,0.593276,0.510383,0.384649,0.240728,0.067839,-0.001172,28.505437,0.879719
1.183112,0.871145,0.599754,0.515288,0.385752,0.241193,0.067774,-0.001211,30.476032,0.066893
0.754927,0.661663,0.529830,0.463563,0.372595,0.236256,0.061981,0.003508,18.429649,4.420819
1.088744,0.836885,0.598797,0.504612,0.391383,0.240992,0.061302,0.003608,28.278555,0.886660
1.182671,0.860773,0.603872,0.509491,0.391297,0.240710,0.061280,0.003588,30.175657,0.058979
0.744929,0.657249,0.526987,0.465183,0.376607,0.229480,0.072090,-0.004658,18.270782,4.299886
1.079416,0.839394,0.597608,0.512457,0.396037,0.236355,0.072236,-0.004427,28.204037,1.032236
1.154186,0.873728,0.600815,0.514435,0.396066,0.236247,0.072120,-0.004467,30.354084,0.097824
0.755225,0.666425,0.536404,0.473083,0.381521,0.231851,0.063861,-0.000554,18.503514,4.393159
1.090730,0.831530,0.602636,0.509879,0.399249,0.235566,0.063862,-0.000534,28.855623,0.588627
1.176044,0.859467,0.610995,0.510998,0.400720,0.236003,0.063839,-0.000534,30.402117,0.061918
0.759721,0.650559,0.532141,0.474191,0.374328,0.234269,0.063160,0.007078,18.448887,4.314068
1.076647,0.822582,0.600694,0.514145,0.390362,0.238169,0.064399,0.007155,28.349591,0.787166
1.153261,0.842731,0.605822,0.517882,0.390521,0.238250,0.064367,0.007155,30.298141,0.086112
0.756541,0.652668,0.519396,0.463358,0.374793,0.235563,0.068315,0.004860,18.527843,4.259314
1.066388,0.814278,0.590202,0.506111,0.393403,0.238442,0.068130,0.004979,28.342532,0.609422
1.134510,0.836433,0.597494,0.509560,0.394084,0.238958,0.068018,0.004979,29.999861,0.069897
0.745335,0.650104,0.524518,0.457875,0.371131,0.234092,0.070647,0.004881,18.337031,4.238661
1.048490,0.812766,0.585106,0.502909,0.389573,0.237900,0.069650,0.004881,28.017689,0.837251
1.134662,0.834598,0.590226,0.505730,0.389966,0.237924,0.069594,0.004881,29.515996,0.038159
0.745688,0.652102,0.518638,0.456061,0.365345,0.222944,0.061799,-0.004679,18.419918,4.169197
1.043399,0.803562,0.583031,0.495954,0.379744,0.228542,0.061023,-0.004819,28.111717,0.866909
1.118054,0.824181,0.588112,0.498348,0.379718,0.228333,0.060946,-0.004819,29.898041,0.074880
0.751191,0.647392,0.509208,0.442371,0.362644,0.226053,0.060573,0.004739,18.441763,4.368433
1.059352,0.799143,0.570654,0.478420,0.380958,0.230997,0.060430,0.004987,28.090210,0.816430
1.137328,0.817335,0.576035,0.481370,0.383186,0.231236,0.060453,0.004928,29.768062,0.119463
0.731098,0.647064,0.517760,0.443434,0.357904,0.221811,0.063572,-0.003672,18.249146,4.335833
1.029973,0.807385,0.581056,0.476269,0.374340,0.225972,0.064362,-0.003613,27.963082,0.788148
1.104856,0.828314,0.587298,0.479520,0.374399,0.225273,0.064385,-0.003613,29.930549,0.019537
0.742616,0.637790,0.502828,0.445049,0.354627,0.218984,0.051852,-0.000548,18.419090,4.171808
1.059926,0.782855,0.559440,0.481545,0.372007,0.222536,0.051415,-0.000488,28.045496,0.691587
1.133362,0.806674,0.565772,0.483786,0.373458,0.222718,0.051393,-0.000488,29.672574,0.022808
0.748314,0.639854,0.506101,0.442003,0.360967,0.213761,0.056583,-0.000148,18.504984,4.092224
1.034069,0.790083,0.563745,0.476225,0.375199,0.218727,0.056642,-0.000148,27.676379,0.880402
1.097646,0.808511,0.569947,0.478363,0.375321,0.218854,0.056660,-0.000148,29.568242,0.068720
0.741605,0.641282,0.510227,0.445183,0.359869,0.218481,0.064485,-0.001663,18.470964,4.149559
1.039439,0.787716,0.569945,0.475299,0.375996,0.219242,0.065670,-0.001882,27.909618,0.747363
1.116146,0.809055,0.574007,0.476349,0.375493,0.219673,0.065754,-0.001882,29.625453,0.050852
0.739104,0.632482,0.508355,0.444974,0.357588,0.219545,0.054047,0.003123,18.455259,4.199713
1.028397,0.779989,0.567295,0.482177,0.371915,0.223410,0.054830,0.003103,27.841434,0.745251
1.096311,0.799176,0.570862,0.485234,0.371660,0.223387,0.054841,0.003103,29.372301,0.048390
0.939491,0.800870,0.601408,0.522181,0.407332,0.247130,0.064332,-0.000802,22.379193,5.115743
1.231702,0.912865,0.641959,0.547293,0.417826,0.248687,0.063844,-0.000862,34.069834,0.358511
1.250792,0.917247,0.641826,0.547420,0.417764,0.248533,0.063843,-0.000862,35.038333,0.048699
0.939525,0.800910,0.607006,0.528778,0.412712,0.259557,0.069080,0.007054,22.275398,4.801348
1.254289,0.923879,0.656553,0.552819,0.423477,0.261444,0.068330,0.007073,34.742960,0.030417
1.278338,0.930391,0.658021,0.553690,0.423854,0.261352,0.068364,0.007073,35.089126,0.052580
0.955128,0.801256,0.610902,0.530743,0.408617,0.260563,0.074201,0.005217,22.446786,5.157396
1.259277,0.929317,0.651811,0.554665,0.416893,0.263052,0.073903,0.005336,34.309401,0.248887
1.271827,0.931378,0.652563,0.556158,0.417527,0.263147,0.073936,0.005336,35.439164,0.007087
0.941796,0.796294,0.618976,0.526160,0.412874,0.249622,0.068455,0.004479,22.244258,5.027495
1.256543,0.933679,0.659908,0.549676,0.422054,0.253250,0.068415,0.004598,34.739897,0.035711
1.284007,0.940705,0.661936,0.550788,0.421902,0.253613,0.068435,0.004598,35.374847,0.001272
0.944883,0.797780,0.608748,0.525274,0.415585,0.260029,0.073162,-0.004010,22.330159,5.018828
1.246928,0.925105,0.653854,0.548291,0.422193,0.261715,0.072831,-0.003910,34.352470,0.390692
1.262337,0.931313,0.654706,0.549265,0.422301,0.261819,0.072831,-0.003910,35.122057,-0.037788
0.951806,0.805762,0.613175,0.532360,0.413352,0.254983,0.077546,0.005113,22.513225,5.174465
1.246049,0.936793,0.661271,0.558695,0.425129,0.257569,0.076664,0.005134,34.721425,0.514203
1.260021,0.942953,0.662350,0.559449,0.425280,0.257586,0.076738,0.005134,35.592630,0.059165
0.946259,0.798763,0.614853,0.540471,0.415153,0.264583,0.070017,-0.001594,22.423532,5.295330
1.255635,0.932649,0.666388,0.562422,0.426022,0.265640,0.068784,-0.001594,34.350475,0.554908
1.276582,0.936719,0.666129,0.562920,0.426666,0.265891,0.068822,-0.001594,35.312292,-0.080198
0.934793,0.814920,0.612211,0.537313,0.415894,0.262958,0.074415,0.010946,22.406301,5.221689
1.238056,0.934255,0.658775,0.562646,0.426913,0.266929,0.073150,0.010817,35.342945,-0.110710
1.261610,0.935699,0.659719,0.564267,0.426904,0.266879,0.073153,0.010817,35.583225,0.005341
0.946063,0.799953,0.619959,0.535990,0.423262,0.260385,0.082332,-0.002652,22.568369,5.261573
1.242551,0.925026,0.659972,0.561985,0.437231,0.263143,0.082002,-0.002572,34.382545,0.292012
1.261627,0.934648,0.662120,0.561894,0.436606,0.263332,0.081964,-0.002572,35.467032,0.007319
0.938045,0.800417,0.625431,0.538842,0.427835,0.257387,0.075229,0.001776,22.455575,5.208180
1.250834,0.921127,0.666531,0.565556,0.437020,0.258809,0.074859,0.001776,35.138422,0.263082
1.274761,0.926738,0.668343,0.566046,0.436672,0.258843,0.074894,0.001776,35.564733,0.016736
0.939925,0.792193,0.620717,0.543908,0.420123,0.261600,0.068518,0.012787,22.365766,4.894022
1.233805,0.914033,0.666058,0.564410,0.428869,0.262904,0.068712,0.012570,33.499833,0.466215
1.241031,0.918378,0.666342,0.565100,0.428943,0.263005,0.068772,0.012570,34.757409,0.070167
0.946041,0.788351,0.612004,0.533850,0.415624,0.260064,0.074214,0.006190,22.599193,4.980172
1.216542,0.897733,0.657864,0.557902,0.425862,0.261918,0.074535,0.006288,34.328688,0.099733
1.231808,0.902740,0.657537,0.558560,0.426348,0.261992,0.074485,0.006288,34.704198,0.013590
0.926495,0.796749,0.607242,0.522155,0.413174,0.253795,0.074849,0.008566,22.365510,5.146753
1.214345,0.897579,0.643909,0.546921,0.423567,0.256161,0.074796,0.008623,34.260700,0.324744
1.235771,0.901855,0.645591,0.547873,0.424636,0.256631,0.074798,0.008623,35.392626,0.029399
0.927087,0.793581,0.601373,0.529783,0.407510,0.249139,0.072413,-0.005478,22.352794,4.724465
1.181322,0.898495,0.644515,0.547772,0.420142,0.249952,0.072661,-0.005467,34.012971,0.288449
1.199629,0.900794,0.645326,0.547720,0.420421,0.250067,0.072589,-0.005467,34.592123,0.006180
0.928701,0.774002,0.592329,0.516480,0.408019,0.251392,0.072206,0.003216,22.239735,4.916798
1.198657,0.891774,0.633955,0.538015,0.417836,0.254223,0.071821,0.003255,33.740830,0.107559
1.219278,0.895506,0.636755,0.538103,0.418423,0.254176,0.071880,0.003255,34.364172,0.044338
0.926982,0.782428,0.590314,0.512197,0.407871,0.248489,0.070096,-0.000927,22.289306,4.618197
1.198877,0.888736,0.633217,0.525294,0.418774,0.252108,0.069860,-0.000848,33.162466,0.254295
1.212540,0.893760,0.634764,0.525339,0.418858,0.252332,0.069879,-0.000848,33.997329,-0.021987
0.919870,0.782471,0.585887,0.509512,0.401297,0.238099,0.061136,0.005174,22.259213,4.760049
1.195465,0.882293,0.619057,0.529494,0.408667,0.240411,0.061164,0.005116,32.732395,0.426726
1.219248,0.884707,0.620617,0.530287,0.408639,0.240254,0.061255,0.005096,33.665224,0.049114
0.915817,0.769909,0.589733,0.494465,0.400735,0.236244,0.063091,-0.000841,22.290360,4.795887
1.183651,0.865756,0.621075,0.519152,0.407243,0.238299,0.063010,-0.000861,33.788693,0.029557
1.199241,0.869987,0.622193,0.520291,0.407601,0.238587,0.062951,-0.000861,34.225768,0.043955
0.932369,0.772038,0.590701,0.502233,0.402209,0.240662,0.068345,-0.001145,22.599050,4.766184
1.193749,0.869657,0.629980,0.525160,0.410965,0.243031,0.068559,-0.001105,33.769558,0.118920
1.210022,0.874484,0.630405,0.525383,0.411183,0.243064,0.068580,-0.001105,34.037827,0.046773
0.921320,0.764467,0.595075,0.500664,0.399443,0.242385,0.065190,0.006755,22.430513,4.872789
1.167468,0.858291,0.632893,0.521478,0.407219,0.244622,0.065213,0.006618,33.160775,0.501413
1.183989,0.860954,0.633690,0.521999,0.407449,0.244522,0.065213,0.006618,34.129601,0.000000
1.131426,0.892938,0.657007,0.564635,0.433951,0.259407,0.066560,-0.002210,27.519097,5.272218
1.295047,0.944132,0.667228,0.573120,0.436335,0.259826,0.066960,-0.002250,39.979037,0.406022
1.295844,0.944274,0.667218,0.573277,0.436172,0.259826,0.066960,-0.002250,40.769828,0.000000
1.181937,0.913627,0.672023,0.575810,0.435755,0.270990,0.070175,0.002390,28.424747,5.053577
1.329444,0.963256,0.685272,0.584962,0.439101,0.271420,0.070307,0.002370,40.123499,-0.417723
1.330619,0.963932,0.685179,0.584437,0.439241,0.271427,0.070307,0.002370,39.466331,0.000000
1.152616,0.905456,0.664354,0.573884,0.436115,0.272659,0.076189,0.006767,27.608718,5.317285
1.322707,0.964243,0.679499,0.582538,0.437286,0.273608,0.076368,0.006727,40.858664,0.012092
1.325110,0.964281,0.680175,0.582575,0.437348,0.273670,0.076368,0.006727,40.658585,0.000491
1.171052,0.914051,0.673318,0.566746,0.437883,0.265198,0.071563,0.005463,27.990864,4.896692
1.335604,0.977297,0.685917,0.575405,0.440176,0.265888,0.071445,0.005542,40.502687,0.055503
1.334816,0.978577,0.686185,0.575590,0.440146,0.265853,0.071445,0.005542,40.466271,0.000000
1.146750,0.915989,0.664530,0.568584,0.438187,0.269749,0.077090,-0.005088,27.744059,5.206912
1.310385,0.973708,0.683150,0.575900,0.440843,0.271173,0.077214,-0.005088,41.425030,-0.027572
1.312021,0.973619,0.682456,0.575873,0.440973,0.271151,0.077214,-0.005088,41.397603,0.000000
1.150821,0.913483,0.669348,0.581092,0.441372,0.269866,0.082815,0.004432,27.719490,5.091658
1.309709,0.968377,0.688196,0.588922,0.444827,0.270155,0.082282,0.004372,40.134148,0.057373
1.316729,0.970412,0.688318,0.588719,0.444813,0.270147,0.082282,0.004372,40.681624,0.000000
1.139956,0.913297,0.673322,0.580514,0.443736,0.276246,0.073309,-0.000930,27.495846,5.158184
1.318477,0.966448,0.691316,0.591444,0.446371,0.277098,0.072912,-0.000930,39.218532,0.425484
1.314420,0.967054,0.691618,0.591243,0.446308,0.277101,0.072912,-0.000930,40.071062,-0.000429
1.157309,0.908758,0.679224,0.577851,0.438984,0.278474,0.075386,0.005870,28.126933,5.437788
1.321698,0.964678,0.689026,0.586529,0.442639,0.278625,0.075119,0.005911,40.338039,0.372393
1.321709,0.966788,0.689375,0.587415,0.442655,0.278576,0.075119,0.005911,41.359306,-0.002306
1.131455,0.920513,0.672545,0.576798,0.450590,0.273509,0.086824,-0.000776,27.495225,5.086805
1.301488,0.971600,0.690186,0.589329,0.455682,0.274273,0.086352,-0.000776,40.909451,-0.161780
1.303501,0.972103,0.689693,0.589473,0.455418,0.274273,0.086368,-0.000776,40.586058,0.000000
1.133514,0.904087,0.678289,0.584653,0.449719,0.270282,0.081507,0.001076,27.567369,5.782635
1.303513,0.951866,0.695226,0.593819,0.454758,0.270118,0.081718,0.001076,40.662075,0.052711
1.304640,0.952032,0.695455,0.593978,0.454690,0.270154,0.081644,0.001076,40.717148,0.000000
1.122131,0.899157,0.680948,0.581431,0.444566,0.272361,0.073932,0.011133,27.482614,5.492106
1.290051,0.948216,0.696320,0.589018,0.445168,0.272104,0.073728,0.011212,40.373736,-0.300470
1.294738,0.948953,0.696221,0.589023,0.445244,0.272022,0.073689,0.011251,39.927061,0.000000
1.131279,0.886143,0.664510,0.574728,0.444026,0.273557,0.081187,0.006761,28.109559,5.025332
1.263968,0.930696,0.681742,0.582496,0.447901,0.275262,0.081013,0.006870,42.477703,-0.904180
1.264342,0.931923,0.681997,0.582450,0.448020,0.275262,0.081013,0.006870,41.528327,0.001799
1.134389,0.883787,0.663128,0.562236,0.443069,0.271185,0.081003,0.008550,27.923778,5.297589
1.270829,0.933664,0.675716,0.569719,0.445561,0.271538,0.081095,0.008766,39.984331,0.293606
1.273399,0.933496,0.675780,0.569702,0.445395,0.271511,0.081122,0.008766,40.309292,0.000000
1.116039,0.884353,0.653823,0.562918,0.435190,0.263804,0.073774,-0.004738,27.589144,5.139951
1.260731,0.933352,0.671943,0.571971,0.438374,0.264013,0.073925,-0.004818,40.222553,0.447948
1.259596,0.934488,0.671328,0.571588,0.438508,0.264114,0.073925,-0.004818,40.400457,-0.001387
1.106437,0.881022,0.648620,0.552995,0.433377,0.262100,0.074931,0.006982,27.550610,5.014496
1.261668,0.921441,0.663612,0.561469,0.435915,0.264490,0.074678,0.007002,40.380354,0.031062
1.261917,0.921632,0.663388,0.561388,0.435909,0.264459,0.074678,0.007002,40.438385,0.000000
1.129299,0.877158,0.645679,0.544189,0.433446,0.259037,0.074328,-0.000801,28.220332,4.917847
1.250899,0.924459,0.664086,0.552310,0.435814,0.260208,0.074082,-0.000781,42.239781,-0.124262
1.252474,0.923825,0.663921,0.552352,0.435923,0.260212,0.074103,-0.000781,42.072285,0.000000
1.128548,0.863828,0.641776,0.548248,0.426874,0.252557,0.062892,0.004394,27.977381,5.052884
1.265581,0.914767,0.651908,0.554538,0.429052,0.253289,0.063088,0.004533,39.700023,-0.274558
1.264555,0.915229,0.651905,0.554338,0.428947,0.253370,0.063065,0.004533,39.349847,0.000000
1.105794,0.861468,0.633029,0.537511,0.425756,0.249445,0.067406,-0.001255,27.864731,5.025236
1.238248,0.903792,0.647402,0.546968,0.430411,0.249915,0.066853,-0.001236,40.790067,0.106852
1.238491,0.904499,0.647447,0.547022,0.430330,0.249893,0.066814,-0.001236,40.789783,0.000000
1.108508,0.859320,0.637396,0.542632,0.425218,0.253344,0.072749,-0.003363,27.555296,5.489322
1.255339,0.910518,0.651629,0.547840,0.427155,0.253986,0.072572,-0.003403,40.615147,0.176991
1.257118,0.910145,0.652122,0.547749,0.427393,0.253966,0.072533,-0.003403,40.330980,0.000000
1.089885,0.858233,0.643730,0.542997,0.422225,0.253119,0.066379,0.006559,27.749419,5.294265
1.218553,0.893237,0.657116,0.550587,0.425442,0.254211,0.066391,0.006520,40.319406,-0.072458
1.221214,0.893203,0.657258,0.551130,0.425386,0.254202,0.066391,0.006520,40.344496,0.000000
1.261823,0.941629,0.673796,0.577722,0.441566,0.262692,0.067332,-0.002068,34.205908,6.210878
1.313435,0.952521,0.678122,0.580064,0.441886,0.263004,0.067199,-0.002068,48.534940,-0.188617
1.312732,0.952529,0.678122,0.579980,0.441886,0.263004,0.067199,-0.002068,48.013646,0.000000
1.287824,0.958158,0.689059,0.589011,0.443737,0.276820,0.072418,0.002209,33.789414,5.100247
1.345129,0.973015,0.692994,0.591558,0.445042,0.277438,0.072565,0.002209,47.451982,0.181982
1.346438,0.972726,0.692994,0.591538,0.445042,0.277438,0.072565,0.002209,48.033247,0.000000
1.282574,0.961376,0.680863,0.588957,0.440608,0.278002,0.078891,0.006067,34.520706,5.806223
1.339044,0.973348,0.687142,0.591365,0.441268,0.278143,0.079038,0.006028,47.861390,0.010320
1.339044,0.973348,0.687136,0.591365,0.441268,0.278143,0.079038,0.006028,47.871710,0.000000
1.272080,0.979535,0.689233,0.582490,0.445439,0.267390,0.072414,0.004077,33.314001,5.970748
1.347181,0.988300,0.692547,0.585503,0.446066,0.267442,0.072401,0.004077,47.630030,0.000000
1.348873,0.988300,0.692399,0.585503,0.446066,0.267442,0.072401,0.004077,47.630030,0.000000
1.274738,0.961630,0.688329,0.582966,0.446591,0.274703,0.078197,-0.005236,34.381725,5.758386
1.321936,0.977147,0.692837,0.584093,0.446926,0.274793,0.078127,-0.005236,46.745223,0.000000
1.321936,0.977147,0.692837,0.584093,0.446908,0.274793,0.078127,-0.005236,46.743728,0.000000
1.285183,0.968234,0.695003,0.592931,0.449378,0.273021,0.083983,0.004925,34.448525,5.890297
1.332968,0.981673,0.698394,0.594152,0.450263,0.273303,0.084131,0.004925,45.012028,0.356530
1.332343,0.981673,0.698569,0.594152,0.450263,0.273303,0.084131,0.004925,45.012028,0.000000
1.287121,0.961935,0.696773,0.596103,0.451790,0.279823,0.074978,-0.001743,34.417730,4.740277
1.336756,0.977682,0.700690,0.599819,0.452736,0.280055,0.075126,-0.001743,46.737383,-0.007950
1.336756,0.977682,0.700690,0.599817,0.452736,0.280055,0.075126,-0.001743,46.627390,0.000000
1.276260,0.962953,0.692842,0.594811,0.447485,0.282035,0.076885,0.006723,34.125835,4.365206
1.322380,0.971854,0.697374,0.597737,0.449555,0.282179,0.077037,0.006723,44.559529,0.004746
1.322380,0.971854,0.697528,0.597687,0.449592,0.282179,0.077037,0.006723,44.570385,0.000000
1.272586,0.963040,0.691430,0.595211,0.460576,0.277059,0.087662,-0.000209,33.886506,5.390254
1.321893,0.978457,0.698221,0.597605,0.460988,0.277064,0.087773,-0.000209,45.355854,0.000000
1.321893,0.978457,0.698205,0.597708,0.461049,0.277064,0.087773,-0.000209,45.354407,0.000000
1.271323,0.952584,0.705322,0.598250,0.457858,0.273898,0.081325,0.001560,34.883924,5.178809
1.320391,0.963036,0.707304,0.600094,0.459398,0.273980,0.081253,0.001560,48.174029,0.000000
1.320391,0.963036,0.707304,0.600094,0.459398,0.273980,0.081253,0.001560,48.174029,0.000000
1.248447,0.944789,0.700658,0.597390,0.450924,0.276498,0.075151,0.011167,34.038583,7.021306
1.304793,0.956804,0.704754,0.599746,0.452273,0.277017,0.075227,0.011324,49.895381,0.561665
1.304290,0.957008,0.704754,0.599746,0.452273,0.277017,0.075227,0.011324,50.767697,0.000000
1.222807,0.927740,0.688735,0.591440,0.453381,0.279199,0.081982,0.005785,33.938915,5.389651
1.269892,0.940527,0.692415,0.592293,0.453582,0.279659,0.081915,0.005726,48.262014,0.011318
1.270890,0.940527,0.692265,0.592293,0.453609,0.279659,0.081915,0.005726,48.117501,0.000000
1.257847,0.934625,0.682358,0.576162,0.450750,0.274603,0.080457,0.009300,35.328780,3.876558
1.289733,0.942815,0.686212,0.577640,0.451561,0.274077,0.080439,0.009300,45.157417,0.000000
1.289733,0.942815,0.686360,0.577640,0.451561,0.274077,0.080439,0.009300,45.157417,0.000000
1.229816,0.931114,0.676276,0.577272,0.446418,0.267299,0.077509,-0.004428,34.690933,5.599158
1.275114,0.938427,0.679614,0.580048,0.447360,0.267289,0.077362,-0.004428,47.152665,0.000000
1.275114,0.938427,0.679614,0.580050,0.447360,0.267289,0.077362,-0.004428,47.152665,0.000000
1.226657,0.917265,0.670345,0.566321,0.441114,0.269262,0.075385,0.005192,34.139551,5.259083
1.270383,0.931911,0.671651,0.569411,0.442397,0.268893,0.075239,0.005192,45.019514,0.355717
1.270383,0.931659,0.671619,0.569522,0.442397,0.268893,0.075239,0.005192,45.018175,0.000000
1.223733,0.920899,0.668401,0.558612,0.439741,0.264946,0.075387,-0.001808,34.344347,6.076872
1.268667,0.932418,0.671942,0.558952,0.440021,0.264508,0.075376,-0.001808,48.280510,-0.045171
1.268667,0.932418,0.671942,0.558952,0.440021,0.264508,0.075376,-0.001808,48.280510,0.000000
1.237764,0.913265,0.654540,0.561713,0.435154,0.255517,0.064364,0.003800,34.100037,4.802075
1.279880,0.925393,0.658935,0.562834,0.435817,0.255498,0.064303,0.003800,45.211544,0.204949
1.279880,0.925401,0.658935,0.562834,0.435802,0.255498,0.064303,0.003800,45.559336,0.000000
1.210549,0.900496,0.653002,0.552217,0.433587,0.253862,0.067820,-0.002682,34.596240,4.078908
1.245743,0.909039,0.655876,0.554152,0.434057,0.253969,0.067892,-0.002682,44.073352,-0.001077
1.245766,0.909418,0.655876,0.554079,0.434009,0.253969,0.067892,-0.002682,44.099281,0.000000
1.224834,0.910017,0.659645,0.554838,0.433942,0.255932,0.072632,-0.002248,34.161740,4.492292
1.265626,0.920875,0.661667,0.556438,0.434634,0.256113,0.072595,-0.002248,44.288314,-0.280492
1.265626,0.920875,0.661667,0.556438,0.434639,0.256113,0.072595,-0.002248,44.288314,0.000000
1.200083,0.893497,0.664634,0.557137,0.427777,0.257958,0.067159,0.005327,34.928589,4.441600
1.231017,0.902239,0.667700,0.558479,0.428803,0.258227,0.066996,0.005327,47.460418,0.000587
1.231485,0.902197,0.667696,0.558479,0.428803,0.258227,0.066996,0.005327,46.897608,0.000000
1.269396,0.929042,0.629868,0.447242,0.047771,0.012131,0.000200,0.000540,29.106535,1.617739
1.312140,0.953338,0.659633,0.485942,0.047483,0.012131,0.000200,0.000540,31.882321,0.025080
1.312140,0.953152,0.659832,0.490409,0.047483,0.012131,0.000200,0.000540,31.952345,0.004398
1.305375,0.935479,0.642666,0.453539,0.045739,0.001634,0.008156,-0.001890,29.148000,1.487016
1.345712,0.969228,0.671007,0.499027,0.046213,0.001634,0.008156,-0.001890,31.912573,0.003423
1.345712,0.969147,0.671769,0.500767,0.046213,0.001634,0.008156,-0.001890,31.939542,-0.000791
1.289104,0.939093,0.638836,0.449044,0.041359,0.003505,0.001034,0.004171,28.968948,1.655267
1.339685,0.969389,0.666955,0.488159,0.041412,0.003505,0.001034,0.004170,31.940169,0.019852
1.341618,0.969172,0.667616,0.491616,0.041412,0.003505,0.001034,0.004170,31.976107,-0.000133
1.316038,0.960654,0.640044,0.449558,0.052216,-0.004900,0.004874,-0.000678,29.316702,1.478323
1.347921,0.984128,0.674613,0.491416,0.052495,-0.004900,0.004874,-0.000678,31.881532,0.027938
1.348568,0.984404,0.674756,0.494352,0.052438,-0.004900,0.004874,-0.000678,31.931878,0.000411
1.283784,0.945873,0.643138,0.450114,0.046070,0.004359,-0.006936,-0.002462,29.229025,1.524471
1.323461,0.976073,0.669898,0.492432,0.046118,0.004359,-0.006936,-0.002462,31.917045,0.020998
1.323461,0.976079,0.670768,0.493875,0.046156,0.004359,-0.006936,-0.002462,31.974744,-0.002673
1.269796,0.950058,0.646056,0.453660,0.042155,0.003532,0.004192,0.002072,28.885397,1.848688
1.331527,0.975514,0.678735,0.500881,0.042268,0.003532,0.004192,0.002072,31.941803,0.012513
1.330896,0.975856,0.678910,0.504382,0.042268,0.003532,0.004192,0.002072,32.001054,0.004648
1.278410,0.952718,0.651703,0.453462,0.042804,-0.001685,0.005068,-0.011062,29.068170,1.791527
1.338596,0.975932,0.680992,0.497980,0.042909,-0.001685,0.005068,-0.011123,31.898403,0.024587
1.338596,0.975902,0.682285,0.501225,0.042909,-0.001685,0.005068,-0.011123,31.941740,0.001517
1.286634,0.947005,0.652437,0.460371,0.048746,0.007134,0.006472,-0.002004,29.312017,1.617579
1.328547,0.971901,0.679438,0.502366,0.048989,0.007115,0.006472,-0.002004,31.944583,0.005959
1.328547,0.972213,0.680050,0.504824,0.049008,0.007115,0.006472,-0.002004,31.977349,0.003425
1.285735,0.946045,0.652973,0.446693,0.049269,-0.002263,-0.005884,0.000820,29.222116,1.611749
1.320275,0.974984,0.679131,0.492703,0.048976,-0.002263,-0.005884,0.000820,31.882402,0.020700
1.320275,0.974984,0.679387,0.496766,0.048976,-0.002263,-0.005884,0.000820,31.945328,0.000726
1.272305,0.929280,0.653671,0.455845,0.047880,0.007949,0.001025,0.002319,29.002637,1.709920
1.318764,0.959251,0.683446,0.504801,0.047808,0.007949,0.001025,0.002319,31.889929,0.016352
1.318764,0.959681,0.684182,0.509204,0.047769,0.007949,0.001025,0.002319,31.924353,-0.001149
1.253375,0.930262,0.656049,0.457894,0.050791,0.005023,0.009385,-0.006265,29.040876,1.655523
1.302884,0.953830,0.681966,0.504123,0.051272,0.005043,0.009385,-0.006265,31.877706,0.020400
1.302884,0.953225,0.681868,0.505062,0.051275,0.005043,0.009385,-0.006265,31.912507,0.001605
1.236640,0.913379,0.637588,0.458153,0.051867,0.006550,0.000350,-0.000859,29.101399,1.552431
1.269523,0.936508,0.666531,0.495455,0.051484,0.006550,0.000350,-0.000859,31.769035,0.010770
1.269523,0.936998,0.666737,0.498455,0.051484,0.006550,0.000350,-0.000859,31.796033,0.002998
1.268118,0.913091,0.636805,0.445245,0.046943,-0.001701,0.001348,0.001687,29.306721,1.346514
1.288702,0.938494,0.665674,0.486286,0.046945,-0.001701,0.001348,0.001687,31.825967,0.026338
1.288720,0.938914,0.665520,0.489708,0.046945,-0.001701,0.001348,0.001687,31.876888,0.003899
1.247283,0.910475,0.632900,0.447514,0.039836,0.001026,0.001848,0.000498,29.358101,1.351176
1.275298,0.934903,0.660292,0.485177,0.040173,0.001026,0.001848,0.000498,31.752626,0.001989
1.275298,0.935045,0.660383,0.489099,0.040190,0.001026,0.001848,0.000498,31.771669,0.001141
1.247457,0.909316,0.627480,0.437676,0.050585,0.002740,-0.002531,-0.001477,29.339642,1.355669
1.269773,0.931620,0.650552,0.473887,0.050322,0.002740,-0.002531,-0.001477,31.749532,0.008872
1.269773,0.931362,0.650970,0.476780,0.050322,0.002740,-0.002531,-0.001477,31.781442,-0.000508
1.235606,0.905678,0.622342,0.434019,0.047907,0.000551,-0.001547,-0.002229,29.074381,1.608587
1.269408,0.931976,0.648514,0.469072,0.048626,0.000551,-0.001607,-0.002229,31.650448,0.017755
1.269408,0.932274,0.648719,0.472364,0.048626,0.000551,-0.001607,-0.002229,31.714996,0.001471
1.256348,0.898112,0.610527,0.437768,0.040912,0.001502,0.000775,0.000080,29.426675,1.340900
1.286037,0.923078,0.637584,0.472630,0.040749,0.001502,0.000775,0.000080,31.739574,0.001369
1.286037,0.923365,0.638758,0.476689,0.040750,0.001502,0.000775,0.000080,31.771268,-0.000539
1.208216,0.886629,0.606936,0.431204,0.046707,-0.001267,-0.003962,-0.002834,28.871001,1.589042
1.246306,0.908130,0.634498,0.468253,0.046777,-0.001267,-0.003962,-0.002834,31.696668,0.014216
1.246306,0.907892,0.635220,0.470339,0.046739,-0.001267,-0.003962,-0.002834,31.734237,0.000047
1.232335,0.891705,0.611737,0.431689,0.045137,-0.005409,0.002301,0.000873,29.109259,1.622730
1.265705,0.915682,0.639214,0.467565,0.045130,-0.005409,0.002301,0.000873,31.765161,0.022883
1.265705,0.915819,0.639454,0.468853,0.045130,-0.005409,0.002301,0.000873,31.820239,-0.001506
1.202021,0.875625,0.619912,0.439028,0.047811,0.005350,0.001691,0.003374,29.148143,1.475537
1.233391,0.899989,0.646307,0.473834,0.047514,0.005350,0.001691,0.003374,31.745653,0.008801
1.233391,0.900112,0.646144,0.475395,0.047480,0.005350,0.001691,0.003374,31.769669,0.000349
1.297431,0.939215,0.653349,0.518570,0.296510,0.006696,0.002157,-0.002071,32.778097,1.627756
1.311801,0.956020,0.669401,0.544481,0.310650,0.006774,0.002197,-0.002051,35.740515,0.008664
1.311801,0.956020,0.669561,0.544837,0.311093,0.006754,0.002197,-0.002051,35.763819,0.000437
1.340614,0.957765,0.670638,0.529179,0.295914,0.011166,0.000951,-0.004959,33.068803,1.471878
1.348489,0.972370,0.686650,0.555099,0.319665,0.011286,0.000951,-0.004959,35.633487,0.016481
1.348489,0.972370,0.686322,0.556023,0.322080,0.011286,0.000951,-0.004959,35.672403,0.002842
1.328733,0.957971,0.662852,0.525920,0.297989,0.009412,-0.001497,0.004099,32.800196,1.670459
1.343556,0.973633,0.677279,0.552414,0.313687,0.009294,-0.001497,0.004059,35.770424,0.015834
1.343556,0.973332,0.677234,0.553554,0.314446,0.009294,-0.001497,0.004059,35.809009,0.000522
1.342071,0.977967,0.667515,0.522676,0.296871,0.013761,-0.002218,-0.002428,33.179820,1.242187
1.353678,0.987983,0.684184,0.547382,0.317181,0.013663,-0.002258,-0.002428,35.863080,0.022821
1.353678,0.987983,0.683994,0.547991,0.319096,0.013663,-0.002258,-0.002428,35.920930,0.004494
1.308372,0.959245,0.666556,0.523664,0.299141,0.012343,0.009141,0.001940,32.552489,1.758369
1.325195,0.976909,0.681079,0.549234,0.319522,0.012439,0.009220,0.001940,35.617837,0.020995
1.325195,0.976909,0.681230,0.550788,0.320690,0.012499,0.009220,0.001940,35.693547,0.002660
1.325618,0.970565,0.671555,0.535309,0.295139,0.010704,0.001723,-0.000191,33.155505,1.355674
1.334927,0.979025,0.687831,0.556809,0.317401,0.010665,0.001723,-0.000191,35.918500,0.023663
1.334927,0.979025,0.688077,0.558165,0.320310,0.010665,0.001723,-0.000191,35.984399,0.002886
1.324092,0.962801,0.675964,0.530714,0.300366,0.008161,0.002551,0.000030,32.960312,1.349674
1.338011,0.974919,0.692691,0.563339,0.319420,0.008160,0.002551,0.000030,35.931260,0.033379
1.338011,0.974919,0.693004,0.564889,0.322210,0.008160,0.002551,0.000030,35.972931,0.003004
1.321219,0.959160,0.674753,0.537129,0.296095,0.011708,0.003893,-0.007813,33.051883,1.367199
1.328294,0.971407,0.689891,0.565046,0.317586,0.011728,0.003893,-0.007873,35.781150,0.015095
1.328294,0.971407,0.690062,0.565265,0.319582,0.011728,0.003893,-0.007873,35.804501,0.000401
1.312485,0.964450,0.670666,0.531482,0.306855,0.012441,-0.000050,-0.000189,32.882124,1.632781
1.325010,0.979102,0.689867,0.563782,0.327474,0.012499,-0.000050,-0.000189,35.846838,0.009997
1.325010,0.978921,0.690518,0.565067,0.329896,0.012499,-0.000050,-0.000189,35.864313,-0.000325
1.317491,0.944465,0.682734,0.538355,0.306267,0.015954,-0.003989,0.002799,33.077310,1.378309
1.322796,0.962722,0.699518,0.563500,0.326648,0.016029,-0.003989,0.002799,35.796757,0.005590
1.322796,0.962722,0.699672,0.564029,0.327705,0.016029,-0.003989,0.002799,35.815761,-0.000241
1.293770,0.946269,0.675739,0.533694,0.302287,0.010964,0.000039,-0.001455,32.935027,1.422513
1.304291,0.957079,0.694079,0.559896,0.320375,0.010905,0.000039,-0.001455,35.816256,0.015333
1.304291,0.957080,0.694349,0.561198,0.322760,0.010905,0.000039,-0.001455,35.859696,0.000650
1.256432,0.928669,0.662878,0.527460,0.297933,0.007655,0.008051,0.004160,32.338730,1.875916
1.273605,0.940808,0.682661,0.553457,0.316865,0.007695,0.008051,0.004160,35.801107,0.015380
1.274817,0.940808,0.682887,0.554175,0.319646,0.007695,0.008051,0.004160,35.842553,0.003036
1.276040,0.930087,0.661254,0.512122,0.301374,0.016276,-0.000616,-0.000742,32.697694,1.432840
1.288417,0.943038,0.676588,0.541222,0.318120,0.016198,-0.000616,-0.000742,35.557848,0.028597
1.288417,0.943048,0.676986,0.541586,0.318969,0.016198,-0.000616,-0.000742,35.616423,0.000231
1.258961,0.929426,0.654843,0.521696,0.297769,0.003894,-0.001355,0.004339,32.807467,1.594929
1.277898,0.937319,0.668604,0.544621,0.315883,0.003954,-0.001355,0.004339,35.723513,0.015187
1.277898,0.937319,0.669068,0.545228,0.317253,0.003954,-0.001355,0.004339,35.756597,0.000952
1.262429,0.919749,0.646464,0.511415,0.303431,0.013156,-0.008938,0.003805,32.931686,1.555317
1.273082,0.931100,0.664381,0.536140,0.319726,0.013079,-0.008938,0.003805,35.777682,0.019240
1.273082,0.931349,0.663649,0.536587,0.321142,0.013079,-0.008938,0.003805,35.818281,0.000201
1.262547,0.922832,0.647985,0.500143,0.289423,0.008145,0.008374,-0.000883,33.131040,1.192699
1.271153,0.931903,0.660176,0.522074,0.307452,0.008205,0.008374,-0.000883,35.658132,0.007395
1.271153,0.931903,0.660649,0.523093,0.308061,0.008244,0.008374,-0.000883,35.691287,-0.002345
1.280474,0.915651,0.635889,0.504187,0.289774,0.012010,-0.000060,-0.005169,33.355458,0.962699
1.285499,0.924427,0.648236,0.525114,0.309525,0.011894,-0.000060,-0.005169,35.663049,0.014684
1.285499,0.924427,0.648846,0.525586,0.311420,0.011894,-0.000060,-0.005169,35.667614,0.000622
1.244105,0.903338,0.637731,0.498222,0.286413,0.003961,-0.000885,0.002688,33.232985,1.095178
1.247849,0.911518,0.648928,0.520196,0.304137,0.003941,-0.000885,0.002688,35.498763,-0.004466
1.247849,0.911524,0.649108,0.520811,0.305353,0.003941,-0.000885,0.002688,35.508327,0.003411
1.256131,0.909467,0.641549,0.502042,0.292562,0.017613,0.001255,-0.002294,32.836645,1.610615
1.267261,0.918214,0.651865,0.522746,0.308198,0.017634,0.001255,-0.002294,35.594386,0.005106
1.267261,0.918257,0.651534,0.523601,0.310027,0.017634,0.001255,-0.002294,35.626362,0.005009
1.228307,0.892229,0.643703,0.501854,0.289860,0.016616,-0.007899,-0.001103,32.964088,1.299006
1.233693,0.902540,0.657969,0.520975,0.306651,0.016656,-0.007939,-0.001103,35.646318,0.015676
1.233693,0.902540,0.658549,0.521410,0.308679,0.016656,-0.007939,-0.001103,35.667704,0.002450
1.312977,0.954661,0.675680,0.558638,0.392848,0.119652,0.000691,-0.001799,37.787970,0.634601
1.312972,0.955809,0.677805,0.570048,0.404430,0.120708,0.000691,-0.001799,39.342411,0.002719
1.312972,0.955809,0.677805,0.569767,0.404518,0.120926,0.000691,-0.001799,39.353933,-0.000045
1.342745,0.971117,0.686302,0.568486,0.397687,0.123626,0.002637,-0.003432,37.181362,1.297376
1.348479,0.975037,0.692049,0.582110,0.410419,0.126591,0.002697,-0.003432,39.547614,-0.001543
1.348479,0.975037,0.692035,0.582063,0.410849,0.126683,0.002697,-0.003432,39.552865,0.001998
1.341607,0.971097,0.682850,0.570970,0.396157,0.127769,0.001172,0.006736,37.472012,1.022763
1.343545,0.975525,0.688173,0.580576,0.407453,0.129550,0.001172,0.006696,39.634891,0.007056
1.343545,0.975525,0.688337,0.580799,0.407709,0.129909,0.001172,0.006696,39.646269,-0.000729
1.346122,0.985539,0.688409,0.562435,0.401122,0.125169,-0.002236,0.000470,36.937900,1.532255
1.353023,0.990573,0.692582,0.572323,0.412861,0.127548,-0.002236,0.000470,39.931158,0.018872
1.353023,0.990558,0.693066,0.572605,0.413549,0.127208,-0.002236,0.000470,39.965950,0.000261
1.315859,0.975739,0.686639,0.565165,0.400887,0.125172,-0.000715,-0.000301,36.894410,1.626326
1.325195,0.980613,0.691971,0.575966,0.414462,0.128409,-0.000715,-0.000301,39.722270,0.020418
1.325195,0.980613,0.692226,0.576380,0.414498,0.128647,-0.000715,-0.000301,39.768545,0.000600
1.333372,0.975904,0.686100,0.574316,0.400309,0.126711,-0.004350,-0.004539,36.928451,1.260610
1.335868,0.981264,0.694620,0.583284,0.415942,0.127686,-0.004350,-0.004539,39.603195,0.010258
1.335868,0.981264,0.694600,0.583638,0.416684,0.127800,-0.004350,-0.004539,39.618278,0.000048
1.333875,0.974577,0.695798,0.577971,0.403242,0.127388,0.003940,-0.006324,36.981137,1.654214
1.339882,0.978852,0.701817,0.587087,0.418750,0.128581,0.003980,-0.006324,39.677957,-0.007359
1.339882,0.978852,0.701680,0.587434,0.418816,0.128679,0.003980,-0.006324,39.632705,-0.001356
1.325998,0.972031,0.694212,0.575858,0.402062,0.125825,0.006387,-0.006217,37.539354,1.114886
1.330097,0.974863,0.698212,0.584396,0.414132,0.128111,0.006367,-0.006217,39.626806,0.001064
1.330097,0.974863,0.698364,0.583944,0.414825,0.127949,0.006367,-0.006217,39.645419,-0.000097
1.323102,0.974103,0.692587,0.573673,0.410353,0.125628,-0.001116,-0.008474,37.444682,1.193976
1.325582,0.979791,0.698601,0.587966,0.423657,0.127953,-0.001116,-0.008474,39.601837,0.013823
1.325582,0.979791,0.698451,0.587888,0.424112,0.128099,-0.001116,-0.008474,39.622661,-0.000821
1.320954,0.955019,0.700236,0.581279,0.412178,0.127979,0.000621,-0.003491,36.896982,1.329707
1.322480,0.963091,0.705773,0.592182,0.423848,0.130576,0.000621,-0.003491,39.676795,0.011071
1.322480,0.963085,0.705601,0.592045,0.424550,0.130331,0.000621,-0.003491,39.688308,0.000245
1.301489,0.953060,0.696900,0.578768,0.404570,0.124456,-0.002245,-0.006587,36.985288,1.260240
1.304297,0.958497,0.702672,0.587828,0.415333,0.125515,-0.002245,-0.006587,39.686959,0.003287
1.304297,0.958497,0.702520,0.587901,0.415287,0.125775,-0.002245,-0.006587,39.696631,0.000492
1.272807,0.939519,0.687181,0.571854,0.400647,0.129830,0.005806,-0.000800,37.502317,0.904298
1.274309,0.942522,0.690572,0.581096,0.415681,0.130092,0.005825,-0.000800,39.541273,0.006122
1.274309,0.942522,0.690572,0.581185,0.415383,0.129561,0.005825,-0.000800,39.552051,-0.000998
1.280960,0.939338,0.678722,0.558539,0.402604,0.125147,-0.001415,-0.009729,36.368455,1.901700
1.289781,0.946145,0.685774,0.566053,0.415105,0.129639,-0.001415,-0.009690,39.578325,-0.003442
1.289781,0.946145,0.685774,0.566079,0.415801,0.129991,-0.001415,-0.009690,39.573067,0.002341
1.277898,0.938819,0.674475,0.557396,0.399711,0.120605,0.000020,-0.004559,37.997754,0.502937
1.277898,0.941972,0.677452,0.566453,0.414713,0.119062,0.000020,-0.004559,39.424969,0.000000
1.277898,0.941972,0.677359,0.566557,0.415033,0.119245,0.000020,-0.004559,39.431900,-0.000786
1.266784,0.930998,0.666042,0.546553,0.397539,0.123008,-0.003455,0.002222,37.004532,1.266857
1.273079,0.933917,0.671829,0.556621,0.407291,0.125070,-0.003455,0.002222,39.256744,0.007157
1.273079,0.933917,0.671931,0.556503,0.407246,0.125225,-0.003455,0.002222,39.276152,-0.000491
1.269897,0.932027,0.668025,0.539441,0.391813,0.116233,0.004206,0.000220,37.512720,0.862022
1.271153,0.935161,0.672418,0.549020,0.404950,0.119073,0.004226,0.000220,39.370583,-0.000707
1.271153,0.935161,0.672271,0.548669,0.404548,0.119279,0.004226,0.000220,39.369238,-0.001504
1.283038,0.925243,0.652896,0.545008,0.388379,0.114582,-0.000277,0.002316,37.514626,1.271091
1.286037,0.927150,0.658091,0.550473,0.401766,0.117819,-0.000277,0.002316,39.634540,-0.000048
1.286037,0.927150,0.658250,0.550458,0.402100,0.118292,-0.000277,0.002316,39.663465,0.002195
1.247115,0.909946,0.650822,0.536508,0.390023,0.113110,0.006063,-0.003973,37.345193,0.980290
1.248315,0.913521,0.654781,0.544389,0.397817,0.114135,0.006063,-0.003973,39.561974,-0.000143
1.248315,0.913521,0.654781,0.544514,0.398225,0.114236,0.006063,-0.003973,39.572948,-0.001146
1.264330,0.917611,0.655528,0.537791,0.387760,0.117801,0.013546,-0.005526,37.134794,1.335796
1.267281,0.921603,0.661100,0.546676,0.402367,0.117719,0.013526,-0.005526,39.481436,0.007725
1.267281,0.921603,0.661100,0.546674,0.402691,0.117832,0.013526,-0.005526,39.497791,-0.000798
1.231972,0.900806,0.659797,0.542101,0.384350,0.110652,0.007661,0.003976,37.188056,1.161509
1.234764,0.904137,0.665835,0.549080,0.396365,0.111775,0.007700,0.003976,39.544285,0.002611
1.234764,0.904137,0.665836,0.549022,0.396175,0.111697,0.007700,0.003976,39.554119,-0.001664
1.312994,0.953930,0.678202,0.576007,0.431329,0.239285,0.012238,-0.000010,41.852886,1.001023
1.312986,0.956409,0.678943,0.579818,0.434021,0.241712,0.011929,-0.000010,44.149759,0.003702
1.312986,0.956409,0.678943,0.579818,0.434042,0.241920,0.012028,-0.000010,44.161766,-0.000481
1.349121,0.974942,0.693130,0.588007,0.432650,0.245600,0.015295,0.002412,42.291787,0.671735
1.349121,0.975486,0.695497,0.590507,0.437101,0.251789,0.014699,0.002412,43.734860,0.000561
1.349121,0.975486,0.695497,0.590498,0.437328,0.251632,0.014720,0.002412,43.739035,0.000561
1.339331,0.975358,0.687441,0.587134,0.429635,0.249996,0.020219,-0.002857,41.507909,1.774139
1.343561,0.975737,0.689392,0.589718,0.432116,0.253709,0.020292,-0.002857,44.167421,-0.009140
1.343561,0.975737,0.689392,0.589835,0.432309,0.253527,0.020274,-0.002857,44.155604,0.000961
1.349203,0.991073,0.693653,0.578943,0.430102,0.240251,0.015728,0.002263,41.861161,1.505205
1.354337,0.991073,0.695663,0.582345,0.436923,0.245974,0.016298,0.002263,44.219206,-0.005219
1.354337,0.991073,0.695663,0.582233,0.437027,0.245981,0.016319,0.002263,44.220111,-0.001114
1.325195,0.978987,0.694654,0.581751,0.434091,0.247558,0.014082,0.002834,42.738074,0.501733
1.325195,0.979793,0.694875,0.582640,0.438526,0.250335,0.014109,0.002834,44.104618,-0.001830
1.325195,0.979793,0.694875,0.582640,0.438342,0.250285,0.014109,0.002834,44.104076,0.000000
1.334640,0.979523,0.698307,0.589499,0.437248,0.248227,0.019414,0.002941,41.577633,1.441962
1.336503,0.982668,0.699444,0.593078,0.441873,0.251478,0.019679,0.002941,44.109622,0.003532
1.336503,0.982668,0.699444,0.593133,0.441792,0.251670,0.019698,0.002941,44.124038,0.000272
1.337963,0.977510,0.701104,0.596465,0.435525,0.253471,0.020205,0.003261,41.473919,1.343247
1.339882,0.979482,0.702600,0.599263,0.441593,0.256467,0.020445,0.003261,43.820725,-0.006220
1.339882,0.979482,0.702600,0.599194,0.441730,0.256547,0.020366,0.003261,43.800762,0.000000
1.328216,0.974291,0.700731,0.594173,0.439140,0.251884,0.016400,0.011078,42.041320,1.290670
1.330097,0.975442,0.701249,0.597049,0.442263,0.254389,0.016748,0.011078,44.125878,0.000750
1.329464,0.975442,0.701249,0.597049,0.442365,0.254359,0.016612,0.011078,44.134608,-0.000273
1.325582,0.979367,0.697463,0.594315,0.445729,0.247198,0.025033,0.002545,42.551371,0.888730
1.325582,0.979490,0.700472,0.596525,0.454103,0.251441,0.025023,0.002545,44.131435,0.009631
1.325582,0.979490,0.700472,0.596518,0.454062,0.251204,0.024963,0.002545,44.146814,0.000068
1.322480,0.963492,0.707449,0.596751,0.445739,0.245044,0.020474,-0.002143,42.188270,0.839428
1.322480,0.965357,0.709108,0.600143,0.450773,0.248678,0.020295,-0.002122,44.021072,-0.012139
1.322480,0.965357,0.709108,0.599912,0.451021,0.248937,0.020276,-0.002122,44.008535,0.000000
1.305308,0.958364,0.705147,0.596504,0.439533,0.246308,0.012314,0.000339,42.960642,0.631172
1.305308,0.959196,0.705627,0.598749,0.444363,0.250184,0.012354,0.000339,44.177718,-0.001241
1.305308,0.959196,0.705627,0.598865,0.444272,0.250388,0.012354,0.000339,44.180892,0.000276
1.274817,0.941054,0.692217,0.587713,0.440053,0.249738,0.009765,0.001883,42.023153,0.718214
1.274817,0.942311,0.694606,0.591025,0.443303,0.252329,0.009222,0.001863,43.615848,0.005942
1.274817,0.942311,0.694458,0.591189,0.443156,0.252028,0.009232,0.001863,43.627011,0.000000
1.289781,0.943060,0.684890,0.573881,0.438193,0.243109,0.012238,0.001547,41.681662,0.940188
1.289781,0.946161,0.686805,0.577174,0.441584,0.246027,0.012270,0.001547,44.062292,0.004165
1.289781,0.946161,0.686893,0.577240,0.441755,0.245742,0.012250,0.001547,44.065382,-0.000403
1.276587,0.940387,0.680312,0.573876,0.431590,0.237139,0.011422,-0.001065,41.989263,1.159392
1.277390,0.941691,0.680995,0.578157,0.436455,0.241882,0.011635,-0.001065,44.167129,-0.004263
1.277390,0.941691,0.680995,0.578208,0.436435,0.241499,0.011693,-0.001065,44.142023,-0.000274
1.273082,0.933902,0.673076,0.565591,0.430597,0.243107,0.009511,0.001267,42.726518,0.586147
1.273082,0.934717,0.673849,0.568063,0.432907,0.245706,0.009293,0.001228,44.062795,-0.000755
1.273082,0.934717,0.673849,0.568103,0.432844,0.246052,0.009312,0.001228,44.061973,-0.000134
1.270152,0.933707,0.674476,0.554927,0.426821,0.238023,0.017792,-0.003139,41.582088,1.116109
1.271153,0.934921,0.674808,0.557904,0.432483,0.238427,0.017872,-0.003139,43.886808,-0.005221
1.271153,0.934921,0.674808,0.557904,0.432512,0.238337,0.017890,-0.003139,43.877402,0.000000
1.286037,0.926399,0.657788,0.559963,0.423540,0.228916,0.008364,-0.002725,42.053988,0.687391
1.286037,0.927252,0.659038,0.560614,0.428196,0.230649,0.008274,-0.002725,43.717939,0.000744
1.286037,0.927252,0.659038,0.560614,0.427848,0.230968,0.008274,-0.002725,43.717815,0.000000
1.249027,0.910962,0.656723,0.551885,0.422645,0.227793,0.019686,0.003427,41.737642,1.216257
1.249027,0.914060,0.657670,0.553894,0.426247,0.232436,0.019609,0.003427,44.025697,0.003131
1.249027,0.914060,0.657670,0.553821,0.426315,0.231945,0.019609,0.003427,44.024632,0.000666
1.267281,0.919876,0.663451,0.552500,0.421327,0.229625,0.016265,-0.002233,42.212315,1.282285
1.267281,0.922962,0.664618,0.554784,0.425818,0.232041,0.016463,-0.002233,44.222323,0.003346
1.267281,0.922962,0.664618,0.554784,0.425815,0.232437,0.016463,-0.002233,44.236000,-0.000419
1.234764,0.903360,0.666147,0.553464,0.417661,0.231257,0.012109,-0.003442,41.614539,0.951724
1.234764,0.904852,0.667966,0.556041,0.419195,0.233837,0.012699,-0.003442,43.591332,0.002712
1.234764,0.904852,0.667966,0.556041,0.419045,0.233658,0.012708,-0.003442,43.599594,0.000483
1.313575,0.956449,0.679172,0.580168,0.440969,0.257090,0.061584,-0.005313,47.993136,0.422893
1.313575,0.956461,0.679689,0.581392,0.441633,0.258360,0.061490,-0.005033,49.447599,0.000464
1.313575,0.956461,0.679689,0.581392,0.441646,0.258456,0.061489,-0.005013,49.452881,0.000929
1.349121,0.975720,0.694458,0.591565,0.441676,0.271386,0.064067,0.004011,48.376319,0.773338
1.349121,0.975702,0.695528,0.592910,0.443048,0.272428,0.063982,0.004091,49.434565,0.004109
1.349121,0.975702,0.695528,0.592910,0.443087,0.272431,0.063945,0.004091,49.444931,0.000000
1.343561,0.975100,0.690568,0.591509,0.439906,0.270689,0.074993,0.002944,47.889139,1.085764
1.343561,0.975748,0.690555,0.591239,0.440442,0.272891,0.075854,0.002984,50.137322,-0.000816
1.343561,0.975748,0.690555,0.591239,0.440442,0.272965,0.075781,0.002984,50.134059,0.000000
1.354054,0.990886,0.696096,0.584678,0.443632,0.260322,0.065972,0.014297,46.739093,2.113154
1.354337,0.990563,0.695993,0.586309,0.445839,0.262045,0.066354,0.014257,49.234880,-0.011089
1.354337,0.990563,0.695993,0.586309,0.445770,0.262067,0.066486,0.014257,49.214764,0.000000
1.325195,0.981089,0.694510,0.583425,0.445348,0.267994,0.071144,-0.007743,48.461881,0.472266
1.325195,0.981089,0.694601,0.585026,0.446837,0.268476,0.071172,-0.008061,50.189793,0.002134
1.325195,0.981089,0.694601,0.585026,0.446837,0.268429,0.071440,-0.007962,50.188348,-0.000619
1.336503,0.982343,0.699887,0.594469,0.449332,0.267104,0.074271,-0.002101,48.408670,0.959429
1.336503,0.982972,0.700131,0.595241,0.450139,0.268497,0.073886,-0.002201,49.678550,-0.004342
1.336503,0.982972,0.700131,0.595241,0.450139,0.268614,0.074062,-0.002201,49.666941,0.000000
1.339882,0.979433,0.703753,0.599415,0.449109,0.272893,0.063773,-0.005204,48.326604,0.655590
1.339882,0.979433,0.704725,0.600808,0.451053,0.273822,0.064505,-0.005284,49.751165,0.000311
1.339882,0.979433,0.704725,0.600808,0.451125,0.273972,0.064450,-0.005284,49.752721,0.000000
1.330097,0.974853,0.701241,0.597718,0.446645,0.273220,0.065699,-0.000358,47.733523,0.956491
1.330097,0.975193,0.701911,0.599189,0.448174,0.275349,0.066123,-0.000298,49.718440,0.005994
1.330097,0.975193,0.701911,0.599189,0.448167,0.275255,0.066034,-0.000298,49.733347,0.000000
1.325582,0.979957,0.700726,0.598045,0.458569,0.270586,0.077576,0.003862,47.896236,0.584642
1.325582,0.979992,0.700601,0.598950,0.459641,0.272102,0.077950,0.003665,49.599854,0.000541
1.325582,0.979992,0.700601,0.598950,0.459605,0.272208,0.077966,0.003645,49.596790,0.000000
1.322480,0.965426,0.709773,0.601539,0.457572,0.267171,0.073937,-0.001641,48.656183,0.545679
1.322480,0.965713,0.710138,0.602343,0.458872,0.268102,0.073594,-0.001572,50.109126,0.000878
1.322480,0.965713,0.710138,0.602343,0.458925,0.268139,0.073617,-0.001572,50.115143,0.000000
1.304780,0.959374,0.704996,0.599091,0.450337,0.269813,0.065126,-0.000479,46.203254,2.442015
1.305308,0.959374,0.706109,0.600473,0.451387,0.270672,0.064601,-0.000519,50.024229,-0.000795
1.305308,0.959374,0.706109,0.600473,0.451393,0.270652,0.064641,-0.000499,50.027742,-0.000066
1.274817,0.942044,0.694437,0.593090,0.450334,0.270863,0.073369,0.004352,48.328128,0.991146
1.274817,0.942540,0.694963,0.592766,0.452429,0.272678,0.072342,0.004312,50.284911,-0.003867
1.274817,0.942540,0.694963,0.592766,0.452323,0.272764,0.072369,0.004312,50.291740,-0.001127
1.288382,0.946749,0.687729,0.576862,0.449320,0.268831,0.072556,0.002519,46.232210,2.113257
1.289781,0.946749,0.687646,0.578070,0.449574,0.268388,0.073568,0.002300,50.179687,0.000755
1.289781,0.946749,0.687646,0.578070,0.449574,0.268406,0.073563,0.002340,50.180786,0.000206
1.275859,0.941966,0.680047,0.581062,0.444872,0.261764,0.066992,0.001787,46.475933,2.033130
1.277898,0.941966,0.681017,0.580725,0.445849,0.262376,0.066447,0.001668,49.823180,-0.003351
1.277898,0.941966,0.681017,0.580725,0.445849,0.262389,0.066584,0.001668,49.818060,0.000000
1.273082,0.934344,0.672774,0.569890,0.440489,0.265095,0.067952,0.003675,47.959236,1.059121
1.273082,0.934908,0.673713,0.570407,0.441210,0.265903,0.067192,0.003617,50.037766,-0.002193
1.273082,0.934908,0.673713,0.570407,0.441198,0.265844,0.067171,0.003617,50.032651,0.000000
1.271153,0.935448,0.674727,0.559101,0.438539,0.258108,0.068272,-0.002577,48.151631,0.381194
1.271153,0.935448,0.675551,0.559831,0.439945,0.258901,0.068031,-0.002676,49.203177,0.002084
1.271153,0.935448,0.675551,0.559831,0.439945,0.258959,0.068066,-0.002676,49.207237,0.000000
1.286037,0.927962,0.659520,0.562563,0.432258,0.249542,0.056132,-0.000679,47.640503,0.278277
1.286037,0.927930,0.659708,0.562769,0.433661,0.250564,0.055780,-0.000719,47.979296,-0.001779
1.286037,0.927930,0.659708,0.562769,0.433661,0.250523,0.055747,-0.000719,47.978841,0.000000
1.249027,0.913288,0.657394,0.554582,0.430361,0.249052,0.061185,0.005554,47.057341,1.357315
1.249027,0.913624,0.658293,0.555177,0.432819,0.249584,0.061785,0.005533,49.898211,0.000772
1.249027,0.913624,0.658293,0.555177,0.432819,0.249630,0.061805,0.005533,49.898726,-0.000257
1.267281,0.922962,0.664876,0.555372,0.432206,0.248920,0.065984,0.003749,48.451398,0.250912
1.267281,0.922962,0.664785,0.557554,0.433788,0.249375,0.065130,0.003750,49.428728,0.002311
1.267281,0.922962,0.664785,0.557554,0.433821,0.249285,0.065137,0.003750,49.427572,0.000000
1.234764,0.905272,0.668194,0.558127,0.427618,0.252714,0.059609,0.001863,47.814615,0.615068
1.234764,0.905284,0.668864,0.558421,0.428269,0.254432,0.059182,0.001923,49.503417,-0.000176
1.234764,0.905284,0.668864,0.558421,0.428222,0.254495,0.059183,0.001923,49.500421,0.000000
