0.000444, 0.001134, 0.004942, 0.017726, 0.130317, 0.403597, 0.460987, 0.459724, 32.341791
0.000256, 0.001223, 0.004538, 0.017016, 0.131461, 0.402590, 0.459892, 0.462437, 32.705647
0.000355, 0.001835, 0.005938, 0.028064, 0.212802, 0.426807, 0.459290, 0.455818, 31.184650
0.000424, 0.002180, 0.006116, 0.029899, 0.211480, 0.423877, 0.457939, 0.460790, 30.961217
0.000414, 0.002338, 0.006136, 0.029257, 0.220950, 0.427212, 0.461224, 0.461983, 30.859160
0.000444, 0.002052, 0.006895, 0.029603, 0.220506, 0.423838, 0.459399, 0.460533, 30.911033
0.000720, 0.002239, 0.006076, 0.028922, 0.228861, 0.428287, 0.460227, 0.458619, 30.502099
0.000533, 0.001854, 0.006412, 0.028725, 0.226434, 0.427004, 0.460859, 0.460592, 30.857177
0.000434, 0.001894, 0.006214, 0.028340, 0.212328, 0.421263, 0.461786, 0.459714, 31.038987
0.000424, 0.001805, 0.006264, 0.029405, 0.214508, 0.426274, 0.462072, 0.461450, 31.095637
0.000286, 0.001904, 0.006718, 0.025884, 0.197581, 0.422191, 0.458827, 0.462003, 31.367477
0.000365, 0.001716, 0.005573, 0.026653, 0.196003, 0.422260, 0.458373, 0.460563, 31.413106
0.000286, 0.001272, 0.005721, 0.023161, 0.166390, 0.414615, 0.460543, 0.458836, 32.013922
0.000158, 0.001598, 0.005859, 0.022757, 0.169379, 0.415522, 0.460425, 0.459132, 32.017013
0.000375, 0.001095, 0.004972, 0.018752, 0.132970, 0.401101, 0.458235, 0.460326, 32.407929
0.000158, 0.001430, 0.005228, 0.018900, 0.131826, 0.401249, 0.457909, 0.461608, 32.662456
0.000217, 0.000878, 0.004646, 0.018801, 0.137814, 0.402798, 0.459192, 0.460839, 32.803551
0.000237, 0.000868, 0.004607, 0.018614, 0.136512, 0.408282, 0.459714, 0.462318, 32.791539
0.000404, 0.001154, 0.004340, 0.018101, 0.130889, 0.401703, 0.459872, 0.460987, 32.392345
0.000158, 0.000917, 0.004390, 0.018643, 0.129715, 0.399000, 0.459714, 0.461293, 33.013573
0.000335, 0.001420, 0.004686, 0.020636, 0.148802, 0.407424, 0.461756, 0.464627, 32.191021
0.000444, 0.001361, 0.005485, 0.020232, 0.154928, 0.410363, 0.460888, 0.460553, 31.869377
0.000237, 0.000947, 0.003433, 0.015872, 0.112818, 0.387301, 0.459448, 0.458975, 33.264388
0.000296, 0.000858, 0.004044, 0.015566, 0.113459, 0.385328, 0.459379, 0.460780, 33.053787
0.000109, 0.000454, 0.002456, 0.011058, 0.069918, 0.334793, 0.447374, 0.459103, 34.890724
0.000069, 0.000572, 0.003206, 0.010249, 0.066663, 0.331982, 0.449742, 0.460217, 34.886101
0.000079, 0.000365, 0.002979, 0.009953, 0.065686, 0.336707, 0.452050, 0.459921, 35.117975
0.000109, 0.000592, 0.003275, 0.011078, 0.067846, 0.336362, 0.451862, 0.460651, 34.697343
0.000237, 0.000326, 0.002752, 0.008641, 0.054974, 0.299450, 0.434896, 0.459507, 35.025681
0.000128, 0.000473, 0.002456, 0.009637, 0.055940, 0.302231, 0.434028, 0.461737, 35.198873
0.000197, 0.000612, 0.003926, 0.013810, 0.098445, 0.375247, 0.461312, 0.461855, 33.684934
0.000316, 0.000690, 0.004271, 0.015053, 0.099747, 0.376835, 0.460790, 0.458373, 33.260189
0.000256, 0.000937, 0.003739, 0.017322, 0.122021, 0.394857, 0.460484, 0.461737, 32.997924
0.000187, 0.001046, 0.004567, 0.017746, 0.123560, 0.397037, 0.460079, 0.458353, 32.920199
0.000365, 0.001332, 0.005100, 0.019383, 0.149513, 0.411231, 0.460977, 0.459152, 32.089511
0.000247, 0.001115, 0.004873, 0.019472, 0.145271, 0.408726, 0.457150, 0.460296, 32.498380
0.000345, 0.001559, 0.004488, 0.021317, 0.159446, 0.414250, 0.461954, 0.461549, 31.955345
0.000365, 0.001302, 0.005337, 0.021129, 0.162257, 0.414447, 0.459991, 0.458748, 31.970244
0.000296, 0.001312, 0.004755, 0.020113, 0.156457, 0.414792, 0.459675, 0.459724, 32.207889
0.000345, 0.001490, 0.004616, 0.020360, 0.159959, 0.412257, 0.459971, 0.457505, 32.018864
0.000464, 0.001115, 0.004478, 0.021573, 0.155934, 0.411596, 0.459862, 0.458738, 32.001648
0.000414, 0.001184, 0.005297, 0.020666, 0.157325, 0.411823, 0.458185, 0.459912, 31.996191
0.000276, 0.001115, 0.004222, 0.019018, 0.127091, 0.401663, 0.459635, 0.460533, 32.703742
0.000345, 0.001332, 0.004666, 0.019304, 0.127506, 0.403261, 0.461056, 0.461085, 32.376085
0.000227, 0.001055, 0.004390, 0.017914, 0.124418, 0.398033, 0.460079, 0.459931, 32.897733
0.000345, 0.001292, 0.004439, 0.018377, 0.122781, 0.396297, 0.460711, 0.464479, 32.514440
0.000661, 0.000700, 0.004054, 0.016740, 0.105341, 0.384874, 0.462151, 0.460809, 32.450140
0.000395, 0.000917, 0.004340, 0.016394, 0.106603, 0.390339, 0.460819, 0.460454, 32.843059
0.000148, 0.000572, 0.003472, 0.013524, 0.074791, 0.361032, 0.461579, 0.460730, 34.238123
0.000355, 0.000690, 0.003275, 0.013267, 0.080838, 0.363844, 0.460040, 0.459004, 33.603052
0.000089, 0.000690, 0.003709, 0.013050, 0.083757, 0.363538, 0.458531, 0.459270, 34.221422
0.000247, 0.000454, 0.003857, 0.013386, 0.088699, 0.370038, 0.459566, 0.463039, 33.797401
0.000247, 0.001134, 0.004153, 0.015201, 0.109257, 0.386147, 0.462545, 0.460987, 33.084377
0.000207, 0.000819, 0.004271, 0.016809, 0.115343, 0.389382, 0.459626, 0.459606, 33.163114
0.000237, 0.000779, 0.004242, 0.015240, 0.103279, 0.384519, 0.461115, 0.459931, 33.353566
0.000256, 0.000750, 0.004350, 0.016296, 0.105587, 0.385200, 0.458590, 0.460326, 33.276827
0.000266, 0.000612, 0.003334, 0.011344, 0.078737, 0.360194, 0.458718, 0.463009, 33.973797
0.000237, 0.000858, 0.003314, 0.013228, 0.085494, 0.367700, 0.459438, 0.461786, 33.734982
0.000316, 0.000977, 0.005169, 0.017756, 0.116606, 0.392036, 0.461174, 0.459251, 32.726564
0.000237, 0.001036, 0.004104, 0.017726, 0.118243, 0.391868, 0.461845, 0.460819, 32.943105
0.000414, 0.000927, 0.005386, 0.019541, 0.133345, 0.398359, 0.459635, 0.460691, 32.372784
0.000247, 0.001223, 0.004469, 0.019028, 0.138652, 0.404652, 0.458314, 0.463325, 32.618975
0.000286, 0.001006, 0.004419, 0.019393, 0.136018, 0.404879, 0.461332, 0.463127, 32.623804
0.000533, 0.001174, 0.004626, 0.018811, 0.138159, 0.404672, 0.461776, 0.462407, 32.070734
0.000217, 0.001223, 0.004232, 0.018959, 0.123806, 0.399306, 0.462328, 0.464952, 32.802801
0.000296, 0.001036, 0.005060, 0.018012, 0.131145, 0.401624, 0.458807, 0.458738, 32.620509
0.000345, 0.001115, 0.004222, 0.017618, 0.131205, 0.402028, 0.456775, 0.460799, 32.560751
0.000296, 0.001075, 0.004814, 0.018377, 0.132201, 0.401535, 0.457475, 0.461806, 32.581437
0.000237, 0.001361, 0.004774, 0.020784, 0.149572, 0.408657, 0.460760, 0.459339, 32.391366
0.000365, 0.001312, 0.005189, 0.020528, 0.151890, 0.410127, 0.461164, 0.462466, 32.124258
0.000217, 0.001282, 0.004074, 0.015576, 0.108428, 0.388307, 0.459034, 0.461746, 33.062759
0.000138, 0.000898, 0.004695, 0.016730, 0.113202, 0.389895, 0.461677, 0.458037, 33.324153
0.000227, 0.001154, 0.004419, 0.018397, 0.129764, 0.400026, 0.459458, 0.458353, 32.770269
0.000227, 0.001046, 0.005277, 0.019758, 0.131491, 0.401929, 0.458708, 0.460750, 32.637951
0.000335, 0.001263, 0.004833, 0.018071, 0.137123, 0.401821, 0.461598, 0.460780, 32.394935
0.000286, 0.001322, 0.004636, 0.018200, 0.139303, 0.407700, 0.464321, 0.459803, 32.464928
0.000118, 0.001164, 0.005218, 0.019492, 0.135969, 0.402798, 0.459862, 0.462299, 32.847160
0.000464, 0.001085, 0.004488, 0.019265, 0.138406, 0.402028, 0.459665, 0.458925, 32.260012
0.000395, 0.000977, 0.005100, 0.019561, 0.129399, 0.398388, 0.459034, 0.465791, 32.438531
0.000197, 0.000996, 0.004646, 0.019255, 0.131471, 0.399167, 0.460415, 0.464439, 32.829357
0.000355, 0.001026, 0.005001, 0.022244, 0.142992, 0.401199, 0.461125, 0.463502, 32.290347
0.000266, 0.001055, 0.005494, 0.020192, 0.141148, 0.404484, 0.457880, 0.461539, 32.444577
0.000247, 0.001401, 0.004508, 0.018565, 0.134391, 0.402265, 0.458304, 0.460168, 32.555147
0.000256, 0.001125, 0.004508, 0.017864, 0.131737, 0.400233, 0.461825, 0.457939, 32.693513
0.000326, 0.001154, 0.004350, 0.018880, 0.137843, 0.403952, 0.460267, 0.461746, 32.485746
0.000187, 0.001263, 0.005198, 0.018949, 0.139145, 0.409259, 0.460928, 0.460701, 32.582631
0.000671, 0.001854, 0.006264, 0.030629, 0.239899, 0.428977, 0.458728, 0.459803, 30.569088
0.000158, 0.001223, 0.006540, 0.027876, 0.240530, 0.429046, 0.461036, 0.462841, 31.536536
0.000444, 0.002259, 0.006402, 0.031309, 0.262251, 0.435991, 0.459872, 0.458659, 30.618023
0.000365, 0.001795, 0.006126, 0.031329, 0.262320, 0.433298, 0.462999, 0.459399, 30.852025
===========END============
=========================================
=              Memory Manager           =
=========================================
* Block size            : 32440320 Bytes
* Number of blocks      : 5
* Free mem in last block: 15814076
* Total mem alloced     : 146387524 Bytes

* Recycle list          : 
[  0(38016)] = 1         [  2(2)] = 1         [  4(202756)] = 5         [  6(6)] = 2         
[  8(813320)] = 4         [  8(3244104)] = 2         [  8(811016)] = 2         [  8(1622024)] = 7         
[ 12(12)] = 1         [ 16(16)] = 4         [ 18(912402)] = 1         [ 20(20)] = 1         
[ 21(1714773)] = 1         [ 27(912411)] = 1         [ 32(101664)] = 7         [ 33(363361)] = 1         
[ 34(3170)] = 3         [ 40(1622056)] = 2         [ 52(3244148)] = 1         [ 58(92282)] = 1         
[ 59(1621947)] = 1         
* Recycled Memory       : 69278108 Bytes
* Inused Memory         : 77109416 Bytes
0.000089, 0.000434, 0.002308, 0.007970, 0.031635, 0.255603, 0.435103, 0.454111, 36.116785
0.000109, 0.000562, 0.002121, 0.007280, 0.033381, 0.252239, 0.434945, 0.452356, 36.014700
0.000118, 0.000306, 0.002594, 0.009845, 0.047388, 0.323222, 0.449751, 0.457939, 35.419851
0.000266, 0.000602, 0.002861, 0.009509, 0.046944, 0.322374, 0.446782, 0.455236, 34.640543
0.000286, 0.000710, 0.002693, 0.010328, 0.051038, 0.326754, 0.449781, 0.456716, 34.402355
0.000187, 0.000592, 0.002673, 0.010131, 0.049450, 0.328973, 0.447917, 0.454575, 34.813832
0.000138, 0.000838, 0.002141, 0.010555, 0.052507, 0.333353, 0.449574, 0.456242, 34.819286
0.000375, 0.000582, 0.002644, 0.011147, 0.051876, 0.332732, 0.449229, 0.457436, 34.194198
0.000237, 0.000631, 0.002732, 0.009430, 0.044784, 0.322838, 0.449317, 0.457455, 34.738624
0.000375, 0.000335, 0.002575, 0.009647, 0.047437, 0.323489, 0.447986, 0.452060, 34.525432
0.000197, 0.000582, 0.002772, 0.009775, 0.043265, 0.313033, 0.443675, 0.452109, 34.980950
0.000039, 0.000483, 0.002515, 0.008947, 0.041469, 0.312510, 0.443063, 0.455463, 35.739776
0.000089, 0.000473, 0.002486, 0.008730, 0.037040, 0.290996, 0.439335, 0.454457, 35.755531
0.000286, 0.000464, 0.002229, 0.007280, 0.038224, 0.290582, 0.440578, 0.454920, 35.144057
0.000089, 0.000375, 0.001864, 0.007911, 0.032542, 0.255465, 0.433288, 0.455502, 36.294721
0.000059, 0.000523, 0.002387, 0.006846, 0.032246, 0.258020, 0.434472, 0.453036, 36.223600
0.000197, 0.000523, 0.002219, 0.006777, 0.035383, 0.259657, 0.437253, 0.454950, 35.647873
0.000128, 0.000602, 0.002348, 0.007813, 0.034190, 0.260505, 0.434728, 0.455098, 35.722344
0.000118, 0.000256, 0.002387, 0.007369, 0.031802, 0.253038, 0.433416, 0.454102, 36.219415
0.000049, 0.000444, 0.001509, 0.007497, 0.031871, 0.251657, 0.435251, 0.453224, 36.603992
0.000049, 0.000345, 0.002506, 0.007388, 0.036488, 0.267302, 0.434521, 0.456252, 36.266731
0.000158, 0.000385, 0.002584, 0.008128, 0.036439, 0.269965, 0.436050, 0.454516, 35.677198
0.000069, 0.000434, 0.002062, 0.006639, 0.030954, 0.218198, 0.431138, 0.457061, 36.585965
0.000030, 0.000404, 0.001884, 0.006412, 0.029889, 0.218671, 0.425189, 0.456222, 36.916768
0.000118, 0.000335, 0.001154, 0.005988, 0.020271, 0.130859, 0.404465, 0.456923, 37.523047
0.000059, 0.000335, 0.000967, 0.005268, 0.018002, 0.130297, 0.399513, 0.454871, 38.141643
0.000000, 0.000286, 0.001134, 0.005494, 0.019916, 0.135535, 0.405816, 0.459497, 38.492707
0.000000, 0.000158, 0.001184, 0.005179, 0.019216, 0.135170, 0.406141, 0.456341, 38.763637
0.000059, 0.000207, 0.000927, 0.005080, 0.015487, 0.103161, 0.381530, 0.455512, 38.803287
0.000079, 0.000247, 0.000917, 0.004340, 0.016128, 0.104048, 0.381106, 0.454486, 38.589169
0.000109, 0.000345, 0.001805, 0.005534, 0.027373, 0.201172, 0.422398, 0.455305, 36.843320
0.000089, 0.000345, 0.001795, 0.005790, 0.028182, 0.198824, 0.423335, 0.455552, 36.981423
0.000099, 0.000355, 0.002397, 0.007497, 0.031871, 0.245768, 0.429076, 0.455601, 36.245880
0.000049, 0.000444, 0.002584, 0.006905, 0.030757, 0.247277, 0.433031, 0.455778, 36.361044
0.000069, 0.000582, 0.002417, 0.007004, 0.035541, 0.279307, 0.439236, 0.455374, 35.948047
0.000118, 0.000483, 0.002259, 0.007655, 0.035206, 0.278271, 0.437599, 0.455502, 35.846499
0.000148, 0.000424, 0.002131, 0.006826, 0.038037, 0.291775, 0.442708, 0.454171, 35.739764
0.000089, 0.000473, 0.002575, 0.008039, 0.037938, 0.291943, 0.439473, 0.454121, 35.747075
0.000030, 0.000473, 0.001924, 0.006175, 0.036241, 0.287938, 0.440972, 0.455601, 36.374649
0.000030, 0.000464, 0.002525, 0.008266, 0.037395, 0.286675, 0.438920, 0.455009, 36.031679
0.000089, 0.000365, 0.002663, 0.008148, 0.035275, 0.285640, 0.440765, 0.454684, 35.894038
0.000109, 0.000365, 0.002190, 0.007102, 0.035748, 0.286103, 0.439187, 0.453579, 35.986203
0.000217, 0.000385, 0.002012, 0.007852, 0.033440, 0.253305, 0.435675, 0.455561, 35.714539
0.000109, 0.000493, 0.001924, 0.007290, 0.032098, 0.255603, 0.436612, 0.456272, 36.120356
0.000089, 0.000296, 0.002002, 0.007122, 0.030915, 0.239948, 0.430368, 0.456942, 36.532873
0.000079, 0.000335, 0.001825, 0.006629, 0.032000, 0.242750, 0.430832, 0.458570, 36.597841
0.000109, 0.000493, 0.001539, 0.006234, 0.028527, 0.220180, 0.431808, 0.454605, 36.535878
0.000148, 0.000464, 0.001845, 0.006609, 0.028330, 0.228565, 0.430427, 0.456864, 36.252947
0.000069, 0.000316, 0.001342, 0.006205, 0.021603, 0.164783, 0.418373, 0.455759, 37.508627
0.000109, 0.000404, 0.001667, 0.006895, 0.023645, 0.165000, 0.418906, 0.455897, 36.963472
0.000059, 0.000523, 0.001539, 0.005632, 0.021208, 0.169646, 0.419596, 0.456065, 37.226151
0.000148, 0.000404, 0.001657, 0.005889, 0.024108, 0.179313, 0.418225, 0.450846, 36.723986
0.000020, 0.000473, 0.002308, 0.005889, 0.028883, 0.213384, 0.428366, 0.453194, 36.824145
0.000168, 0.000493, 0.002042, 0.005790, 0.030550, 0.224530, 0.427872, 0.454437, 36.124268
0.000039, 0.000138, 0.001736, 0.006925, 0.027354, 0.206370, 0.427004, 0.455818, 37.389517
0.000158, 0.000434, 0.002160, 0.006935, 0.027669, 0.216738, 0.428987, 0.456489, 36.232351
0.000118, 0.000483, 0.001785, 0.005751, 0.022027, 0.161498, 0.418659, 0.453806, 36.890934
0.000109, 0.000227, 0.001647, 0.005544, 0.024227, 0.171480, 0.420583, 0.455867, 37.268853
0.000079, 0.000454, 0.001894, 0.007300, 0.030924, 0.225310, 0.428385, 0.454447, 36.477297
0.000030, 0.000454, 0.001973, 0.006540, 0.031240, 0.231258, 0.428553, 0.459290, 36.729902
0.000168, 0.000395, 0.002525, 0.007635, 0.031497, 0.252141, 0.432144, 0.456923, 35.827068
0.000138, 0.000562, 0.001914, 0.007231, 0.032710, 0.253058, 0.435310, 0.457288, 35.949836
0.000128, 0.000345, 0.002180, 0.007033, 0.035610, 0.255425, 0.434225, 0.456676, 36.084862
0.000178, 0.000493, 0.002466, 0.007142, 0.034190, 0.257438, 0.435853, 0.455325, 35.653541
0.000089, 0.000286, 0.002249, 0.006954, 0.033805, 0.249556, 0.435073, 0.456824, 36.396824
0.000148, 0.000434, 0.001420, 0.007477, 0.033844, 0.251134, 0.433327, 0.454565, 36.156524
0.000109, 0.000513, 0.002387, 0.007428, 0.033903, 0.256540, 0.435281, 0.456607, 35.915543
0.000138, 0.000395, 0.002091, 0.008552, 0.031970, 0.257674, 0.435369, 0.454220, 35.958855
0.000049, 0.000256, 0.002269, 0.007152, 0.034456, 0.271455, 0.435764, 0.456213, 36.474350
0.000109, 0.000375, 0.002624, 0.007734, 0.036873, 0.273595, 0.435419, 0.453904, 35.889339
0.000099, 0.000316, 0.001637, 0.006501, 0.030875, 0.221818, 0.428948, 0.454950, 36.720281
0.000118, 0.000365, 0.002486, 0.007161, 0.029396, 0.228210, 0.428257, 0.454782, 36.295331
0.000118, 0.000395, 0.002575, 0.006806, 0.031329, 0.246626, 0.432627, 0.453983, 36.090603
0.000128, 0.000414, 0.002565, 0.007743, 0.032404, 0.251529, 0.432045, 0.454437, 35.935561
0.000079, 0.000592, 0.002732, 0.006856, 0.033282, 0.257734, 0.433653, 0.455483, 35.932125
0.000069, 0.000286, 0.002259, 0.007112, 0.033608, 0.265428, 0.433544, 0.456173, 36.413068
0.000197, 0.000345, 0.001805, 0.006925, 0.033884, 0.260535, 0.434787, 0.457998, 35.892646
0.000158, 0.000227, 0.002289, 0.007743, 0.034594, 0.260782, 0.438309, 0.455078, 36.011448
0.000089, 0.000286, 0.001687, 0.006757, 0.033903, 0.248974, 0.430496, 0.455976, 36.557023
0.000049, 0.000424, 0.002298, 0.007152, 0.031783, 0.248787, 0.431670, 0.456321, 36.408492
0.000138, 0.000543, 0.002259, 0.007092, 0.033765, 0.264017, 0.433969, 0.455088, 35.773547
0.000049, 0.000286, 0.002496, 0.007359, 0.033667, 0.262251, 0.437954, 0.456962, 36.408766
0.000118, 0.000395, 0.002032, 0.007566, 0.033874, 0.254311, 0.435271, 0.456173, 36.123437
0.000049, 0.000434, 0.002367, 0.006432, 0.032236, 0.255425, 0.432035, 0.456893, 36.404523
0.000207, 0.000503, 0.002170, 0.007132, 0.034663, 0.264481, 0.436129, 0.455275, 35.557048
0.000049, 0.000464, 0.002170, 0.006609, 0.035028, 0.267105, 0.434837, 0.458146, 36.314765
0.000128, 0.000760, 0.002762, 0.010140, 0.051570, 0.338561, 0.453460, 0.453766, 34.764079
0.000296, 0.000720, 0.002900, 0.010022, 0.053454, 0.338857, 0.453332, 0.452770, 34.267443
0.000118, 0.000483, 0.003137, 0.012340, 0.057696, 0.351316, 0.454121, 0.453510, 34.724773
0.000266, 0.000404, 0.003472, 0.011640, 0.059491, 0.353101, 0.456479, 0.451044, 34.311317
===========END============
=========================================
=              Memory Manager           =
=========================================
* Block size            : 32440320 Bytes
* Number of blocks      : 5
* Free mem in last block: 15814076
* Total mem alloced     : 146387524 Bytes

* Recycle list          : 
[  0(38016)] = 1         [  2(2)] = 1         [  4(202756)] = 5         [  6(6)] = 2         
[  8(813320)] = 4         [  8(3244104)] = 2         [  8(811016)] = 2         [  8(1622024)] = 7         
[ 12(12)] = 1         [ 16(16)] = 4         [ 18(912402)] = 1         [ 20(20)] = 1         
[ 21(1714773)] = 1         [ 27(912411)] = 1         [ 32(101664)] = 7         [ 33(363361)] = 1         
[ 34(3170)] = 3         [ 40(1622056)] = 2         [ 52(3244148)] = 1         [ 58(92282)] = 1         
[ 59(1621947)] = 1         
* Recycled Memory       : 69278108 Bytes
* Inused Memory         : 77109416 Bytes
0.000049, 0.000118, 0.000878, 0.003314, 0.010229, 0.050781, 0.337644, 0.451912, 40.139192
0.000059, 0.000059, 0.000582, 0.002683, 0.010249, 0.050337, 0.335878, 0.449890, 40.529062
0.000030, 0.000187, 0.000829, 0.003808, 0.015645, 0.082416, 0.378285, 0.447996, 39.477439
0.000138, 0.000296, 0.000986, 0.004182, 0.015201, 0.082682, 0.378729, 0.451448, 38.223174
0.000079, 0.000286, 0.000838, 0.004538, 0.015053, 0.085425, 0.381293, 0.450333, 38.726178
0.000099, 0.000197, 0.000888, 0.003837, 0.015082, 0.082761, 0.379123, 0.449031, 38.816777
0.000148, 0.000187, 0.001105, 0.003285, 0.016276, 0.088344, 0.387705, 0.450491, 38.314203
0.000030, 0.000296, 0.001115, 0.004182, 0.014688, 0.089972, 0.384332, 0.448943, 38.968653
0.000099, 0.000306, 0.001006, 0.003591, 0.015803, 0.080147, 0.377239, 0.452178, 38.551069
0.000000, 0.000276, 0.000809, 0.003226, 0.016375, 0.080798, 0.378334, 0.451912, 39.626897
0.000089, 0.000365, 0.000937, 0.004084, 0.013988, 0.069740, 0.370433, 0.449880, 38.661016
0.000000, 0.000187, 0.001055, 0.003492, 0.014343, 0.069346, 0.368430, 0.450166, 39.887657
0.000089, 0.000256, 0.000602, 0.002772, 0.011650, 0.061277, 0.356278, 0.452316, 39.430322
0.000128, 0.000197, 0.000789, 0.003600, 0.011768, 0.060606, 0.357323, 0.448775, 38.960623
0.000089, 0.000247, 0.000809, 0.004123, 0.010180, 0.051699, 0.340554, 0.450550, 39.321510
0.000000, 0.000217, 0.000661, 0.003354, 0.009756, 0.052044, 0.338118, 0.452819, 40.601967
0.000000, 0.000138, 0.000760, 0.003157, 0.010436, 0.051748, 0.338808, 0.454476, 40.751382
0.000020, 0.000217, 0.000789, 0.003018, 0.011699, 0.051018, 0.343641, 0.454427, 40.207102
0.000000, 0.000227, 0.000878, 0.003097, 0.009628, 0.048325, 0.334655, 0.452306, 40.487786
0.000000, 0.000069, 0.000641, 0.003285, 0.008996, 0.050890, 0.336480, 0.450639, 41.202888
0.000030, 0.000128, 0.000740, 0.003186, 0.011255, 0.053267, 0.344529, 0.451783, 40.350062
0.000000, 0.000247, 0.000562, 0.003226, 0.011482, 0.054658, 0.344549, 0.449712, 40.479059
0.000000, 0.000109, 0.000572, 0.002506, 0.009006, 0.044892, 0.321713, 0.443606, 41.443316
0.000158, 0.000128, 0.000651, 0.002308, 0.008602, 0.044468, 0.319277, 0.444829, 39.495778
0.000079, 0.000079, 0.000375, 0.001726, 0.006727, 0.029366, 0.227125, 0.430940, 41.432234
0.000000, 0.000049, 0.000385, 0.002141, 0.006826, 0.031359, 0.216718, 0.430930, 42.831014
0.000030, 0.000039, 0.000326, 0.001588, 0.007043, 0.027452, 0.233694, 0.431690, 42.508150
0.000099, 0.000158, 0.000237, 0.002141, 0.006915, 0.029839, 0.235618, 0.431512, 40.844069
0.000020, 0.000049, 0.000621, 0.001263, 0.006461, 0.025183, 0.176827, 0.422713, 42.866727
0.000000, 0.000109, 0.000247, 0.001677, 0.005702, 0.025253, 0.180782, 0.426156, 43.302984
0.000099, 0.000138, 0.000444, 0.002446, 0.008572, 0.040256, 0.308396, 0.443882, 40.262492
0.000069, 0.000089, 0.000414, 0.002752, 0.007921, 0.041923, 0.307844, 0.445924, 40.774999
0.000049, 0.000247, 0.000690, 0.002703, 0.008937, 0.045918, 0.330019, 0.450580, 40.150029
0.000079, 0.000128, 0.000700, 0.002614, 0.009845, 0.049726, 0.332771, 0.451251, 40.045748
0.000049, 0.000227, 0.000533, 0.002407, 0.010939, 0.055467, 0.347854, 0.446398, 40.139621
0.000030, 0.000128, 0.000690, 0.003482, 0.011038, 0.055516, 0.348376, 0.448883, 40.350191
0.000089, 0.000138, 0.000582, 0.003127, 0.011492, 0.061533, 0.356189, 0.448864, 39.683472
0.000000, 0.000109, 0.000503, 0.003620, 0.012488, 0.058929, 0.354778, 0.450353, 40.730520
0.000109, 0.000158, 0.000789, 0.003482, 0.010653, 0.058702, 0.353259, 0.447966, 39.334095
0.000089, 0.000158, 0.000523, 0.003018, 0.011906, 0.056276, 0.354048, 0.448528, 39.739535
0.000000, 0.000030, 0.000631, 0.003107, 0.012005, 0.058692, 0.354916, 0.448222, 41.045357
0.000000, 0.000355, 0.000562, 0.003443, 0.011768, 0.058347, 0.351967, 0.449811, 40.057842
0.000039, 0.000089, 0.000819, 0.003295, 0.010989, 0.050327, 0.340524, 0.454328, 40.339036
0.000059, 0.000109, 0.000671, 0.002940, 0.009184, 0.050732, 0.338966, 0.450047, 40.294940
0.000030, 0.000069, 0.000434, 0.002752, 0.008848, 0.046214, 0.330808, 0.450787, 41.169548
0.000049, 0.000207, 0.000552, 0.003147, 0.009706, 0.049045, 0.332209, 0.449288, 40.215215
0.000030, 0.000099, 0.000523, 0.002890, 0.009667, 0.042564, 0.326764, 0.449899, 40.977978
0.000030, 0.000079, 0.000651, 0.003186, 0.009440, 0.044083, 0.326635, 0.452444, 40.852190
0.000030, 0.000069, 0.000503, 0.002318, 0.007102, 0.031260, 0.283075, 0.436898, 41.712034
0.000020, 0.000039, 0.000355, 0.002150, 0.007477, 0.032611, 0.287859, 0.439502, 42.118447
0.000020, 0.000099, 0.000503, 0.002308, 0.007092, 0.037593, 0.288106, 0.442136, 41.612352
0.000030, 0.000109, 0.000572, 0.002279, 0.008750, 0.037001, 0.296313, 0.442304, 41.287990
0.000030, 0.000316, 0.000444, 0.003275, 0.008602, 0.043837, 0.319139, 0.450610, 40.347856
0.000030, 0.000217, 0.000533, 0.003541, 0.009529, 0.046836, 0.326931, 0.451912, 40.371216
0.000079, 0.000128, 0.000612, 0.002900, 0.008503, 0.041972, 0.320017, 0.446033, 40.254759
0.000020, 0.000089, 0.000621, 0.003068, 0.009608, 0.043709, 0.324258, 0.450294, 40.996933
0.000049, 0.000138, 0.000562, 0.002180, 0.007240, 0.034032, 0.280027, 0.437066, 41.075018
0.000020, 0.000138, 0.000355, 0.002407, 0.006895, 0.034959, 0.290799, 0.443300, 41.619252
0.000059, 0.000217, 0.000424, 0.002121, 0.009124, 0.044843, 0.328234, 0.453036, 40.425853
0.000109, 0.000197, 0.000513, 0.003196, 0.008957, 0.045257, 0.329141, 0.448578, 39.703074
0.000089, 0.000138, 0.000750, 0.003630, 0.010377, 0.049173, 0.339193, 0.450777, 39.686867
0.000000, 0.000187, 0.000641, 0.002989, 0.010870, 0.049351, 0.339952, 0.451172, 40.738517
0.000059, 0.000079, 0.000602, 0.003709, 0.011265, 0.049144, 0.338374, 0.449189, 40.227181
0.000069, 0.000296, 0.000572, 0.003561, 0.009874, 0.052073, 0.342093, 0.452790, 39.630084
0.000039, 0.000197, 0.000612, 0.002811, 0.010111, 0.049746, 0.331084, 0.451340, 40.339941
0.000030, 0.000247, 0.000819, 0.002969, 0.009549, 0.050979, 0.334044, 0.449229, 40.127100
0.000079, 0.000365, 0.000345, 0.003314, 0.009519, 0.051896, 0.337536, 0.452148, 39.518422
0.000039, 0.000128, 0.000671, 0.003028, 0.011058, 0.049923, 0.339646, 0.453766, 40.382713
0.000079, 0.000276, 0.000641, 0.003058, 0.011048, 0.053948, 0.345427, 0.449160, 39.541877
0.000059, 0.000148, 0.000592, 0.002979, 0.011591, 0.056138, 0.347528, 0.448203, 40.087017
0.000089, 0.000089, 0.000464, 0.002910, 0.008710, 0.044162, 0.324298, 0.449939, 40.338929
0.000039, 0.000168, 0.000483, 0.002367, 0.009519, 0.046757, 0.325610, 0.449909, 40.690706
0.000049, 0.000158, 0.000641, 0.003265, 0.010269, 0.051886, 0.331528, 0.450649, 40.220660
0.000030, 0.000148, 0.000829, 0.003581, 0.008207, 0.051422, 0.334507, 0.449554, 40.357624
0.000089, 0.000286, 0.000562, 0.002801, 0.012133, 0.052231, 0.337634, 0.452188, 39.491920
0.000000, 0.000404, 0.000434, 0.003186, 0.011679, 0.054027, 0.341570, 0.451182, 40.111701
0.000020, 0.000099, 0.000710, 0.002989, 0.010999, 0.052143, 0.338196, 0.450126, 40.677765
0.000069, 0.000178, 0.000641, 0.003038, 0.011295, 0.052981, 0.336569, 0.453717, 39.875963
0.000069, 0.000138, 0.000602, 0.002979, 0.009637, 0.047358, 0.332633, 0.452326, 40.194965
0.000049, 0.000217, 0.000602, 0.003522, 0.010821, 0.049775, 0.334438, 0.450876, 39.986012
0.000020, 0.000296, 0.000848, 0.002969, 0.010742, 0.053918, 0.339380, 0.452050, 39.969004
0.000000, 0.000158, 0.000740, 0.002900, 0.012449, 0.054954, 0.340475, 0.454624, 40.609549
0.000030, 0.000089, 0.000690, 0.003078, 0.010229, 0.051995, 0.335632, 0.452908, 40.641980
0.000079, 0.000207, 0.000661, 0.002989, 0.010811, 0.048720, 0.334764, 0.450886, 39.769926
0.000000, 0.000178, 0.000809, 0.003285, 0.009243, 0.052429, 0.342448, 0.452178, 40.612946
0.000049, 0.000247, 0.000819, 0.003354, 0.010101, 0.053316, 0.344036, 0.450028, 39.787952
0.000138, 0.000247, 0.001085, 0.003965, 0.016385, 0.095042, 0.387902, 0.452257, 38.126539
0.000158, 0.000148, 0.001026, 0.004577, 0.017420, 0.094135, 0.391375, 0.450245, 38.116929
0.000148, 0.000306, 0.000878, 0.004173, 0.017835, 0.104403, 0.398418, 0.448972, 37.918392
0.000030, 0.000385, 0.000819, 0.004390, 0.017410, 0.104433, 0.401545, 0.450452, 38.645815
===========END============
=========================================
=              Memory Manager           =
=========================================
* Block size            : 32440320 Bytes
* Number of blocks      : 5
* Free mem in last block: 15814076
* Total mem alloced     : 146387524 Bytes

* Recycle list          : 
[  0(38016)] = 1         [  2(2)] = 1         [  4(202756)] = 5         [  6(6)] = 2         
[  8(813320)] = 4         [  8(3244104)] = 2         [  8(811016)] = 2         [  8(1622024)] = 7         
[ 12(12)] = 1         [ 16(16)] = 4         [ 18(912402)] = 1         [ 20(20)] = 1         
[ 21(1714773)] = 1         [ 27(912411)] = 1         [ 32(101664)] = 7         [ 33(363361)] = 1         
[ 34(3170)] = 3         [ 40(1622056)] = 2         [ 52(3244148)] = 1         [ 58(92282)] = 1         
[ 59(1621947)] = 1         
* Recycled Memory       : 69278108 Bytes
* Inused Memory         : 77109416 Bytes
0.000000, 0.000030, 0.000326, 0.000986, 0.003808, 0.014491, 0.073459, 0.374014, 45.461254
0.000000, 0.000030, 0.000227, 0.000700, 0.003344, 0.014560, 0.068428, 0.373688, 46.020926
0.000079, 0.000030, 0.000385, 0.001440, 0.004399, 0.018693, 0.117592, 0.408637, 42.520103
0.000000, 0.000089, 0.000543, 0.001085, 0.004577, 0.018643, 0.116043, 0.408460, 43.909391
0.000039, 0.000030, 0.000434, 0.001312, 0.004893, 0.020251, 0.122149, 0.408272, 43.241141
0.000099, 0.000089, 0.000286, 0.001322, 0.004794, 0.020281, 0.122129, 0.411123, 41.956649
0.000000, 0.000148, 0.000355, 0.001263, 0.005485, 0.020064, 0.128364, 0.413678, 43.525972
0.000030, 0.000030, 0.000355, 0.001263, 0.004893, 0.018920, 0.129409, 0.410107, 43.628393
0.000059, 0.000109, 0.000109, 0.001460, 0.004251, 0.018801, 0.117888, 0.408509, 42.877960
0.000000, 0.000118, 0.000266, 0.000898, 0.005120, 0.017933, 0.113054, 0.409407, 44.188230
0.000030, 0.000059, 0.000256, 0.001134, 0.004488, 0.017529, 0.100793, 0.397116, 43.920913
0.000030, 0.000089, 0.000296, 0.001194, 0.004656, 0.017243, 0.100241, 0.397994, 43.642880
0.000000, 0.000059, 0.000355, 0.001085, 0.004508, 0.015832, 0.083797, 0.388129, 44.803618
0.000069, 0.000207, 0.000138, 0.000483, 0.004705, 0.016542, 0.084724, 0.386857, 42.641558
0.000020, 0.000000, 0.000217, 0.000937, 0.004202, 0.015408, 0.075156, 0.375829, 45.148526
0.000039, 0.000049, 0.000197, 0.001075, 0.003788, 0.013396, 0.073292, 0.375316, 44.250615
0.000020, 0.000039, 0.000158, 0.000838, 0.003502, 0.015497, 0.073469, 0.374497, 45.108162
0.000000, 0.000030, 0.000197, 0.000690, 0.003492, 0.013780, 0.074120, 0.375178, 46.066308
0.000000, 0.000109, 0.000197, 0.001095, 0.004084, 0.013356, 0.070046, 0.372307, 45.001449
0.000000, 0.000030, 0.000286, 0.000760, 0.004113, 0.013869, 0.072976, 0.372909, 45.697976
0.000030, 0.000049, 0.000266, 0.000967, 0.003512, 0.015250, 0.074505, 0.378038, 44.412941
0.000030, 0.000010, 0.000256, 0.000750, 0.004064, 0.016651, 0.077622, 0.381323, 44.722773
0.000020, 0.000000, 0.000266, 0.001075, 0.003512, 0.011758, 0.061543, 0.362265, 45.383074
0.000000, 0.000020, 0.000266, 0.000769, 0.004104, 0.011571, 0.060409, 0.360430, 46.070651
0.000000, 0.000079, 0.000118, 0.000552, 0.002476, 0.008000, 0.041390, 0.317629, 46.824091
0.000000, 0.000030, 0.000138, 0.000641, 0.002081, 0.007043, 0.035620, 0.310133, 47.630107
0.000000, 0.000039, 0.000187, 0.000858, 0.002348, 0.008049, 0.037859, 0.319691, 46.922576
0.000000, 0.000089, 0.000128, 0.000602, 0.001647, 0.007724, 0.041815, 0.323005, 46.786175
0.000039, 0.000000, 0.000247, 0.000533, 0.002279, 0.006254, 0.027876, 0.267262, 45.938769
0.000000, 0.000000, 0.000128, 0.000266, 0.002141, 0.007714, 0.030629, 0.267499, 48.822706
0.000000, 0.000000, 0.000197, 0.000848, 0.003166, 0.010861, 0.057864, 0.359355, 46.745223
0.000000, 0.000000, 0.000217, 0.000710, 0.003285, 0.010476, 0.056147, 0.357491, 46.798136
0.000020, 0.000049, 0.000227, 0.000631, 0.004814, 0.012330, 0.069227, 0.372060, 44.981177
0.000020, 0.000030, 0.000237, 0.001095, 0.003305, 0.012616, 0.072226, 0.371883, 45.033138
0.000000, 0.000089, 0.000118, 0.000917, 0.003709, 0.015931, 0.082298, 0.379439, 45.303148
0.000000, 0.000000, 0.000138, 0.000848, 0.004774, 0.016168, 0.077000, 0.379962, 46.096212
0.000000, 0.000059, 0.000256, 0.000750, 0.004232, 0.017805, 0.083511, 0.385002, 45.171221
0.000000, 0.000079, 0.000207, 0.000562, 0.004192, 0.016631, 0.087545, 0.387449, 45.232593
0.000000, 0.000020, 0.000385, 0.001125, 0.003975, 0.016888, 0.087062, 0.384391, 45.057306
0.000000, 0.000000, 0.000128, 0.000809, 0.004192, 0.016641, 0.084527, 0.384657, 46.094710
0.000000, 0.000030, 0.000168, 0.000799, 0.004932, 0.017095, 0.082988, 0.380741, 45.563414
0.000000, 0.000128, 0.000306, 0.001046, 0.003620, 0.017351, 0.083126, 0.383888, 44.462857
0.000000, 0.000000, 0.000237, 0.000957, 0.003788, 0.014688, 0.074811, 0.375197, 45.969340
0.000020, 0.000030, 0.000454, 0.000700, 0.004656, 0.014757, 0.075185, 0.378630, 44.513317
0.000000, 0.000039, 0.000207, 0.001046, 0.004074, 0.013731, 0.065992, 0.367700, 45.684296
0.000000, 0.000000, 0.000197, 0.000483, 0.003561, 0.012025, 0.067610, 0.370985, 46.712990
0.000000, 0.000000, 0.000168, 0.000621, 0.003433, 0.012232, 0.062362, 0.368036, 46.809213
0.000000, 0.000030, 0.000148, 0.000641, 0.003206, 0.012350, 0.062382, 0.369683, 46.463513
0.000030, 0.000020, 0.000187, 0.000552, 0.002772, 0.010496, 0.050692, 0.343277, 45.619708
0.000000, 0.000030, 0.000138, 0.000612, 0.002683, 0.009657, 0.049341, 0.344312, 47.050822
0.000000, 0.000128, 0.000227, 0.000493, 0.002456, 0.009894, 0.050278, 0.345683, 45.720838
0.000020, 0.000030, 0.000187, 0.000730, 0.002653, 0.010081, 0.053977, 0.346108, 45.652730
0.000049, 0.000039, 0.000345, 0.000829, 0.003748, 0.011946, 0.061297, 0.364307, 44.049987
0.000000, 0.000020, 0.000089, 0.000829, 0.003758, 0.012814, 0.063930, 0.368894, 46.489622
0.000000, 0.000000, 0.000296, 0.000838, 0.002880, 0.012202, 0.060211, 0.363143, 46.342730
0.000000, 0.000030, 0.000306, 0.000858, 0.003551, 0.012498, 0.061237, 0.364544, 45.833457
0.000000, 0.000020, 0.000355, 0.000681, 0.002772, 0.008483, 0.050831, 0.337851, 46.470142
0.000039, 0.000049, 0.000138, 0.000641, 0.002949, 0.010969, 0.051057, 0.347567, 44.967487
0.000030, 0.000049, 0.000247, 0.000720, 0.002811, 0.011344, 0.067600, 0.368263, 44.875619
0.000000, 0.000118, 0.000375, 0.000681, 0.003462, 0.012419, 0.065637, 0.370403, 44.925117
0.000030, 0.000049, 0.000296, 0.000858, 0.004133, 0.014816, 0.069395, 0.375631, 44.400147
0.000000, 0.000000, 0.000168, 0.000888, 0.004202, 0.014382, 0.074594, 0.374201, 46.143882
0.000000, 0.000049, 0.000178, 0.000967, 0.003837, 0.015477, 0.070559, 0.377062, 45.585506
0.000000, 0.000020, 0.000296, 0.001016, 0.004064, 0.013988, 0.072206, 0.377210, 45.598614
0.000000, 0.000010, 0.000227, 0.000700, 0.003965, 0.014451, 0.070184, 0.373599, 46.117313
0.000000, 0.000039, 0.000375, 0.000750, 0.003709, 0.014066, 0.072078, 0.373836, 45.456669
0.000049, 0.000138, 0.000276, 0.000602, 0.003452, 0.013899, 0.072157, 0.372129, 43.492804
0.000030, 0.000049, 0.000335, 0.000838, 0.004330, 0.013869, 0.068586, 0.372060, 44.361092
0.000030, 0.000030, 0.000227, 0.000868, 0.004025, 0.015714, 0.076034, 0.377792, 44.615934
0.000030, 0.000089, 0.000286, 0.000592, 0.004034, 0.015704, 0.077188, 0.380356, 44.152929
0.000000, 0.000030, 0.000207, 0.001055, 0.003334, 0.011620, 0.064157, 0.365323, 46.029051
0.000000, 0.000039, 0.000414, 0.000740, 0.003798, 0.012912, 0.065134, 0.369851, 45.448808
0.000020, 0.000030, 0.000207, 0.000671, 0.004222, 0.013366, 0.069642, 0.374813, 45.198723
0.000030, 0.000000, 0.000059, 0.000789, 0.003472, 0.014579, 0.068843, 0.376075, 45.472366
0.000000, 0.000030, 0.000197, 0.000829, 0.004005, 0.014550, 0.075442, 0.374260, 45.850934
0.000000, 0.000030, 0.000256, 0.000710, 0.004251, 0.014017, 0.073124, 0.379153, 45.728002
0.000030, 0.000030, 0.000355, 0.000908, 0.004192, 0.015408, 0.073795, 0.372662, 44.351589
0.000039, 0.000089, 0.000187, 0.000908, 0.004390, 0.014757, 0.074278, 0.374882, 43.943494
0.000000, 0.000030, 0.000424, 0.000513, 0.003916, 0.012902, 0.067925, 0.369821, 45.602849
0.000059, 0.000039, 0.000375, 0.000848, 0.003956, 0.013465, 0.071871, 0.372859, 43.554883
0.000030, 0.000148, 0.000335, 0.000769, 0.003620, 0.014353, 0.075984, 0.374201, 43.748661
0.000000, 0.000059, 0.000237, 0.000493, 0.003719, 0.015004, 0.073913, 0.377071, 45.675282
0.000000, 0.000079, 0.000296, 0.000858, 0.004143, 0.013978, 0.071634, 0.373757, 45.142967
0.000030, 0.000069, 0.000187, 0.000750, 0.003857, 0.014392, 0.070816, 0.372603, 44.532038
0.000039, 0.000049, 0.000247, 0.000819, 0.004597, 0.015408, 0.075067, 0.374901, 44.117436
0.000030, 0.000030, 0.000227, 0.000986, 0.004508, 0.013583, 0.075097, 0.376450, 44.572971
0.000000, 0.000118, 0.000345, 0.001105, 0.005277, 0.018634, 0.135920, 0.416085, 43.883778
0.000000, 0.000030, 0.000316, 0.001736, 0.005110, 0.018426, 0.134302, 0.415927, 44.221939
0.000000, 0.000109, 0.000513, 0.001253, 0.006205, 0.019768, 0.150381, 0.421056, 43.315703
0.000000, 0.000059, 0.000296, 0.000937, 0.006382, 0.022333, 0.150292, 0.417357, 43.998366
===========END============
=========================================
=              Memory Manager           =
=========================================
* Block size            : 32440320 Bytes
* Number of blocks      : 5
* Free mem in last block: 15814076
* Total mem alloced     : 146387524 Bytes

* Recycle list          : 
[  0(38016)] = 1         [  2(2)] = 1         [  4(202756)] = 5         [  6(6)] = 2         
[  8(813320)] = 4         [  8(3244104)] = 2         [  8(811016)] = 2         [  8(1622024)] = 7         
[ 12(12)] = 1         [ 16(16)] = 4         [ 18(912402)] = 1         [ 20(20)] = 1         
[ 21(1714773)] = 1         [ 27(912411)] = 1         [ 32(101664)] = 7         [ 33(363361)] = 1         
[ 34(3170)] = 3         [ 40(1622056)] = 2         [ 52(3244148)] = 1         [ 58(92282)] = 1         
[ 59(1621947)] = 1         
* Recycled Memory       : 69278108 Bytes
* Inused Memory         : 77109416 Bytes
0.000000, 0.000030, 0.000138, 0.000187, 0.000562, 0.003748, 0.017282, 0.085770, 50.630569
0.000000, 0.000030, 0.000118, 0.000079, 0.001125, 0.003926, 0.015556, 0.083195, 50.768090
0.000000, 0.000000, 0.000030, 0.000365, 0.001125, 0.005415, 0.020123, 0.138859, 51.119480
0.000000, 0.000000, 0.000109, 0.000266, 0.001026, 0.004972, 0.021494, 0.133759, 50.781162
0.000000, 0.000000, 0.000118, 0.000306, 0.001105, 0.004962, 0.020971, 0.142332, 50.513774
0.000000, 0.000000, 0.000089, 0.000168, 0.001164, 0.005494, 0.020971, 0.140230, 50.964474
0.000000, 0.000000, 0.000118, 0.000395, 0.001460, 0.005593, 0.020222, 0.146968, 50.086284
0.000000, 0.000000, 0.000059, 0.000326, 0.001164, 0.005583, 0.020853, 0.147007, 50.796093
0.000000, 0.000010, 0.000089, 0.000424, 0.001243, 0.005445, 0.020251, 0.134460, 50.208415
0.000000, 0.000000, 0.000128, 0.000326, 0.001233, 0.005652, 0.020311, 0.137261, 50.322996
0.000000, 0.000030, 0.000197, 0.000434, 0.001411, 0.005662, 0.018969, 0.127407, 49.025826
0.000000, 0.000030, 0.000059, 0.000326, 0.000917, 0.005850, 0.019995, 0.125809, 50.191376
0.000000, 0.000000, 0.000000, 0.000178, 0.001085, 0.004883, 0.018821, 0.105617, 52.430545
0.000000, 0.000020, 0.000089, 0.000118, 0.001125, 0.004922, 0.017973, 0.104906, 50.890817
0.000000, 0.000000, 0.000059, 0.000247, 0.001213, 0.004054, 0.016957, 0.086815, 51.886995
0.000000, 0.000000, 0.000010, 0.000414, 0.000898, 0.004360, 0.016957, 0.086993, 52.132473
0.000000, 0.000039, 0.000030, 0.000217, 0.001016, 0.003857, 0.016572, 0.086924, 50.904020
0.000000, 0.000000, 0.000148, 0.000365, 0.001243, 0.004182, 0.017401, 0.089597, 50.710214
0.000000, 0.000000, 0.000069, 0.000158, 0.000947, 0.003640, 0.016365, 0.085020, 52.346051
0.000030, 0.000030, 0.000059, 0.000286, 0.001164, 0.004607, 0.016641, 0.085306, 47.967521
0.000000, 0.000000, 0.000000, 0.000335, 0.001194, 0.004755, 0.017933, 0.096117, 52.045824
0.000030, 0.000059, 0.000197, 0.000335, 0.001490, 0.005031, 0.019127, 0.092517, 46.864773
0.000000, 0.000000, 0.000030, 0.000197, 0.000760, 0.003758, 0.013238, 0.073775, 53.110113
0.000000, 0.000059, 0.000049, 0.000158, 0.000809, 0.002821, 0.012528, 0.068596, 50.744566
0.000000, 0.000000, 0.000030, 0.000049, 0.000473, 0.002407, 0.008434, 0.047792, 55.286024
0.000000, 0.000000, 0.000059, 0.000020, 0.000868, 0.002279, 0.009637, 0.043718, 54.326949
0.000000, 0.000000, 0.000059, 0.000138, 0.000730, 0.002101, 0.009272, 0.047911, 53.952946
0.000000, 0.000000, 0.000020, 0.000335, 0.001026, 0.002269, 0.009401, 0.048710, 53.430249
0.000000, 0.000000, 0.000020, 0.000148, 0.000424, 0.001697, 0.006718, 0.033519, 55.754318
0.000000, 0.000000, 0.000000, 0.000187, 0.000552, 0.001697, 0.008158, 0.032917, 55.690593
0.000000, 0.000039, 0.000059, 0.000227, 0.000937, 0.003344, 0.012034, 0.070056, 51.054410
0.000000, 0.000069, 0.000128, 0.000335, 0.000740, 0.003038, 0.012370, 0.068803, 49.576066
0.000000, 0.000059, 0.000099, 0.000187, 0.000986, 0.003739, 0.014530, 0.081153, 49.959915
0.000000, 0.000059, 0.000148, 0.000276, 0.000809, 0.004034, 0.015447, 0.082031, 49.538404
0.000000, 0.000030, 0.000059, 0.000207, 0.001233, 0.004469, 0.017341, 0.095772, 50.726850
0.000000, 0.000000, 0.000089, 0.000296, 0.000957, 0.004330, 0.018456, 0.093997, 51.467237
0.000000, 0.000000, 0.000059, 0.000217, 0.001322, 0.004557, 0.019117, 0.101957, 51.613479
0.000000, 0.000000, 0.000069, 0.000168, 0.000908, 0.005090, 0.016483, 0.104157, 51.868114
0.000000, 0.000039, 0.000128, 0.000247, 0.000838, 0.004863, 0.017746, 0.102066, 49.927657
0.000000, 0.000030, 0.000030, 0.000454, 0.001174, 0.004321, 0.020024, 0.102401, 50.384318
0.000000, 0.000020, 0.000207, 0.000089, 0.000878, 0.004922, 0.018545, 0.102144, 50.195440
0.000000, 0.000000, 0.000059, 0.000454, 0.000937, 0.004843, 0.016315, 0.102766, 51.304711
0.000000, 0.000000, 0.000118, 0.000247, 0.001134, 0.003985, 0.016957, 0.087674, 51.360766
0.000000, 0.000020, 0.000049, 0.000197, 0.001125, 0.004153, 0.017479, 0.085632, 51.348796
0.000000, 0.000000, 0.000089, 0.000168, 0.001055, 0.003610, 0.013810, 0.079496, 52.209805
0.000000, 0.000049, 0.000079, 0.000365, 0.001302, 0.004182, 0.014471, 0.078894, 49.927204
0.000000, 0.000000, 0.000030, 0.000266, 0.001026, 0.003374, 0.013918, 0.073213, 52.709702
0.000000, 0.000000, 0.000089, 0.000138, 0.000957, 0.003403, 0.014560, 0.074100, 52.388207
0.000000, 0.000059, 0.000039, 0.000128, 0.000819, 0.002940, 0.010476, 0.059777, 51.002482
0.000000, 0.000000, 0.000059, 0.000089, 0.000444, 0.002506, 0.011285, 0.062372, 54.043931
0.000000, 0.000000, 0.000069, 0.000207, 0.001046, 0.003147, 0.011393, 0.060014, 52.750964
0.000030, 0.000000, 0.000030, 0.000128, 0.000799, 0.002880, 0.011048, 0.065923, 49.345884
0.000000, 0.000000, 0.000000, 0.000256, 0.001282, 0.003679, 0.012735, 0.075195, 52.913985
0.000000, 0.000000, 0.000059, 0.000227, 0.001213, 0.003462, 0.015152, 0.074643, 52.262727
0.000000, 0.000000, 0.000049, 0.000089, 0.000789, 0.003127, 0.012350, 0.070648, 53.443040
0.000000, 0.000000, 0.000039, 0.000306, 0.000819, 0.003443, 0.012488, 0.074436, 52.646233
0.000000, 0.000000, 0.000030, 0.000148, 0.000927, 0.003028, 0.010910, 0.058870, 53.700002
0.000000, 0.000030, 0.000197, 0.000148, 0.000799, 0.003186, 0.012192, 0.062135, 50.549665
0.000000, 0.000000, 0.000069, 0.000335, 0.001213, 0.003196, 0.015793, 0.078303, 51.834312
0.000000, 0.000030, 0.000030, 0.000217, 0.001420, 0.002792, 0.014155, 0.077070, 51.333723
0.000069, 0.000000, 0.000079, 0.000237, 0.000967, 0.004330, 0.016187, 0.086263, 46.210489
0.000000, 0.000000, 0.000099, 0.000237, 0.000878, 0.004034, 0.017144, 0.088295, 51.700021
0.000000, 0.000000, 0.000020, 0.000296, 0.001164, 0.004104, 0.017055, 0.085178, 52.227374
0.000000, 0.000000, 0.000049, 0.000217, 0.000888, 0.004340, 0.016523, 0.089025, 52.220997
0.000000, 0.000039, 0.000059, 0.000276, 0.000908, 0.002959, 0.015674, 0.080196, 50.793957
0.000000, 0.000010, 0.000089, 0.000335, 0.000917, 0.004173, 0.016020, 0.084093, 51.260541
0.000000, 0.000039, 0.000079, 0.000168, 0.001322, 0.003906, 0.015299, 0.084280, 50.502886
0.000000, 0.000000, 0.000020, 0.000266, 0.000819, 0.004163, 0.017835, 0.088315, 52.460394
0.000000, 0.000049, 0.000059, 0.000197, 0.001036, 0.003620, 0.017233, 0.091254, 50.410742
0.000000, 0.000000, 0.000109, 0.000286, 0.000710, 0.004459, 0.016720, 0.094687, 51.445677
0.000000, 0.000059, 0.000030, 0.000237, 0.000996, 0.003305, 0.013021, 0.072226, 50.590004
0.000000, 0.000030, 0.000000, 0.000128, 0.001263, 0.003522, 0.014155, 0.077740, 51.839240
0.000000, 0.000000, 0.000059, 0.000168, 0.000947, 0.004133, 0.016108, 0.081568, 52.365771
0.000000, 0.000059, 0.000089, 0.000237, 0.000838, 0.003758, 0.017775, 0.083018, 49.921118
0.000000, 0.000030, 0.000059, 0.000237, 0.000917, 0.003660, 0.016572, 0.085888, 51.027867
0.000000, 0.000069, 0.000109, 0.000276, 0.001036, 0.004360, 0.017588, 0.088621, 49.309934
0.000000, 0.000000, 0.000049, 0.000079, 0.000917, 0.004301, 0.017095, 0.088542, 52.607391
0.000000, 0.000000, 0.000089, 0.000266, 0.001125, 0.003640, 0.015951, 0.088818, 51.688246
0.000030, 0.000020, 0.000030, 0.000375, 0.000789, 0.003709, 0.016602, 0.084754, 48.334453
0.000000, 0.000000, 0.000059, 0.000197, 0.000947, 0.003443, 0.015734, 0.084389, 52.422251
0.000000, 0.000069, 0.000099, 0.000237, 0.000937, 0.004350, 0.017509, 0.087575, 49.493732
0.000000, 0.000039, 0.000079, 0.000375, 0.001065, 0.003719, 0.016789, 0.089499, 50.201095
0.000000, 0.000030, 0.000079, 0.000207, 0.001174, 0.004143, 0.016069, 0.084201, 50.752550
0.000000, 0.000030, 0.000030, 0.000187, 0.001105, 0.004419, 0.016986, 0.085839, 51.179140
0.000020, 0.000000, 0.000109, 0.000276, 0.001440, 0.004133, 0.016118, 0.088216, 49.009485
0.000000, 0.000000, 0.000118, 0.000247, 0.001085, 0.004626, 0.016759, 0.092310, 51.245332
0.000000, 0.000039, 0.000109, 0.000414, 0.001164, 0.005110, 0.020991, 0.151604, 49.283654
0.000000, 0.000000, 0.000099, 0.000335, 0.001785, 0.004962, 0.021119, 0.153153, 50.219281
0.000000, 0.000030, 0.000118, 0.000552, 0.001361, 0.005780, 0.021622, 0.163895, 49.020618
0.000000, 0.000000, 0.000109, 0.000217, 0.001026, 0.005741, 0.024059, 0.166312, 50.435944
===========END============
=========================================
=              Memory Manager           =
=========================================
* Block size            : 32440320 Bytes
* Number of blocks      : 5
* Free mem in last block: 15814076
* Total mem alloced     : 146387524 Bytes

* Recycle list          : 
[  0(38016)] = 1         [  2(2)] = 1         [  4(202756)] = 5         [  6(6)] = 2         
[  8(813320)] = 4         [  8(3244104)] = 2         [  8(811016)] = 2         [  8(1622024)] = 7         
[ 12(12)] = 1         [ 16(16)] = 4         [ 18(912402)] = 1         [ 20(20)] = 1         
[ 21(1714773)] = 1         [ 27(912411)] = 1         [ 32(101664)] = 7         [ 33(363361)] = 1         
[ 34(3170)] = 3         [ 40(1622056)] = 2         [ 52(3244148)] = 1         [ 58(92282)] = 1         
[ 59(1621947)] = 1         
* Recycled Memory       : 69278108 Bytes
* Inused Memory         : 77109416 Bytes
